6.890768260135939016e+00
6.988245431138876640e+00
6.964656577141159488e+00
7.281850702618144489e+00
6.804023426423434273e+00
6.766179257992448015e+00
7.068407934677377824e+00
6.477218415505670457e+00
6.287913050806410276e+00
6.830072308786316881e+00
5.514096330953632830e+00
6.008273439310819697e+00
6.542581757942128817e+00
6.604501622108612580e+00
6.757974521731667572e+00
6.887764279271182843e+00
6.090923241133821442e+00
5.886037584028069425e+00
5.994025741351987513e+00
6.797780872460830182e+00
6.198959417111652215e+00
7.145654188273267593e+00
4.104062124960176305e+00
5.563023748549268177e+00
6.408519861893522851e+00
6.783778517061493929e+00
5.408731117931075971e+00
4.025729828076691774e+00
6.978952670166534311e+00
3.904408593529723248e+00
6.232800950435390064e+00
6.999849661182691030e+00
5.807497754131889067e+00
4.450906291663069503e+00
7.047190152456038525e+00
6.073247835306918141e+00
5.975017246798641324e+00
6.893959003648460815e+00
7.003228544760283114e+00
6.973204465291519050e+00
4.216561018685024642e+00
6.898264845071351736e+00
6.505314699005851686e+00
6.485251458960815008e+00
7.114298334505863686e+00
5.316426638278142214e+00
4.180282181645200268e+00
6.886194529404713549e+00
6.687492377770131391e+00
6.794483469843513035e+00
7.335911562316666412e+00
3.671133467760713920e+00
7.150887485332088289e+00
7.155634732096086914e+00
7.175584616103471092e+00
5.690388093282088278e+00
6.404817610240567838e+00
6.963237340544206511e+00
6.676719481344106200e+00
4.937902588394631920e+00
7.074238472900418628e+00
6.451086680618299596e+00
6.933979537046147001e+00
6.463490067138757844e+00
4.756863065439054239e+00
4.827555483223110677e+00
7.142730992438004023e+00
4.959763709583103974e+00
6.936019047769289791e+00
7.113573260214609562e+00
7.047270380089304176e+00
6.669064656116081125e+00
5.325509892435202453e+00
6.862481094462694386e+00
3.806160125336729649e+00
7.025899653209008555e+00
6.079326627074205902e+00
6.143478955385684337e+00
5.006984032053576783e+00
5.610603270517007246e+00
6.919713263128256742e+00
6.461764624818359337e+00
6.421609206104342604e+00
7.153323438815428759e+00
6.900385258449395209e+00
6.685634085462913490e+00
6.797589137427987538e+00
7.202762357490334111e+00
6.307032067848327372e+00
5.273376618584276976e+00
5.626953191636735241e+00
6.913450373196960541e+00
7.106776364979046079e+00
6.871293227438526330e+00
5.617381104244337564e+00
5.079856569169685088e+00
6.745419370713296559e+00
6.046944257869920847e+00
6.176050205909196400e+00
6.803775579700446663e+00
6.363436065696840060e+00
7.025400524247304546e+00
4.547310388320125796e+00
6.906221269288922215e+00
6.088953305618060696e+00
6.456788255266308951e+00
6.113712829875631805e+00
6.824009698055215623e+00
6.061050207347159713e+00
7.042809313063769672e+00
7.268865246639174771e+00
6.956334932363848367e+00
5.711535354099568806e+00
7.115079628119288735e+00
4.678441568535745887e+00
6.802099720578616449e+00
4.652963284527887211e+00
7.171377529900189174e+00
6.119836467015762338e+00
6.067906450412671404e+00
6.329206374198890650e+00
7.048744851282837232e+00
6.914624363650275995e+00
6.330361053425660245e+00
7.258068481058524313e+00
5.446622378197846892e+00
6.666100622617363136e+00
5.526395068005953704e+00
7.251201467905197262e+00
5.893233506389327303e+00
7.296495381624787058e+00
6.955869777370288887e+00
6.830958810988412289e+00
7.230550562505909440e+00
5.305403099353719121e+00
6.303810814364083193e+00
6.130356825199266169e+00
5.764430010505378732e+00
7.269560454628883228e+00
5.003605841499121354e+00
4.613406311419756101e+00
7.032217296337446300e+00
7.104370079416942652e+00
7.267867827343730269e+00
6.736425210034034272e+00
6.112386043714790773e+00
7.014908712386976219e+00
6.696408856676328014e+00
6.993099773254298768e+00
7.113858695174123170e+00
4.998327052294171402e+00
6.778820545685904975e+00
6.960596779007178547e+00
7.071850962968692755e+00
7.138764896586216935e+00
5.854832014273206653e+00
6.299597128289574854e+00
6.319958848593659084e+00
7.023514715404559183e+00
6.911401284931155686e+00
6.927128001964202753e+00
6.720589653336375591e+00
6.308317856957613934e+00
6.501491976971639275e+00
4.209930009836422293e+00
6.988554226185466511e+00
4.802402747862037025e+00
3.761988386800357187e+00
5.589070311144277881e+00
7.030410861711867909e+00
6.367492369765408000e+00
7.256735441375475659e+00
6.756564300311362459e+00
6.696742484620576974e+00
7.248034975672609015e+00
6.073592199930061497e+00
5.125167394585716352e+00
7.126969361433994621e+00
4.941312815177800744e+00
6.918196648737668042e+00
6.829767838270399238e+00
6.629517975044939782e+00
6.503755028073943123e+00
6.970294314553858506e+00
5.181244520592429126e+00
6.964720723838778937e+00
7.143678384816290361e+00
7.108406022066864338e+00
6.470725805805776609e+00
6.730916712743872488e+00
6.999063017773282880e+00
6.979108397206151615e+00
7.193192568408047549e+00
5.262506289867266318e+00
6.799000803153548489e+00
5.796444339731735340e+00
7.094029202499190667e+00
6.434165105533224072e+00
5.533634984077403729e+00
6.738780823443773826e+00
6.971206409783509805e+00
5.525289444729597932e+00
4.421567205503700748e+00
6.973174874708897519e+00
7.061040861391164825e+00
5.835933294296375529e+00
6.029067217209478358e+00
5.905148015826413577e+00
6.979769342448435054e+00
7.103749699224649383e+00
6.638389445367668174e+00
6.615477604394078170e+00
4.175662004509395508e+00
6.577792157390342176e+00
6.256210090486918673e+00
7.105848089834830184e+00
6.520199913196874419e+00
6.256734374803985865e+00
7.080371974757774467e+00
6.868355189193001031e+00
5.156216989794403460e+00
4.689161645748117557e+00
5.725389384417097105e+00
6.988144819371663097e+00
6.726189285492841563e+00
7.104364790984742051e+00
6.620837668229365036e+00
6.991283451165635654e+00
7.247945765059425227e+00
7.184914175905654510e+00
5.801607372388154715e+00
7.001272656875062950e+00
6.972229449470332519e+00
5.245954098322285653e+00
6.321780081463304057e+00
7.014642279282896631e+00
6.204668028960721671e+00
5.731922280268486602e+00
5.241743080598393334e+00
7.154788699326552148e+00
6.590281569705908282e+00
5.398425331499305813e+00
5.400628912038487606e+00
3.980753816830014280e+00
7.198062654730840393e+00
6.878236682417626646e+00
4.035203684863321705e+00
6.730603153861302701e+00
7.216703250083644328e+00
5.500770418238651871e+00
6.972324018482756181e+00
7.065845140680115932e+00
5.717389235961316984e+00
4.115725546626463505e+00
7.053666479953936808e+00
4.579654847024682063e+00
7.279165467841465897e+00
6.068412923452911834e+00
6.316353551143593315e+00
7.047451764177467659e+00
5.438713692874831196e+00
7.245248087073341559e+00
6.979964115373967104e+00
5.984476405154660839e+00
7.259554161425898933e+00
5.954985966814422937e+00
5.977330447842518879e+00
6.502273840924493342e+00
6.965693585833257373e+00
6.884867653126319098e+00
6.980328027715015260e+00
5.889510970133217782e+00
4.623974630428617338e+00
5.231529774886178430e+00
7.117560103191492793e+00
7.112402428047342795e+00
6.374176342811128215e+00
5.429984791421726520e+00
6.822295531264641610e+00
7.054876767335391818e+00
7.242953270370589891e+00
7.317597155779006712e+00
6.509829990820739098e+00
5.574388287480352311e+00
6.253272138957928661e+00
7.036946073359624521e+00
5.984647035386997160e+00
7.002317062550451610e+00
7.010238489697580455e+00
7.243386008449648195e+00
6.751210368580190746e+00
4.779817298474187126e+00
7.228466551380710037e+00
6.121064298429717887e+00
7.247585580216765244e+00
7.113149897453399539e+00
6.787307049612685717e+00
7.129229797118193268e+00
6.682171392491142115e+00
7.128708398066733842e+00
5.359350769043562224e+00
6.868560483699120311e+00
4.506801230491300103e+00
7.259395757554560902e+00
6.889920274924455690e+00
6.726504815527827752e+00
6.525781832737600929e+00
6.871463064114726293e+00
7.080343146233570195e+00
5.232985961850362244e+00
6.130427168558391315e+00
6.437203901996850774e+00
6.120487832351516388e+00
6.239033577863327906e+00
6.744051672492251903e+00
6.649778455385646048e+00
7.248518823514976006e+00
5.414020238984557309e+00
5.130106955927047352e+00
7.106353818033348979e+00
6.886637077487060665e+00
5.994129070814592453e+00
6.690852718797774656e+00
6.500261049779995304e+00
7.361028032576719227e+00
6.237949266987151020e+00
7.103446490850398476e+00
6.848529447689493566e+00
7.039960438690507694e+00
5.453522346470611737e+00
6.245124141479053037e+00
6.369687338388996700e+00
6.411026109779037974e+00
6.579778437813948777e+00
5.131433456732367837e+00
7.094786484659249659e+00
7.096043752948958172e+00
6.703908740534261668e+00
7.053356158569930479e+00
7.268916535783972677e+00
6.202782663013078235e+00
7.043038400504986640e+00
6.935927228767326369e+00
6.951788168572985427e+00
6.660937861295559870e+00
4.568864351485929731e+00
4.650286190810371423e+00
6.211080635160220353e+00
6.034168792396862102e+00
5.220617403813250235e+00
6.713698055928848163e+00
6.639773003797651008e+00
7.016795119432958749e+00
6.009330977361780235e+00
7.266954173814959006e+00
6.969175120722908900e+00
4.263095218743619519e+00
6.826814298707467366e+00
6.901233698698433727e+00
4.497122411051252655e+00
6.965775376237014704e+00
7.038740003747088636e+00
5.965017308324153333e+00
6.873881406510944814e+00
5.123533424758239363e+00
5.884614938503698767e+00
6.897060305540527736e+00
7.177049960287112285e+00
7.270593379946149071e+00
6.812318201619330438e+00
7.276258431436129825e+00
6.571483698115562433e+00
6.435070044454732852e+00
6.664309884314341126e+00
6.920360485837423248e+00
7.022164237327266356e+00
7.272958132490797922e+00
6.981816801093782665e+00
6.038538445691227885e+00
6.882661169595358786e+00
6.814601867111220734e+00
6.940538638936999405e+00
6.040722812405874720e+00
6.872162463347299521e+00
6.850814298333747665e+00
5.755158519892184188e+00
5.742470112224788537e+00
6.776272663279696573e+00
7.243464279163165820e+00
5.819452797333657834e+00
6.960555905964837642e+00
6.511204695235523587e+00
6.213179888033814713e+00
4.867250196376144089e+00
7.115785889160662236e+00
6.907260291939465446e+00
7.033042452119980581e+00
6.964532820473522179e+00
6.491317731305947802e+00
6.193255323931606604e+00
6.239198803528405612e+00
7.161117748365271929e+00
5.227100935862696751e+00
4.545076051269724360e+00
6.770983056661748378e+00
7.214997144194091661e+00
5.318458426135713069e+00
4.914521383981711011e+00
6.957112962152299573e+00
5.633060310014789351e+00
4.591427325909073431e+00
6.875338541008899185e+00
5.622576772769230402e+00
7.276440687000244267e+00
6.427847138865951493e+00
7.225639348601875511e+00
6.074244967761902814e+00
6.864366006913676266e+00
7.271712671958690422e+00
7.007915935473570279e+00
6.970026601110983044e+00
7.073430010847435057e+00
5.766357670501488286e+00
6.596047015154888449e+00
6.967327491210262735e+00
5.146400422589695545e+00
5.397609908622101216e+00
7.156313986816644324e+00
7.309782872442218249e+00
6.456917041720752870e+00
7.143100967107176125e+00
7.197914468658963116e+00
7.060614448198008652e+00
6.978915478973764408e+00
3.957956719976268189e+00
6.054450163551562625e+00
6.988333604706456370e+00
4.993758074017590864e+00
5.423393169346880427e+00
5.506132265142992921e+00
7.034030877997998310e+00
6.876764085241894975e+00
7.062492943472910234e+00
5.998284166155759323e+00
6.990653426033093254e+00
6.939060843709535575e+00
6.910909532185982584e+00
4.135331612811852686e+00
4.334574476715618019e+00
6.827143750133265243e+00
6.575740367640176665e+00
6.806236532005921269e+00
6.971989164536121386e+00
6.236323508468867516e+00
6.354383490496306131e+00
6.369664530044730988e+00
6.797916786630601393e+00
6.263382785020908727e+00
5.011284508867014154e+00
7.261965822135186599e+00
6.991030655692540563e+00
6.973403902540959542e+00
6.905222810073657236e+00
4.728543109468503758e+00
7.220150307270460033e+00
6.650279650486998761e+00
6.979576591155737475e+00
5.890036801485081241e+00
5.198192227370205032e+00
6.412303655470067199e+00
6.797213941127085768e+00
7.242879849799267689e+00
7.005785750537890877e+00
5.905023568046900095e+00
6.816048611332901963e+00
7.260535017122756507e+00
6.073631812604692648e+00
5.948051932726873048e+00
7.108098312311164513e+00
6.761527245445451584e+00
5.348700527633870827e+00
6.479609563012719953e+00
7.219545856231698977e+00
7.035965479968503189e+00
7.104604370532578983e+00
7.077631427811510001e+00
6.332266609976501925e+00
6.412544948251531096e+00
4.466889850599748968e+00
6.762753238178558668e+00
6.914251293944738919e+00
7.266587874181215767e+00
6.709103659404862974e+00
5.356028726824075825e+00
5.403562491396672662e+00
6.055177751000790920e+00
6.460388911696048453e+00
6.755575488516532445e+00
5.871491637659303819e+00
6.579703481608358828e+00
6.256681495837828066e+00
4.665142514079843927e+00
5.361184722687514004e+00
7.248108151139538435e+00
7.014051070957400214e+00
6.719513460552351880e+00
6.923785784827977352e+00
6.969132239152280306e+00
5.259167674646905155e+00
5.904025920404147421e+00
5.644525128128690561e+00
7.096133974434264857e+00
7.121503313463396267e+00
5.653861768008592747e+00
7.252954905836868527e+00
6.351554100645520506e+00
6.485527565272093398e+00
6.620754159563036367e+00
6.183134566822479528e+00
6.951565837261405534e+00
7.188241540553751641e+00
6.915437748393006956e+00
6.748162885811890277e+00
5.594566990933020456e+00
6.468051289996653352e+00
5.757848011120104026e+00
6.677821933774140462e+00
7.034344092994122555e+00
4.589093065142885841e+00
7.277842853800706280e+00
5.305112446213360755e+00
7.209792101478404547e+00
6.905689622941128647e+00
6.016081627301054446e+00
6.884710020627530902e+00
5.693404779539474880e+00
6.978638349824851872e+00
5.467812812650428178e+00
7.275606810650183220e+00
7.110381873081474069e+00
7.303680907799543043e+00
5.761745544728155366e+00
6.979738092866488053e+00
6.056247968454004926e+00
6.744179773332560579e+00
6.146431290243394407e+00
4.970309009455065485e+00
5.498163106511555043e+00
7.235673488125864417e+00
7.190095953170080101e+00
6.842140411667958944e+00
5.701985008856849113e+00
6.295447549449708191e+00
5.938007190341515695e+00
7.243793157501239754e+00
6.606783783615474803e+00
6.295378080048765312e+00
7.017261410556737466e+00
6.864729022973143024e+00
7.276894725075242931e+00
4.979052760178027448e+00
4.863365128651028435e+00
6.862333907417854206e+00
6.763233371497650026e+00
6.930586631221034466e+00
5.894502317469750174e+00
7.117870513292194445e+00
6.974405340937741116e+00
6.275321939227284318e+00
6.729670061320629060e+00
6.555674413932740308e+00
5.440213235048846130e+00
6.303706198567175178e+00
7.122104950072351670e+00
5.232924921457009049e+00
6.271344278094439062e+00
5.148069638381296720e+00
6.548192138483208247e+00
7.311506357546061707e+00
7.261502230540804348e+00
6.938214951532768460e+00
5.044489097524602172e+00
6.441133615343652252e+00
7.204524105160432512e+00
7.256462778059656671e+00
7.118622839049095319e+00
6.875827470110429829e+00
7.215859245441206049e+00
6.473348452202590586e+00
7.114267903657057524e+00
7.173657237671492659e+00
6.887979642703777827e+00
5.907428374275632166e+00
6.893255052988054743e+00
6.842117003140196552e+00
6.173790740959567813e+00
6.050690235644452741e+00
7.138469600401023740e+00
6.963924141699838088e+00
5.845861299055677307e+00
3.922469465324126769e+00
7.022393045032131909e+00
6.952805892010723632e+00
7.213842840909135745e+00
7.075122391220183715e+00
7.246626556985201972e+00
7.258984750497281979e+00
7.078540330587085982e+00
6.812259512938629413e+00
7.016263619585600964e+00
7.113721845366104191e+00
7.095443590732216421e+00
6.665300221469528275e+00
5.633749721869312665e+00
5.330175848983436104e+00
5.058016244195768785e+00
6.368489262170591303e+00
6.506267345121674595e+00
6.670911632753291798e+00
7.294584433523603195e+00
6.921282507520099436e+00
6.910004915067025522e+00
7.333846754808081236e+00
5.650677213516679842e+00
7.116854673806574993e+00
7.010764935999937997e+00
7.199400984767468259e+00
7.039333458149855893e+00
6.449647904828222700e+00
6.899126932163979653e+00
5.766733769894472061e+00
5.052886717845962217e+00
7.040733482877310045e+00
5.159188267632792702e+00
5.538975025685349607e+00
7.306960238098247018e+00
6.971089016392117088e+00
5.801990334978429864e+00
6.886599949926944575e+00
7.264511822510023364e+00
6.627317912162361324e+00
5.809334495841838475e+00
6.566249667851636218e+00
7.150912681218492217e+00
7.256213858959586815e+00
7.296677254862070860e+00
5.485687677160971276e+00
6.276088104182688809e+00
4.714825062495295427e+00
6.241039543244291110e+00
6.992222093954598705e+00
6.784592245761244200e+00
5.389773827455345057e+00
7.284634439153650831e+00
6.939224677203423397e+00
6.745035295960891020e+00
6.687505210911286468e+00
7.069527624202195604e+00
6.588420651749771650e+00
7.051724810726983428e+00
6.905805457474854414e+00
5.020298935680168384e+00
7.253021955536602228e+00
6.374482226597484313e+00
7.071088930000018813e+00
6.127418760338154691e+00
5.805144337839203139e+00
6.418731371023207899e+00
6.864767974539213391e+00
6.907684904435085649e+00
7.116320080995979680e+00
7.081972418633899480e+00
6.713920302789563976e+00
6.856508966307766073e+00
7.247577912559266089e+00
6.729360044573099664e+00
6.935214572421212864e+00
6.988584159456415534e+00
6.952687690431676337e+00
6.992175485291211245e+00
6.981198017114365939e+00
4.465387695151580516e+00
6.641713213924358428e+00
3.742734781433868285e+00
4.063869271521260984e+00
7.018663881228782486e+00
7.281388701196950919e+00
7.141355241545062071e+00
5.776615437814826670e+00
5.934462792490834637e+00
5.540280718884281086e+00
3.797509529791708527e+00
7.157227811890493285e+00
6.916154243426294812e+00
4.751011140439343805e+00
7.152978511827823738e+00
5.226849675217714264e+00
7.066293624253878747e+00
5.002735121103236260e+00
7.178618550201363746e+00
7.097940341033895706e+00
6.535300521957464248e+00
5.936992807661376936e+00
5.464198179373163100e+00
6.977541172739266884e+00
7.252326645548493822e+00
5.691450402865038782e+00
7.085401732007763798e+00
5.418539370450560888e+00
6.539033949489937214e+00
6.930138411011213861e+00
6.798243978229536744e+00
7.290698075461358840e+00
6.753065872582160623e+00
7.035811439126808509e+00
7.056421648169829197e+00
6.753868959105038705e+00
3.994557241666703451e+00
5.754352461302938870e+00
6.895516734275750181e+00
6.743652985663514343e+00
5.856143723776277454e+00
6.422274970807403172e+00
6.024213035721492915e+00
7.136175211171829957e+00
5.842873567935208179e+00
6.582641235059297991e+00
5.171896121017467429e+00
6.684544839103123692e+00
6.110099208568240847e+00
7.260032047350181372e+00
6.525269961689557974e+00
6.877651176333288596e+00
6.841239744631285369e+00
7.105002448398078485e+00
6.977813976377847283e+00
6.398279794304380097e+00
7.114258891296439735e+00
5.948422863762196755e+00
7.036829568149468805e+00
4.473442794843085046e+00
6.144591115276350379e+00
7.060587469254913984e+00
6.793430586444241470e+00
6.940985825340726834e+00
6.267942963846395266e+00
6.105430148745772279e+00
3.964621880700762713e+00
7.020579189967397049e+00
6.994309131389096379e+00
6.940216339905410869e+00
6.222737966462604575e+00
5.948321350166019705e+00
7.154935253591011346e+00
6.387867587312696216e+00
5.289755359066687035e+00
6.841239802445682194e+00
5.789516325736459912e+00
6.280469255848291965e+00
5.043448980551428207e+00
6.465183934877941851e+00
4.727035750673357128e+00
7.157138020732515926e+00
6.637130152917999126e+00
6.469816396500389644e+00
6.517106844360439410e+00
6.613909352758905236e+00
6.825543419377718912e+00
6.816336381811789913e+00
6.328189480982835846e+00
6.997012656126443630e+00
6.767492596051869924e+00
7.047108352691015654e+00
6.247593233800409429e+00
6.952560230401269692e+00
7.081413804539155699e+00
7.168548885236043056e+00
6.253624151916059581e+00
7.181992879994833601e+00
6.093456625214352052e+00
7.272073564735591411e+00
6.369357528411055291e+00
7.110707363879473775e+00
6.728705723413025197e+00
5.010434806558086152e+00
6.954524256533011872e+00
6.983458393984326662e+00
7.115858301957076471e+00
7.265415582078311729e+00
6.032679125180898438e+00
7.112261193459033848e+00
7.109112755059873834e+00
3.893368953526239018e+00
6.617570253142512904e+00
7.152906896925238733e+00
7.148710992346411608e+00
6.419002975596060701e+00
6.977089839600381538e+00
4.622914954485318972e+00
7.000165928287385597e+00
6.633642982192787585e+00
7.048739359679738747e+00
5.853967527637517598e+00
7.107060203541433197e+00
5.982256183633451130e+00
5.132152969905193984e+00
7.243839949828195124e+00
7.313721823577296277e+00
6.658374601277100346e+00
7.247782726014526666e+00
6.163623265648038085e+00
5.430790128634563452e+00
6.531445686849319365e+00
6.986014405079171041e+00
6.757925745260816797e+00
7.161326768026620826e+00
7.108461850894721046e+00
6.989853709855895048e+00
6.300072561362850543e+00
6.933322397020095451e+00
6.143990090157531725e+00
5.261276149208972797e+00
7.169029207042307839e+00
5.662931738927018621e+00
4.267603234413710922e+00
7.071434985182740718e+00
4.413401460280478972e+00
5.996661183199457845e+00
6.802900762241226751e+00
5.356247405836300324e+00
5.701469827258660139e+00
5.474916820054699151e+00
7.062753662848432867e+00
7.125785929089570203e+00
5.403473580160312650e+00
7.043587359234244616e+00
6.444728972327650851e+00
6.975337036895393972e+00
6.649466897961487710e+00
7.258907529084046573e+00
6.803755373115858873e+00
6.194710323750839187e+00
3.875703244912292789e+00
6.557036071888309614e+00
4.610387551876814705e+00
7.104128628862587114e+00
4.042165535750529060e+00
6.581254077323919205e+00
7.061986000765755556e+00
6.975240063677126123e+00
6.653844720269190383e+00
6.968995006253784652e+00
7.112871323341852126e+00
5.813288281071371522e+00
6.054503982127920736e+00
6.867805275308505486e+00
7.065454138876332557e+00
6.970078076760787056e+00
6.078664160771953817e+00
6.962323540114833342e+00
6.867749338437691975e+00
7.238493968772457876e+00
4.819672812604190781e+00
6.775157024631582203e+00
7.244456262890163423e+00
6.924166544252939204e+00
4.813941673758003859e+00
6.171470796160009264e+00
7.007561229339138720e+00
6.125169747618656402e+00
6.797681443929999290e+00
6.432076602854075453e+00
5.542048465296162796e+00
6.185469849815931731e+00
7.006041641855894397e+00
7.311327376950633727e+00
4.431678584336477655e+00
6.946144903832887074e+00
7.034008452120572130e+00
4.543512500677134192e+00
6.315624615846799017e+00
4.784273649363728786e+00
6.329274212860298121e+00
6.205671719126686803e+00
6.249357353012801930e+00
5.388883972562952707e+00
4.889302051359354806e+00
5.607514775450445299e+00
4.787756595365929790e+00
6.981236518241903610e+00
6.111913402124821815e+00
6.991423023746312637e+00
6.288567826293800955e+00
6.859186802882105916e+00
7.078004623361973557e+00
6.988876996720615686e+00
7.246530450389242262e+00
6.214974804284797649e+00
5.682072898987101439e+00
4.595826352908629175e+00
6.189961912862652404e+00
6.228310466604101592e+00
6.980629878280396383e+00
6.955545566729458784e+00
5.421295659068733563e+00
4.023890841653607886e+00
7.040168914121133881e+00
6.856198446711138317e+00
7.032751374352933738e+00
5.312906569991609373e+00
6.987123031151256214e+00
6.748035780125453797e+00
6.948411183736812546e+00
7.001686581902871964e+00
6.777184703614390848e+00
6.148473463800529615e+00
5.479251072018305635e+00
5.242288936152313283e+00
5.224480969974886868e+00
5.352394570394306328e+00
7.147509582254834015e+00
6.544440121319919257e+00
5.194122361780038943e+00
5.713552360696740884e+00
5.971153864595546423e+00
4.913140250752729088e+00
7.101789329761284186e+00
6.445790860348806106e+00
7.203161096052379975e+00
6.892589706831115492e+00
4.917409130282181629e+00
6.849170335702698509e+00
7.267118204269408466e+00
6.983523228230712476e+00
5.838052346603902265e+00
7.115458501106084910e+00
6.468394062389188015e+00
5.278953925063346375e+00
7.002476256920427744e+00
6.335378957674498324e+00
5.200241173795445704e+00
6.844202947509471890e+00
6.418888979652300542e+00
5.826794756118729879e+00
4.743009742390505323e+00
6.384793648746832417e+00
4.531335941504933906e+00
7.270360149203191291e+00
7.306214867385736333e+00
6.813650185843610707e+00
6.443932554370143784e+00
5.402340778816960842e+00
4.178983617644482784e+00
5.405063979954324083e+00
5.553036500957356125e+00
6.473535314040391064e+00
6.965959215394974535e+00
7.069040531699787522e+00
5.178514885181170868e+00
7.028547378750769070e+00
6.999216861042124371e+00
7.063162487474886397e+00
7.023125637809384259e+00
6.991860711262595451e+00
6.626298992213199845e+00
6.622118073402033289e+00
6.030619503449917929e+00
6.817946733850743790e+00
5.963135517059348523e+00
5.806038421386412907e+00
7.299823227821704563e+00
6.159849331968787034e+00
4.941699777148439665e+00
7.036913076475031836e+00
6.736840105841023885e+00
5.430170944004194311e+00
4.161733862538778084e+00
7.181540694353222065e+00
6.270285079809081452e+00
6.476669647048087342e+00
6.782898562203159010e+00
5.633016061252281048e+00
5.587700078662540371e+00
7.251783910374496323e+00
5.656307934306256335e+00
6.806793513432113585e+00
7.013920502924671396e+00
6.483149617481316795e+00
6.791789604380896961e+00
5.622930860390185082e+00
6.517925375922827946e+00
7.093627214631570865e+00
7.110722316972760026e+00
6.406074503319132418e+00
5.374306472821920977e+00
6.270606892239565688e+00
6.512437086606215786e+00
7.042701384034654843e+00
5.462859620242825898e+00
7.122175688474278843e+00
