3.149637460708618164e+00
6.024470329284667969e+00
7.076461791992187500e+00
7.058361053466796875e+00
6.283710002899169922e+00
5.030780792236328125e+00
3.528271913528442383e+00
2.070859670639038086e+00
8.798806071281433105e-01
1.678139269351959229e-01
3.148810386657714844e+00
6.008625984191894531e+00
7.066011428833007812e+00
7.051215648651123047e+00
6.278285980224609375e+00
5.026207447052001953e+00
3.523926734924316406e+00
2.066651821136474609e+00
8.757369518280029297e-01
1.649262160062789917e-01
2.082279682159423828e+00
4.952834129333496094e+00
6.286640167236328125e+00
6.483774185180664062e+00
5.873917102813720703e+00
4.747616767883300781e+00
3.354232549667358398e+00
1.977351069450378418e+00
8.465640544891357422e-01
1.614596694707870483e-01
2.098860740661621094e+00
4.954829216003417969e+00
6.277000904083251953e+00
6.473189353942871094e+00
5.859562397003173828e+00
4.740407466888427734e+00
3.338519096374511719e+00
1.965071678161621094e+00
8.302212953567504883e-01
1.574181318283081055e-01
1.747472763061523438e+00
4.283122539520263672e+00
5.588092803955078125e+00
5.869374275207519531e+00
5.380905628204345703e+00
4.385048866271972656e+00
3.122836589813232422e+00
1.851430535316467285e+00
7.933377027511596680e-01
1.527591198682785034e-01
1.760156869888305664e+00
4.298476696014404297e+00
5.590012073516845703e+00
5.863671779632568359e+00
5.368144989013671875e+00
4.376528739929199219e+00
3.103988885879516602e+00
1.835405111312866211e+00
7.727877497673034668e-01
1.473888009786605835e-01
1.530658364295959473e+00
3.741351842880249023e+00
4.905070304870605469e+00
5.190154075622558594e+00
4.794622421264648438e+00
3.937074184417724609e+00
2.825272083282470703e+00
1.688872218132019043e+00
7.256742715835571289e-01
1.411558985710144043e-01
1.542968750000000000e+00
3.759806394577026367e+00
4.912424564361572266e+00
5.187378406524658203e+00
4.783153057098388672e+00
3.926401853561401367e+00
2.804203987121582031e+00
1.667333841323852539e+00
7.017644047737121582e-01
1.338429749011993408e-01
1.315181255340576172e+00
3.172491788864135742e+00
4.146725654602050781e+00
4.397274494171142578e+00
4.089414596557617188e+00
3.383558750152587891e+00
2.455497503280639648e+00
1.478695750236511230e+00
6.479390263557434082e-01
1.251516342163085938e-01
1.330384254455566406e+00
3.203112602233886719e+00
4.160608291625976562e+00
4.395983695983886719e+00
4.070774555206298828e+00
3.369322776794433594e+00
2.419857025146484375e+00
1.448252677917480469e+00
6.012711524963378906e-01
1.146765425801277161e-01
1.064576625823974609e+00
2.538449764251708984e+00
3.287845134735107422e+00
3.479372501373291016e+00
3.248120069503784180e+00
2.725152254104614258e+00
1.987635970115661621e+00
1.210119962692260742e+00
5.340566635131835938e-01
1.018571704626083374e-01
1.086117148399353027e+00
2.557987451553344727e+00
3.297331571578979492e+00
3.479022264480590820e+00
3.238153457641601562e+00
2.705674409866333008e+00
1.963663220405578613e+00
1.182305932044982910e+00
5.038363933563232422e-01
8.588189631700515747e-02
7.928302884101867676e-01
1.813620328903198242e+00
2.322968006134033203e+00
2.462647438049316406e+00
2.318665504455566406e+00
1.955414652824401855e+00
1.477702379226684570e+00
9.240507483482360840e-01
4.251204729080200195e-01
8.588189631700515747e-02
8.191963434219360352e-01
1.861470341682434082e+00
2.344675779342651367e+00
2.462216615676879883e+00
2.295202493667602539e+00
1.932883739471435547e+00
1.417173624038696289e+00
8.682979345321655273e-01
3.433173894882202148e-01
6.547870486974716187e-02
4.966649115085601807e-01
1.093258380889892578e+00
1.383409142494201660e+00
1.466596722602844238e+00
1.389383077621459961e+00
1.183569669723510742e+00
9.177255630493164062e-01
6.069337725639343262e-01
2.844885587692260742e-01
6.547870486974716187e-02
5.290799140930175781e-01
1.134553194046020508e+00
1.402479767799377441e+00
1.466288685798645020e+00
1.369896054267883301e+00
1.158165454864501953e+00
8.635380864143371582e-01
5.380740761756896973e-01
2.013477236032485962e-01
3.840174525976181030e-02
2.022380679845809937e-01
4.470188915729522705e-01
5.856231451034545898e-01
6.268991827964782715e-01
6.040778160095214844e-01
5.206797719001770020e-01
4.207147657871246338e-01
2.837052941322326660e-01
2.013477236032485962e-01
3.840174525976181030e-02
2.409258931875228882e-01
5.054960250854492188e-01
6.105811595916748047e-01
6.266188621520996094e-01
5.745052099227905273e-01
4.933555424213409424e-01
3.419799208641052246e-01
2.013477236032485962e-01
3.011982515454292297e-02
0.000000000000000000e+00
3.857155516743659973e-02
8.525701612234115601e-02
1.099298894405364990e-01
1.195966973900794983e-01
1.162095293402671814e-01
9.930588304996490479e-02
8.486153185367584229e-02
6.522361189126968384e-02
3.840174525976181030e-02
3.840174525976181030e-02
6.553336977958679199e-02
9.971832484006881714e-02
1.164521872997283936e-01
1.195109561085700989e-01
1.095716506242752075e-01
8.486153185367584229e-02
6.522361189126968384e-02
3.840174525976181030e-02
0.000000000000000000e+00
0.000000000000000000e+00
6.549382686614990234e+00
7.498830795288085938e+00
7.880011081695556641e+00
7.535213947296142578e+00
6.575883865356445312e+00
5.207605838775634766e+00
3.634285926818847656e+00
2.126770496368408203e+00
9.010105729103088379e-01
1.723882853984832764e-01
6.513232231140136719e+00
7.474680900573730469e+00
7.866545677185058594e+00
7.527684211730957031e+00
6.571720600128173828e+00
5.205374240875244141e+00
3.632643461227416992e+00
2.125508308410644531e+00
8.999350666999816895e-01
1.716387867927551270e-01
8.337698936462402344e+00
8.500787734985351562e+00
8.370490074157714844e+00
7.751009464263916016e+00
6.659156799316406250e+00
5.231938838958740234e+00
3.636528968811035156e+00
2.123794078826904297e+00
8.976804614067077637e-01
1.709158122539520264e-01
8.326943397521972656e+00
8.465756416320800781e+00
8.347419738769531250e+00
7.740323066711425781e+00
6.654540538787841797e+00
5.232528209686279297e+00
3.639717102050781250e+00
2.127228498458862305e+00
9.028586745262145996e-01
1.721963882446289062e-01
8.792641639709472656e+00
8.689471244812011719e+00
8.317926406860351562e+00
7.575417041778564453e+00
6.452408313751220703e+00
5.052464485168457031e+00
3.508627414703369141e+00
2.049947023391723633e+00
8.621110916137695312e-01
1.644248664379119873e-01
8.789049148559570312e+00
8.675886154174804688e+00
8.308492660522460938e+00
7.573485374450683594e+00
6.457357406616210938e+00
5.057798385620117188e+00
3.521544456481933594e+00
2.061497211456298828e+00
8.772630095481872559e-01
1.683845072984695435e-01
8.316954612731933594e+00
8.135068893432617188e+00
7.706469058990478516e+00
6.971981048583984375e+00
5.923812389373779297e+00
4.642357349395751953e+00
3.232615947723388672e+00
1.894286155700683594e+00
7.938078641891479492e-01
1.513978391885757446e-01
8.316085815429687500e+00
8.132997512817382812e+00
7.707781791687011719e+00
6.978938102722167969e+00
5.937217235565185547e+00
4.653553485870361328e+00
3.254328012466430664e+00
1.916284680366516113e+00
8.181365132331848145e-01
1.588388234376907349e-01
7.178072929382324219e+00
6.997180461883544922e+00
6.607787609100341797e+00
5.973180294036865234e+00
5.083408832550048828e+00
4.008863925933837891e+00
2.801298379898071289e+00
1.649969816207885742e+00
6.803930997848510742e-01
1.297669708728790283e-01
7.178554058074951172e+00
7.001801967620849609e+00
6.617650508880615234e+00
5.988249301910400391e+00
5.114840030670166016e+00
4.027002334594726562e+00
2.844224452972412109e+00
1.685509681701660156e+00
7.341144084930419922e-01
1.418252736330032349e-01
5.633825778961181641e+00
5.489568233489990234e+00
5.184917926788330078e+00
4.697882175445556641e+00
4.025130271911621094e+00
3.204298973083496094e+00
2.260386466979980469e+00
1.337890982627868652e+00
5.662040710449218750e-01
9.602832049131393433e-02
5.635065555572509766e+00
5.493833065032958984e+00
5.192749023437500000e+00
4.710481643676757812e+00
4.043828487396240234e+00
3.230305910110473633e+00
2.290199518203735352e+00
1.371098875999450684e+00
6.015990972518920898e-01
1.147390902042388916e-01
3.904388666152954102e+00
3.802608489990234375e+00
3.599084615707397461e+00
3.274323701858520508e+00
2.816599369049072266e+00
2.264168500900268555e+00
1.612972259521484375e+00
9.711846113204956055e-01
3.800188302993774414e-01
7.247852534055709839e-02
3.905863761901855469e+00
3.813097953796386719e+00
3.617012023925781250e+00
3.298650026321411133e+00
2.861063241958618164e+00
2.294161081314086914e+00
1.687690258026123047e+00
1.036996483802795410e+00
4.744376242160797119e-01
9.602832049131393433e-02
2.273386716842651367e+00
2.215117692947387695e+00
2.100817680358886719e+00
1.918607711791992188e+00
1.659548163414001465e+00
1.340850830078125000e+00
9.717682003974914551e-01
5.946578383445739746e-01
2.200738042593002319e-01
4.197324812412261963e-02
2.275015354156494141e+00
2.223890066146850586e+00
2.116350173950195312e+00
1.943164110183715820e+00
1.696435213088989258e+00
1.374355673789978027e+00
1.037772536277770996e+00
6.744697093963623047e-01
3.137414455413818359e-01
7.247852534055709839e-02
9.607614278793334961e-01
9.335050582885742188e-01
8.812496662139892578e-01
8.029086589813232422e-01
6.836674213409423828e-01
5.674884915351867676e-01
3.801828026771545410e-01
2.200738042593002319e-01
3.292107954621315002e-02
0.000000000000000000e+00
9.624662995338439941e-01
9.455448985099792480e-01
9.013352394104003906e-01
8.300109505653381348e-01
7.394624352455139160e-01
6.032382845878601074e-01
4.749778211116790771e-01
3.138374686241149902e-01
2.200738042593002319e-01
4.197324812412261963e-02
1.823768317699432373e-01
1.773602068424224854e-01
1.680750399827957153e-01
1.531335711479187012e-01
1.303914487361907959e-01
9.615342319011688232e-02
7.250980287790298462e-02
4.197324812412261963e-02
0.000000000000000000e+00
0.000000000000000000e+00
1.835649609565734863e-01
1.803376525640487671e-01
1.733240187168121338e-01
1.614228785037994385e-01
1.429152190685272217e-01
1.150517314672470093e-01
9.615342319011688232e-02
7.250980287790298462e-02
4.197324812412261963e-02
4.197324812412261963e-02
