-1.729022502899169922e+00 -1.218604207038879395e+00 7.075987458229064941e-01 3.752538189291954041e-02 4.686091095209121704e-02 -1.087996959686279297e+00 -7.214960642158985138e-03 1.450553774833679199e+00 -1.126841664314270020e+00 -6.227367520332336426e-01 1.244697451591491699e+00 3.956332802772521973e-01
-6.583545207977294922e-01 -1.261340975761413574e-01 -2.264162540435791016e+00 -1.804656833410263062e-01 -2.018788009881973267e-01 -1.510047078132629395e+00 1.775406718254089355e+00 -6.703032255172729492e-01 2.218080312013626099e-01 5.396198034286499023e-01 -1.175099134445190430e+00 3.802459836006164551e-01
1.576246134936809540e-02 5.506905317306518555e-01 -6.024426817893981934e-01 6.210582852363586426e-01 3.505253791809082031e-01 5.996971130371093750e-01 -1.470085885375738144e-02 3.199978470802307129e-01 -1.319187045097351074e+00 -1.796482503414154053e-01 3.394285142421722412e-01 -2.609560191631317139e-01
-1.156204938888549805e+00 6.177904605865478516e-01 1.384979605674743652e+00 6.789564490318298340e-01 -8.575859665870666504e-01 9.107806682586669922e-01 7.075938582420349121e-02 8.062690496444702148e-01 -8.130791783332824707e-01 2.862428665161132812e+00 3.542641699314117432e-01 -3.733478188514709473e-01
7.461259961128234863e-01 6.619737148284912109e-01 -1.226571679115295410e+00 2.666490316390991211e+00 2.492936372756958008e+00 2.488291740417480469e+00 -2.709880843758583069e-02 4.152303636074066162e-01 9.033139944076538086e-01 3.654260337352752686e-01 5.723350048065185547e-01 3.940618932247161865e-01
8.544325083494186401e-02 9.855048656463623047e-01 -9.260875731706619263e-02 -1.417710423469543457e+00 -7.095714807510375977e-01 -1.864910572767257690e-01 -2.282499074935913086e+00 6.900795102119445801e-01 5.060638189315795898e-01 6.019238233566284180e-01 4.589952826499938965e-01 9.830842018127441406e-01
-2.149477154016494751e-01 -1.005592942237854004e-01 6.673157811164855957e-01 1.452890872955322266e+00 2.932867407798767090e-01 3.147767186164855957e-01 5.927897095680236816e-01 -1.292120218276977539e+00 3.444604575634002686e-01 8.363175988197326660e-01 -9.528816938400268555e-01 -9.363754987716674805e-01
-7.995219230651855469e-01 4.911935925483703613e-01 2.039778947830200195e+00 -4.079191982746124268e-01 7.591031193733215332e-01 7.919788956642150879e-01 3.021875619888305664e+00 4.556864798069000244e-01 -1.151663541793823242e+00 -9.354744553565979004e-01 5.256802439689636230e-01 -3.098618388175964355e-01
1.138233184814453125e+00 -1.552664637565612793e+00 5.383389592170715332e-01 7.864908576011657715e-01 -2.811113834381103516e+00 -1.976421952247619629e+00 -8.259612917900085449e-01 -4.415009915828704834e-02 3.726524114608764648e-01 -1.576242804527282715e+00 1.196480616927146912e-01 -9.563706517219543457e-01
1.578464746475219727e+00 4.585891962051391602e-01 8.569352626800537109e-01 -1.722775697708129883e+00 -1.025617197155952454e-01 6.359116435050964355e-01 1.041614770889282227e+00 9.469547867774963379e-02 3.039132058620452881e-01 -8.111148476600646973e-01 3.640868887305259705e-02 -1.274390101432800293e+00
-4.748207926750183105e-01 5.699120759963989258e-01 1.317759394645690918e+00 -6.446693539619445801e-01 7.715250253677368164e-01 -8.820393681526184082e-01 -3.812263309955596924e-01 -3.019705712795257568e-01 -9.014621376991271973e-01 -8.170170187950134277e-01 -1.891957521438598633e+00 -1.637860983610153198e-01
4.445692598819732666e-01 2.682754993438720703e-01 9.214714169502258301e-01 5.225751996040344238e-01 6.347797513008117676e-01 6.340270042419433594e-01 4.899133145809173584e-01 -1.443597912788391113e+00 -2.236609160900115967e-02 1.464313149452209473e+00 1.862269997596740723e+00 2.002325505018234253e-01
-4.828912913799285889e-01 4.561283886432647705e-01 -1.368027087301015854e-02 3.594462573528289795e-01 1.690566182136535645e+00 -1.543395519256591797e+00 -6.652739644050598145e-01 1.985634267330169678e-01 7.474507391452789307e-02 -2.697857618331909180e-01 -3.531175553798675537e-01 -8.812537789344787598e-02
9.081419557332992554e-02 1.830738782882690430e+00 1.089631080627441406e+00 2.887023389339447021e-01 -1.309043526649475098e+00 3.564525544643402100e-01 7.895777821540832520e-01 8.989769220352172852e-01 -3.595206737518310547e-01 1.620296597480773926e+00 -1.094498753547668457e+00 -2.985179424285888672e-01
2.517414093017578125e+00 4.682627916336059570e-01 4.577536880970001221e-01 4.919761326164007187e-03 1.217878341674804688e+00 -5.231029987335205078e-01 3.888570964336395264e-01 5.795663595199584961e-01 6.634243726730346680e-01 5.226594209671020508e-02 9.608149528503417969e-01 6.641343235969543457e-01
5.867828130722045898e-01 -1.386905074119567871e+00 9.460548162460327148e-01 4.582365453243255615e-01 1.615023255348205566e+00 8.135328888893127441e-01 1.071203947067260742e-01 -4.997820258140563965e-01 1.085312366485595703e+00 1.626236289739608765e-01 1.041434168815612793e+00 6.793470978736877441e-01
-9.096355438232421875e-01 3.855209052562713623e-01 6.642337441444396973e-01 -1.635901689529418945e+00 -5.325884819030761719e-01 -2.134912163019180298e-01 7.754892110824584961e-02 7.477980256080627441e-01 6.378317475318908691e-01 2.030658125877380371e-01 4.353869855403900146e-01 5.490048527717590332e-01
-2.272810935974121094e-01 1.165579725056886673e-02 1.692258238792419434e+00 9.125860929489135742e-01 -7.886023074388504028e-02 1.933711767196655273e-01 -3.866739273071289062e-01 -2.461923658847808838e-02 4.896558821201324463e-01 9.298367500305175781e-01 -9.905551075935363770e-01 -3.280222881585359573e-03
6.508241295814514160e-01 -1.072693616151809692e-01 -7.754910588264465332e-01 7.290722727775573730e-01 1.136872649192810059e+00 -7.446577548980712891e-01 -1.042382240295410156e+00 -9.844800829887390137e-01 1.098376035690307617e+00 4.758772253990173340e-01 6.813321113586425781e-01 1.292385160923004150e-01
2.945185601711273193e-01 -6.680644154548645020e-01 -1.820527672767639160e+00 -3.603554964065551758e-01 2.750589251518249512e-01 -4.515144526958465576e-01 1.595210194587707520e+00 -9.164599776268005371e-01 -1.124801300466060638e-02 1.308860898017883301e+00 -9.898660182952880859e-01 -9.376990199089050293e-01
-1.418928027153015137e+00 -7.197358459234237671e-02 -8.314425945281982422e-01 2.127009183168411255e-01 -1.547468900680541992e-01 1.057144403457641602e+00 -8.752309530973434448e-02 1.941090106964111328e+00 2.051912546157836914e-01 -2.109415233135223389e-01 -1.474243760108947754e+00 -4.505082964897155762e-01
1.237760037183761597e-01 3.429153561592102051e-02 -1.278630733489990234e+00 -9.002798795700073242e-01 -5.299552679061889648e-01 -1.115412414073944092e-01 2.672710120677947998e-01 -3.532780408859252930e-01 7.762579917907714844e-01 -4.067859947681427002e-01 -1.129589788615703583e-02 8.006843328475952148e-01
1.194961071014404297e+00 -1.237346172332763672e+00 1.175047039985656738e+00 -7.066029906272888184e-01 9.588256478309631348e-02 2.634548768401145935e-02 -1.262050509452819824e+00 1.287682771682739258e+00 -1.540265083312988281e-01 3.222580552101135254e-01 -8.559904694557189941e-01 9.623753428459167480e-01
1.324575543403625488e-01 -1.941313147544860840e+00 9.115387201309204102e-01 -1.314449071884155273e+00 -8.973425030708312988e-01 -4.146751463413238525e-01 4.483487606048583984e-01 -1.992875576019287109e+00 5.096146836876869202e-03 -1.980207920074462891e+00 -1.054079174995422363e+00 -5.852155685424804688e-01
-1.038788437843322754e+00 -1.297113180160522461e+00 -2.338515073060989380e-01 1.674446821212768555e+00 1.910920023918151855e+00 2.166019380092620850e-01 -1.689666986465454102e+00 1.263315558433532715e+00 4.513632133603096008e-02 2.339558899402618408e-01 -7.662482857704162598e-01 -3.542719781398773193e-01
1.067486524581909180e+00 -4.912252426147460938e-01 1.975644350051879883e+00 -7.058252096176147461e-01 -4.087288975715637207e-01 5.382316708564758301e-01 -1.376572996377944946e-01 8.643533587455749512e-01 7.426331043243408203e-01 5.842083692550659180e-02 1.437950730323791504e+00 -9.351481795310974121e-01
-2.742866754531860352e+00 2.254982106387615204e-02 -9.141243100166320801e-01 -2.634365558624267578e-01 -2.378297805786132812e+00 1.172657370567321777e+00 8.739238604903221130e-03 -1.051169276237487793e+00 2.400856971740722656e+00 -7.358632087707519531e-01 -4.557682573795318604e-02 7.564847469329833984e-01
1.429145693778991699e+00 1.419433832168579102e+00 1.942082405090332031e+00 9.824056029319763184e-01 -1.818061947822570801e+00 2.460248947143554688e+00 -4.904804378747940063e-02 1.625067591667175293e+00 3.275469541549682617e-01 4.270409047603607178e-01 -1.187559247016906738e+00 -3.691609501838684082e-01
-2.698901593685150146e-01 -9.308068752288818359e-01 -1.569121718406677246e+00 -7.155721187591552734e-01 6.652749776840209961e-01 -4.479542672634124756e-01 2.766726315021514893e-01 -7.902902364730834961e-01 9.141682386398315430e-01 -7.817672491073608398e-01 -4.204706251621246338e-01 -1.024073839187622070e+00
2.157186567783355713e-01 1.398774504661560059e+00 6.699737906455993652e-01 6.722817420959472656e-01 -2.683532238006591797e-01 -2.080271959304809570e+00 -1.274203658103942871e+00 1.283224523067474365e-01 5.497101545333862305e-01 -5.705316066741943359e-01 2.732589244842529297e-01 -3.952249288558959961e-01
-2.260637581348419189e-01 2.079231500625610352e+00 -1.717271208763122559e+00 3.611038923263549805e-01 -1.133698463439941406e+00 2.116649597883224487e-01 -5.612266659736633301e-01 -1.112740874290466309e+00 -3.100748062133789062e-01 -2.064703963696956635e-02 -7.551188468933105469e-01 1.252295017242431641e+00
-1.138898849487304688e+00 9.008260965347290039e-01 -3.530948609113693237e-02 -1.285062432289123535e+00 -8.632868528366088867e-01 4.100265502929687500e-01 -1.488407850265502930e+00 9.259627014398574829e-02 -1.125044584274291992e+00 7.556155323982238770e-02 5.941699743270874023e-01 7.098212838172912598e-01
-4.471275508403778076e-01 -1.668377965688705444e-01 2.143844813108444214e-01 1.069008946418762207e+00 5.231353640556335449e-01 1.583139151334762573e-01 4.595979452133178711e-01 1.854948163032531738e+00 1.387272775173187256e-01 6.984195709228515625e-01 -8.687963336706161499e-02 -5.161170959472656250e-01
8.964238166809082031e-01 2.237826399505138397e-02 -1.015810132026672363e+00 1.610510945320129395e-01 6.925038099288940430e-01 -1.165317893028259277e+00 1.036042451858520508e+00 7.030172348022460938e-01 -1.148336648941040039e+00 -2.554489672183990479e-01 2.017929553985595703e+00 -5.457579493522644043e-01
4.352986440062522888e-02 2.690128087997436523e+00 -4.225543141365051270e-01 4.022133350372314453e+00 2.010454833507537842e-01 -8.126733303070068359e-01 -1.379062533378601074e-01 -2.462369203567504883e-01 6.564848590642213821e-03 5.432426929473876953e-01 5.043048262596130371e-01 8.518515825271606445e-01
1.138608098030090332e+00 -6.453073620796203613e-01 9.725542664527893066e-01 -4.283644258975982666e-01 -1.819353550672531128e-01 6.701141595840454102e-01 -1.364061355590820312e+00 -1.670706868171691895e+00 1.337555885314941406e+00 -1.556151747703552246e+00 -1.292470395565032959e-01 -5.952810049057006836e-01
2.352030724287033081e-01 -7.998680472373962402e-01 -6.802993416786193848e-01 -4.114537239074707031e-01 1.438266515731811523e+00 2.130534052848815918e-01 -4.643239676952362061e-01 1.490453958511352539e+00 1.387170791625976562e+00 8.797573447227478027e-01 -6.717742085456848145e-01 1.077899813652038574e+00
-1.374778032302856445e+00 2.939212918281555176e-01 2.971358597278594971e-01 -9.302923828363418579e-02 -9.153534770011901855e-01 7.207284681499004364e-03 5.281137228012084961e-01 2.736202180385589600e-01 1.710152745246887207e+00 1.181469798088073730e+00 1.529279589653015137e+00 3.786923587322235107e-01
2.363648712635040283e-01 1.700457453727722168e+00 -2.509075641632080078e+00 6.727625727653503418e-01 6.931062936782836914e-01 1.044823527336120605e+00 -1.273741006851196289e+00 6.651266813278198242e-01 -4.627873376011848450e-02 1.234710812568664551e+00 -2.428934723138809204e-01 -1.625953614711761475e-01
-1.127008676528930664e+00 -1.070290923118591309e+00 -8.078287839889526367e-01 -3.532885611057281494e-01 1.819094419479370117e+00 -5.154516696929931641e-01 -1.269142985343933105e+00 6.723674535751342773e-01 1.120579481124877930e+00 -4.308067858219146729e-01 -4.657398536801338196e-02 9.646999835968017578e-02
-8.754230737686157227e-01 2.818334817886352539e+00 9.243754297494888306e-02 8.789464831352233887e-01 3.061547875404357910e-01 5.280345082283020020e-01 -5.102931261062622070e-01 -1.270968914031982422e+00 -1.159986615180969238e+00 -4.037205278873443604e-01 1.360947191715240479e-01 -1.010834425687789917e-01
5.757579207420349121e-01 -1.301864862442016602e+00 -9.443364292383193970e-02 -4.546068310737609863e-01 -5.711330771446228027e-01 -3.332352042198181152e-01 2.588717937469482422e-01 -1.647658348083496094e-01 1.809215188026428223e+00 2.172776013612747192e-01 1.679711937904357910e+00 6.464800983667373657e-02
6.697532534599304199e-01 1.048337519168853760e-01 4.085095226764678955e-01 -4.293825924396514893e-01 -1.576769948005676270e+00 5.468035340309143066e-01 -1.129505395889282227e+00 -1.141883850097656250e+00 1.251764893531799316e-01 7.337263226509094238e-01 7.981202602386474609e-01 1.258902192115783691e+00
-1.607761621475219727e+00 -6.265833973884582520e-01 4.812583327293395996e-01 -3.145098090171813965e-01 2.003956399857997894e-02 -3.021942973136901855e-01 9.056467413902282715e-01 -1.739103794097900391e+00 5.394752025604248047e-01 8.337031602859497070e-01 -8.997338414192199707e-01 2.908228039741516113e-01
-7.888120412826538086e-01 5.106710791587829590e-01 2.384419202804565430e+00 -2.230211496353149414e-01 2.939151823520660400e-01 -8.487414717674255371e-01 8.374347090721130371e-01 -1.120943427085876465e+00 3.847832977771759033e-01 1.599155783653259277e+00 2.536411762237548828e+00 1.050792932510375977e+00
4.665970504283905029e-01 1.381189227104187012e+00 -7.239568233489990234e-01 2.196725130081176758e+00 7.246538400650024414e-01 1.535891294479370117e+00 -6.962494254112243652e-01 -4.254970848560333252e-01 7.477753758430480957e-01 -4.128995239734649658e-01 5.686794519424438477e-01 1.128936886787414551e+00
8.189145922660827637e-01 -2.362828403711318970e-01 -1.656953692436218262e+00 -4.575682580471038818e-01 -1.503669321537017822e-01 1.129469633102416992e+00 6.624499559402465820e-01 -8.489718288183212280e-02 1.514926910400390625e+00 -4.258886873722076416e-01 4.468143284320831299e-01 -9.059055447578430176e-01
-7.256067395210266113e-01 -1.303541302680969238e+00 -5.495195984840393066e-01 -1.134366635233163834e-02 6.461130976676940918e-01 -2.396847754716873169e-01 -8.954453468322753906e-01 2.630217969417572021e-01 1.985299140214920044e-01 9.582695364952087402e-01 -1.925883740186691284e-01 -1.287257671356201172e+00
-1.797843456268310547e+00 -1.377163290977478027e+00 -8.727947622537612915e-02 -5.621339380741119385e-02 -4.907686710357666016e-01 -7.860611677169799805e-01 3.236466944217681885e-01 -2.915157675743103027e-01 -8.949101567268371582e-01 1.533450841903686523e+00 5.794469714164733887e-01 -4.695361256599426270e-01
-2.884277999401092529e-01 -6.910027470439672470e-03 -4.065586626529693604e-01 -4.082422256469726562e-01 -1.111145615577697754e+00 -6.841576099395751953e-02 8.707422018051147461e-02 5.040158629417419434e-01 4.954574406147003174e-01 -9.689688086509704590e-01 9.033179879188537598e-01 -1.115822315216064453e+00
