3.149637542089796405e+00
6.024470286223908566e+00
7.076461773028926316e+00
7.058360924656252422e+00
6.283710139984302501e+00
5.030780671431255513e+00
3.528271843210740943e+00
2.070859647468751064e+00
8.798805798667310718e-01
1.678139205544871559e-01
3.148810341410226421e+00
6.008625820472523138e+00
7.066011283662373188e+00
7.051215432939198280e+00
6.278286137000908873e+00
5.026207553831090635e+00
3.523926722735736927e+00
2.066651776015859365e+00
8.757369769003678917e-01
1.649262149707463876e-01
2.082279791082908282e+00
4.952834177056889331e+00
6.286640341047981195e+00
6.483774337138752841e+00
5.873917243207600336e+00
4.747616804136750801e+00
3.354232468810734336e+00
1.977351021429330835e+00
8.465640482851072290e-01
1.614596744079971058e-01
2.098860805112601202e+00
4.954829011854039678e+00
6.277001046957698449e+00
6.473189430469821204e+00
5.859562293264632515e+00
4.740407563285335968e+00
3.338519011891506238e+00
1.965071711162000190e+00
8.302212900406723550e-01
1.574181339223116038e-01
1.747472739096738614e+00
4.283122743988365677e+00
5.588092659357693393e+00
5.869374168061959551e+00
5.380905477418973071e+00
4.385049007156276879e+00
3.122836472791151063e+00
1.851430587763561952e+00
7.933376859475531617e-01
1.527591260723363265e-01
1.760156911730570428e+00
4.298476869456133720e+00
5.590012147531702169e+00
5.863671865995298660e+00
5.368144797848096061e+00
4.376528889328026750e+00
3.103988942188516731e+00
1.835405167962603112e+00
7.727877217799767884e-01
1.473887937928009817e-01
1.530658402798536377e+00
3.741351953884963777e+00
4.905070258642481917e+00
5.190154230742129116e+00
4.794622540873053396e+00
3.937074190152828557e+00
2.825272120546275190e+00
1.688872232944966356e+00
7.256742848136261692e-01
1.411558947167640965e-01
1.542968800231452997e+00
3.759806311840365289e+00
4.912424784657076771e+00
5.187378203960021139e+00
4.783153092877570955e+00
3.926401951196013762e+00
2.804203999910296119e+00
1.667333841622215651e+00
7.017643787683380818e-01
1.338429718774082622e-01
1.315181283334116547e+00
3.172491682451280770e+00
4.146725526130721207e+00
4.397274570375106606e+00
4.089414497666243875e+00
3.383558683686851865e+00
2.455497428414327388e+00
1.478695705757559820e+00
6.479390085921962195e-01
1.251516332422379640e-01
1.330384247759659022e+00
3.203112719079129533e+00
4.160608294833905596e+00
4.395983796823002443e+00
4.070774710566457344e+00
3.369322865743654027e+00
2.419857081378425256e+00
1.448252685241216975e+00
6.012711254476793554e-01
1.146765449612110882e-01
1.064576648840096507e+00
2.538449830674637031e+00
3.287845035845382569e+00
3.479372506844049973e+00
3.248119981893427433e+00
2.725152231472335540e+00
1.987636013821210801e+00
1.210120019299943284e+00
5.340566882273093396e-01
1.018571709621601817e-01
1.086117173575392503e+00
2.557987337305082765e+00
3.297331461502479577e+00
3.479022199887710443e+00
3.238153463801221932e+00
2.705674291294112077e+00
1.963663229720812975e+00
1.182305977856738632e+00
5.038363877876301800e-01
8.588189467289024381e-02
7.928302940941562849e-01
1.813620323572527671e+00
2.322967939111544311e+00
2.462647445961156478e+00
2.318665395639903704e+00
1.955414603391836037e+00
1.477702388861780625e+00
9.240507702458586881e-01
4.251204735245298627e-01
8.588189467291360013e-02
8.191963453711388343e-01
1.861470332456489185e+00
2.344675789451208026e+00
2.462216565689328895e+00
2.295202514148567907e+00
1.932883737623196208e+00
1.417173577599801559e+00
8.682979288257810513e-01
3.433173956680425354e-01
6.547870186012808014e-02
4.966649011652765067e-01
1.093258395687839890e+00
1.383409196614215686e+00
1.466596716515111698e+00
1.389383034585664367e+00
1.183569677250221552e+00
9.177255723085351313e-01
6.069337519875468434e-01
2.844885733798178662e-01
6.547870186014430327e-02
5.290798979026347659e-01
1.134553223898864038e+00
1.402479757911122782e+00
1.466288720148943625e+00
1.369896087999370238e+00
1.158165475995914129e+00
8.635380748716817711e-01
5.380740567240872574e-01
2.013477200199881023e-01
3.840174571915096896e-02
2.022380662445645572e-01
4.470188883256255852e-01
5.856231317311584306e-01
6.268991980475815406e-01
6.040777907567358440e-01
5.206797946742859340e-01
4.207147659024361164e-01
2.837053088570793968e-01
2.013477200200387562e-01
3.840174571916075974e-02
2.409258909136695048e-01
5.054960263269503429e-01
6.105811718914643249e-01
6.266188595601928091e-01
5.745051968084546878e-01
4.933555369884392583e-01
3.419799086716218128e-01
2.013477200199875750e-01
3.011982551266635666e-02
0.000000000000000000e+00
3.857155568429395526e-02
8.525701547270636560e-02
1.099298928270767139e-01
1.195966964533846516e-01
1.162095269487959243e-01
9.930588274948828897e-02
8.486153376623865874e-02
6.522361163347557833e-02
3.840174571916075974e-02
3.840174571916080831e-02
6.553336844255949756e-02
9.971832715495256017e-02
1.164521897816853668e-01
1.195109540116280900e-01
1.095716528599331163e-01
8.486153376621410893e-02
6.522361163345899437e-02
3.840174571915103141e-02
0.000000000000000000e+00
0.000000000000000000e+00
6.549382501574907423e+00
7.498830759845413141e+00
7.880011094330765964e+00
7.535213964745052451e+00
6.575883811018249148e+00
5.207606031576695216e+00
3.634285941514681539e+00
2.126770517506159752e+00
9.010105441841235185e-01
1.723882780636789014e-01
6.513232356814938839e+00
7.474680818628486989e+00
7.866545876060016873e+00
7.527684184530272660e+00
6.571720835881800227e+00
5.205374215682485151e+00
3.632643523314224687e+00
2.125508404716310640e+00
8.999350913838624066e-01
1.716387875642855221e-01
8.337698945087208102e+00
8.500787938330208959e+00
8.370490097758644055e+00
7.751009419416639012e+00
6.659157025014497577e+00
5.231938894799587736e+00
3.636528886025450102e+00
2.123794000172310348e+00
8.976804638420576854e-01
1.709158180602739774e-01
8.326943380146563101e+00
8.465756118446174483e+00
8.347419794522320302e+00
7.740323286430140115e+00
6.654540524609275920e+00
5.232528059736620385e+00
3.639717154984818848e+00
2.127228451752064764e+00
9.028587019870747410e-01
1.721963888669235665e-01
8.792641335804539438e+00
8.689471111662943059e+00
8.317926760064374037e+00
7.575417024350061368e+00
6.452408548789428266e+00
5.052464332290201199e+00
3.508627314505186057e+00
2.049947131463126127e+00
8.621111087657373773e-01
1.644248644940718984e-01
8.789049227781399409e+00
8.675886153063052220e+00
8.308492469672604130e+00
7.573485594164977464e+00
6.457357496989360790e+00
5.057798325128645800e+00
3.521544341679444745e+00
2.061497282903188122e+00
8.772629868810640774e-01
1.683845122810605499e-01
8.316954456737825296e+00
8.135069015265017356e+00
7.706468851483720073e+00
6.971981087513215769e+00
5.923812490670512965e+00
4.642357502511843315e+00
3.232615889047879776e+00
1.894286165002672773e+00
7.938078790656167838e-01
1.513978321617463207e-01
8.316085491177265254e+00
8.132997771041711843e+00
7.707782009219437569e+00
6.978938030451908858e+00
5.937217023716589992e+00
4.653553712328576175e+00
3.254328068280882391e+00
1.916284727299540691e+00
8.181365337525965398e-01
1.588388306408346218e-01
7.178072894739144338e+00
6.997180690192308816e+00
6.607787847493027833e+00
5.973180275955334295e+00
5.083408946574426324e+00
4.008863969694687945e+00
2.801298268595486363e+00
1.649969836153239999e+00
6.803931091499796358e-01
1.297669681287990373e-01
7.178553873657133266e+00
7.001802166512395509e+00
6.617650363491579313e+00
5.988249147563917241e+00
5.114840004550361030e+00
4.027002482522009430e+00
2.844224483512475921e+00
1.685509665237634902e+00
7.341144057356908670e-01
1.418252678927758303e-01
5.633825635027144507e+00
5.489568336872830301e+00
5.184918017933092038e+00
4.697882292575039642e+00
4.025130103953188154e+00
3.204298991195584811e+00
2.260386422370792125e+00
1.337890929414305319e+00
5.662040508352029766e-01
9.602831713316904716e-02
5.635065468471686323e+00
5.493833299324037966e+00
5.192749052255674513e+00
4.710481572207634748e+00
4.043828409882218367e+00
3.230305979967637686e+00
2.290199452860643525e+00
1.371098933191890801e+00
6.015990718071995147e-01
1.147390920449654350e-01
3.904388654649108226e+00
3.802608458008107206e+00
3.599084636947998295e+00
3.274323733929679570e+00
2.816599432049122775e+00
2.264168575383755044e+00
1.612972213356236972e+00
9.711845845451442250e-01
3.800188184361771859e-01
7.247852636538235083e-02
3.905863734050094127e+00
3.813097964914330618e+00
3.617011925641381076e+00
3.298650084642427593e+00
2.861063231944807050e+00
2.294161106386293003e+00
1.687690217822753969e+00
1.036996434687011082e+00
4.744376373611165487e-01
9.602831713317291906e-02
2.273386617649109098e+00
2.215117583806087698e+00
2.100817673403974961e+00
1.918607692311991908e+00
1.659548122450230423e+00
1.340850818683442691e+00
9.717681955053338871e-01
5.946578492473564292e-01
2.200738008433074100e-01
4.197324975218409693e-02
2.275015371482712379e+00
2.223890000541512979e+00
2.116350207309936948e+00
1.943164143389337628e+00
1.696435210638466362e+00
1.374355651081473617e+00
1.037772524236133975e+00
6.744697259583134485e-01
3.137414463641278184e-01
7.247852636538014426e-02
9.607614252384752973e-01
9.335050427017734798e-01
8.812496796220946615e-01
8.029086618680350007e-01
6.836673955001993930e-01
5.674885191888978664e-01
3.801828091967666134e-01
2.200738008433079929e-01
3.292108041080223091e-02
0.000000000000000000e+00
9.624662763694792345e-01
9.455449241287747775e-01
9.013352595764605457e-01
8.300109243202913323e-01
7.394624057057747057e-01
6.032382883053850620e-01
4.749778260476682501e-01
3.138374832939591075e-01
2.200738008432379100e-01
4.197324975217067017e-02
1.823768326645004711e-01
1.773602100998473985e-01
1.680750400777877296e-01
1.531335654841246841e-01
1.303914515439588695e-01
9.615342471298718441e-02
7.250980326033683310e-02
4.197324975218403448e-02
0.000000000000000000e+00
0.000000000000000000e+00
1.835649552164273224e-01
1.803376553696384998e-01
1.733240146016785943e-01
1.614228809548765298e-01
1.429152177438226534e-01
1.150517291840186529e-01
9.615342471299054283e-02
7.250980326033459877e-02
4.197324975217067017e-02
4.197324975217067017e-02
