5.149068694905977184e-01 4.511449174005788265e-01
5.217167961705988510e-01 4.984822291617272971e-01
5.279736337318667871e-01 4.929168945001153879e-01
4.384577912776317365e-01 5.655612867024636392e-01
4.937972863401679513e-01 5.524175149314067834e-01
4.990546295143256095e-01 5.530865815293136700e-01
5.960101422913078872e-01 4.470751145697873796e-01
5.126834097080950059e-01 5.560110015713455311e-01
4.367636626059568927e-01 4.814191504870959371e-01
4.342937714713549502e-01 5.140809742606065047e-01
4.107403076965917554e-01 4.680478322501194222e-01
4.868462533325860764e-01 4.150243219036922060e-01
4.737809371900865152e-01 4.617269705641074973e-01
5.212568394924459447e-01 4.061722091076739316e-01
4.681672271987219469e-01 4.837725200764008138e-01
4.286368656359234586e-01 5.233283353088553636e-01
5.669498261699360553e-01 5.264216041567869597e-01
4.320624771045784573e-01 4.649250863002676315e-01
4.121724823665099957e-01 4.880353337953431403e-01
5.506468846890439917e-01 4.977671725398165048e-01
5.934471703691779343e-01 5.004398390426604282e-01
5.374640663492483705e-01 4.659630987734613150e-01
4.108364822258576687e-01 4.133408066425330318e-01
5.856451090791616743e-01 5.332740695084602356e-01
4.951463554151202540e-01 5.851669322748598301e-01
5.858453472031212028e-01 4.736240454381477338e-01
5.446659392591535198e-01 5.782664395868264418e-01
4.093119688111429011e-01 4.117649660939962653e-01
4.650921532339126752e-01 5.067234630019308295e-01
5.926696498214933939e-01 5.910331126649999156e-01
5.240230200821551776e-01 5.577187046060437803e-01
4.803273761711992496e-01 5.406288816070342618e-01
4.876120617878543784e-01 4.008876313661317026e-01
5.956018733144334831e-01 5.672621579066920994e-01
4.603618660618816749e-01 5.773473101606326763e-01
5.611090848332968006e-01 5.318790059917095636e-01
5.066588646752063774e-01 5.976917333221700712e-01
4.205108245232699327e-01 5.288775250289905472e-01
5.163468426216242246e-01 4.617316880843033711e-01
5.220670170896354323e-01 4.943441085894778042e-01
4.166840681197641616e-01 4.118789733623642868e-01
5.648998032964852589e-01 4.812332846550326781e-01
4.026230724485904133e-01 5.180392100646438180e-01
5.358749971467299256e-01 5.337980911052253585e-01
4.628330735114040140e-01 5.557927063588991023e-01
5.609219839028419807e-01 5.663033660476805009e-01
4.134650465810554287e-01 4.137957873410111898e-01
5.133883363525250099e-01 4.515994650540449129e-01
5.944514484459189063e-01 4.744540020884387976e-01
5.108762302353340168e-01 4.413047039193327414e-01
5.974897709964075432e-01 4.075441819075690808e-01
5.955489068175570111e-01 5.973977396559193576e-01
5.623445848636585698e-01 4.552003952090994399e-01
4.404172449646616139e-01 5.482849335656659884e-01
5.535616934933564881e-01 4.266811806907196969e-01
4.551709057048366480e-01 4.334663784316673540e-01
5.172237820500070749e-01 5.540999931195661476e-01
5.138646073048855900e-01 4.591614242160464987e-01
5.925424489442792098e-01 4.758231990235108899e-01
4.369762692648552771e-01 4.201544365217101396e-01
5.229512403307634560e-01 4.694756644333048512e-01
5.070831157086534979e-01 5.682949728212934870e-01
5.216494098379194089e-01 4.331451719079377760e-01
4.996500909297273973e-01 5.775030781057030049e-01
4.407002388403646331e-01 4.091924870996232477e-01
5.902164563704606071e-01 5.569063909133673551e-01
5.368785723389227771e-01 4.670027660489886601e-01
5.862437181984239132e-01 5.554205872943999145e-01
4.935131073440714444e-01 4.852120582607405419e-01
5.468750448565635747e-01 4.534192007871218344e-01
5.217654596114518206e-01 4.728227574449312964e-01
5.053389498949791836e-01 4.311135357001610324e-01
4.032056881121364178e-01 4.665357912245796657e-01
5.303813903169869448e-01 4.137029499168706770e-01
4.018631617573987791e-01 4.103380970052771248e-01
4.932342357067978633e-01 5.052324892398850631e-01
5.073781845128402246e-01 5.898235684734586259e-01
5.378625241324551665e-01 5.499696052303868488e-01
4.035886627612201849e-01 4.544887273717440612e-01
4.049246563344130467e-01 4.773754626993751415e-01
4.582338086866437066e-01 5.959867018894784430e-01
5.606065458680054014e-01 5.112068242581813138e-01
5.187775068107211007e-01 5.504820146284588045e-01
4.144648720099361472e-01 5.573899663979094976e-01
4.502102904645962078e-01 5.173711650298966624e-01
5.121268023522456136e-01 5.400982930660989112e-01
4.926314316356787959e-01 5.537799732074040193e-01
4.314723359058195151e-01 5.509908716857183641e-01
4.868080816896744323e-01 4.306794835043958880e-01
4.042391092333385005e-01 4.638162732772172503e-01
4.265396767907719822e-01 4.596539755753739076e-01
4.849182018790783588e-01 5.466498152222895035e-01
5.443871127033289570e-01 4.687496178236876254e-01
5.911139770538639260e-01 4.670518455886194520e-01
4.527367512973731190e-01 4.327818108653145868e-01
5.758436206094853516e-01 5.611534537896607500e-01
4.599398865962134875e-01 4.926351868778233722e-01
5.038850350302737091e-01 5.975932592105783758e-01
4.349074336349956216e-01 4.767546392038883862e-01
4.350075944421929464e-01 5.121693317006168478e-01
4.890514871245421058e-01 5.968550975728603714e-01
5.119440727873735275e-01 4.997968752801386638e-01
5.838209002798605551e-01 5.746498003951228117e-01
4.188205163922522622e-01 5.302215300481023519e-01
5.424360079221600683e-01 5.469427680439769013e-01
4.148583786269034457e-01 5.082010818568254429e-01
5.089028090935395765e-01 5.851322583489014795e-01
4.079031285785145733e-01 5.310991681630621297e-01
5.296667510446353422e-01 5.636742531879594953e-01
4.981026567853183984e-01 4.986354999278296840e-01
5.603892191748798268e-01 4.352647579538616585e-01
5.029657973365877499e-01 4.702088886700669379e-01
5.377098928155767954e-01 5.727933678115356697e-01
5.534654046753917367e-01 4.610404572570934723e-01
4.075441397061033144e-01 4.390804087653169541e-01
5.350654287748846105e-01 5.098299414505441662e-01
5.709147582433929946e-01 5.834739477846314637e-01
5.647381545262524227e-01 4.544712020589261603e-01
5.034056274260408914e-01 5.936948685090801536e-01
5.172513121118013091e-01 5.768703258586512783e-01
4.848659898486959441e-01 4.339199346016023862e-01
4.515254020764364884e-01 5.834850689516866140e-01
4.922950074559581113e-01 5.420579855892022625e-01
4.978245432475291166e-01 5.877255506562928389e-01
4.148240241574855380e-01 5.651821737189195449e-01
5.731087563366824567e-01 5.483903246882281257e-01
5.038687056685217103e-01 5.547969192558447338e-01
4.271946418357603359e-01 4.546896303177996868e-01
5.820118795033821790e-01 4.130467319788385661e-01
4.317269635728903654e-01 4.655118327814637968e-01
4.301243087839053958e-01 5.652823906252547603e-01
5.494415075854820474e-01 4.787848422473248711e-01
4.125813437658817362e-01 5.293559907549807431e-01
5.544445864923772671e-01 4.351594327651335803e-01
5.640083987432598089e-01 5.630988195648741756e-01
5.822195763033461979e-01 5.031998774320548540e-01
5.861947034643151255e-01 5.075948070867163375e-01
4.264323217418484191e-01 4.648381211301840232e-01
5.885624066591866876e-01 4.150502255040937061e-01
5.984357851884164470e-01 5.440764607186716617e-01
4.338223779420094517e-01 4.099309602074227565e-01
4.371000022283346720e-01 5.279285690511988927e-01
5.564883879692997803e-01 4.676814701003633723e-01
4.269352949124105567e-01 5.828987836637531395e-01
4.418154581738958364e-01 5.043532113590594168e-01
5.484894465875486125e-01 5.402875875720796195e-01
5.479599359538979142e-01 4.092230349555602831e-01
4.563409797437476545e-01 4.921966559982629552e-01
4.767679882523143675e-01 5.166055407728736837e-01
4.490472186713045932e-01 5.505480760957774944e-01
4.170692941148835819e-01 4.427662473487517514e-01
5.160262825502885953e-01 4.283472244682456354e-01
4.654307587681592029e-01 5.030796294052281015e-01
4.576968852764057294e-01 5.765668985219282172e-01
5.422173088408295261e-01 4.660015914971614714e-01
4.376661186208193888e-01 4.590474841093060698e-01
5.626361964025516915e-01 5.182922227536018722e-01
4.572261151142171243e-01 4.642974193147593742e-01
5.109204221156115056e-01 4.982104845450440189e-01
5.733261463064194263e-01 4.730182736805148003e-01
4.711644807646897526e-01 5.757866795842270236e-01
5.030827871731995415e-01 4.409720039742668907e-01
4.860816940113872331e-01 4.314395565880158601e-01
4.829047417541791343e-01 5.956687618865907918e-01
5.724952212604823565e-01 5.998826712640075165e-01
5.204230253354309443e-01 4.972806051763014601e-01
4.099277894417105439e-01 4.418722916622588870e-01
4.021837325487587211e-01 4.083380694510929665e-01
4.362632461297666353e-01 4.487763282429871325e-01
5.494571136397355948e-01 4.073848831637711387e-01
5.047815594117369686e-01 5.755546552299102281e-01
4.236949410623223611e-01 5.940307069035851706e-01
5.250344572287768408e-01 5.181761717640122056e-01
5.214453483477570206e-01 4.157816036021169115e-01
4.272039994936270291e-01 5.913486817596453893e-01
4.663823850409302696e-01 4.403258704745212637e-01
5.442174306010927332e-01 5.924304039192795912e-01
4.586181455869653423e-01 5.429062452809865214e-01
5.764487451660628148e-01 5.664209537281398310e-01
4.619341365506960395e-01 5.902564792430496921e-01
5.762851351720772453e-01 4.756495987216112775e-01
4.752567286068928865e-01 4.656533514563867548e-01
4.863062684352246201e-01 4.487600063922321803e-01
5.732685180732821628e-01 4.701968425593847090e-01
5.875868800277996851e-01 5.458794680077707628e-01
5.134897903842237099e-01 4.784222691931170335e-01
5.373769796325894577e-01 4.645238528925052512e-01
4.351385304194315684e-01 5.358083791678164287e-01
5.123858689654988696e-01 5.572813098690109213e-01
4.952791028782225768e-01 5.589687703682155728e-01
4.570761168887649273e-01 5.233259626920709895e-01
4.660044079338905298e-01 5.052448917483306490e-01
4.338163545138878918e-01 5.474080040449516016e-01
5.482581769720487053e-01 5.807521136498470238e-01
5.099075092022358202e-01 4.448246395106089657e-01
5.819371809985295352e-01 5.255035050365637339e-01
5.323010470596696297e-01 4.366058519021318030e-01
4.913083971476843725e-01 5.870443026441563017e-01
5.424844473493752872e-01 5.752195588487651889e-01
4.969802574379927340e-01 4.508724207305264686e-01
5.590831215538122345e-01 4.767273865132968247e-01
5.284826468182594050e-01 5.920598429170752519e-01
5.830854235685709597e-01 5.801764963166297084e-01
4.944337006666528755e-01 4.928892106506142512e-01
4.816043575595422843e-01 5.328616413834592613e-01
4.487363666696291276e-01 4.500063669716328207e-01
4.601247650746017048e-01 4.461885406987481928e-01
5.117795836770024920e-01 5.938346739664080998e-01
5.085180862796284673e-01 4.827541883129446987e-01
4.693636212524042728e-01 5.404488713958169877e-01
5.360522727141634469e-01 5.216277521044319077e-01
4.791090813947356253e-01 5.918105134197599870e-01
5.933956335392176484e-01 5.799213079908590585e-01
5.202478328640833816e-01 4.055372346357895008e-01
5.057492482704661896e-01 4.031801873408447090e-01
5.359537259177441504e-01 4.356737160311157653e-01
4.653018134392828964e-01 4.669459492190388139e-01
5.482070102667555567e-01 5.343520319205019575e-01
4.619710774475007664e-01 5.725893899330002368e-01
5.257620315561046809e-01 4.247359209548002834e-01
5.635824024037998647e-01 5.703970477311363085e-01
4.361453212675821534e-01 4.107962454092531357e-01
4.378335161162357214e-01 4.534118595397565454e-01
4.967069329114673915e-01 4.889349277040756503e-01
5.205465158616658927e-01 5.253174061279366480e-01
5.506972849321012387e-01 4.509395407347173701e-01
4.873264478922745280e-01 5.787165008151199386e-01
5.155818844225007469e-01 4.932538862786768341e-01
5.809870845499609526e-01 4.363389512249944979e-01
4.287073309556300726e-01 5.521447460862340950e-01
5.515578461860497494e-01 5.512361738578197556e-01
4.889524621679099958e-01 5.301637362093067907e-01
5.260086562460715154e-01 4.315983712495915503e-01
5.370134043863292739e-01 5.959972633496395389e-01
5.254328322622192626e-01 5.514666055763062236e-01
5.184709098906272740e-01 4.750124316946950365e-01
5.329706022137368215e-01 5.528132923709691005e-01
4.100152400563844002e-01 4.790313332464706808e-01
5.560883686099792333e-01 5.740914197673181452e-01
4.579472389398099863e-01 5.673666083688280182e-01
5.961160556796023524e-01 4.784136328960672535e-01
5.303225529558304174e-01 5.963669559641369133e-01
4.217785203799039317e-01 4.549833512016460135e-01
4.033742780095647684e-01 4.156272613290029061e-01
4.516499157962802768e-01 5.671540611940937282e-01
5.284321586116733638e-01 4.198027374655113886e-01
5.829269471171857342e-01 5.959381178794467271e-01
5.298350850634978570e-01 4.005870844244010520e-01
4.184135279677920760e-01 5.614263707989117780e-01
4.259547789366257553e-01 4.548916561919410517e-01
4.991661364463988448e-01 4.751034957254926527e-01
5.933301278440429316e-01 4.477547330301508977e-01
5.768432913084942104e-01 5.343742200592167535e-01
5.876887154780470190e-01 5.875995835903654596e-01
5.937535315739033148e-01 4.485913262568108073e-01
5.668845095032699621e-01 5.907466818421244215e-01
5.738333577188275969e-01 4.225302266761982173e-01
4.229593250528556059e-01 4.829510684043956115e-01
4.837027411768985985e-01 4.349899977022479991e-01
5.273709698399613455e-01 4.529833601894499018e-01
5.880811214260017739e-01 5.359993891847540937e-01
4.179799192323120360e-01 5.832742130273494974e-01
4.587447696275384623e-01 5.858140391423456439e-01
4.786739304323717747e-01 4.230519164845510383e-01
5.873301103053061301e-01 4.279371747543825877e-01
5.898985842307408189e-01 5.122317665322716485e-01
4.436851259832101380e-01 4.597846420224099839e-01
4.840009936554136583e-01 5.931170392742999287e-01
4.767578042433483487e-01 5.625581590528616616e-01
5.313386234479247072e-01 4.139841930297931683e-01
5.010830345762424809e-01 4.754858526494736282e-01
5.105143671988660037e-01 5.968997414963439496e-01
4.062750466082183376e-01 4.380849445123329300e-01
5.581214473092982464e-01 5.725588663686427271e-01
4.599614697116334860e-01 5.620264361732099090e-01
4.681280198533591674e-01 5.466207643768949964e-01
4.879226105152486004e-01 5.982269008322562698e-01
4.698745443946921174e-01 4.049551056127961290e-01
5.586385230697583637e-01 4.871849052221097209e-01
5.616140507484788102e-01 4.706184299218021949e-01
5.963237658277202868e-01 4.294014778654036135e-01
4.078079849549963720e-01 5.932175817418805508e-01
4.552846354505747928e-01 4.802113061660219784e-01
5.645644953154268508e-01 5.512329084985574390e-01
4.779652090739336390e-01 4.402998038777813927e-01
4.068528403969485785e-01 5.500441105505106121e-01
4.592807335958703496e-01 4.447810836366732357e-01
4.872626989554635912e-01 5.361729023911567804e-01
5.021890108441507961e-01 5.085622428369984682e-01
4.195138512274562137e-01 5.865433169239414601e-01
4.986445318204824062e-01 5.548605408303770581e-01
5.526858795044797823e-01 5.979779040437768201e-01
4.385304556056023317e-01 5.769714351836080501e-01
5.267948480668588340e-01 5.634341223045964409e-01
5.923632392559536886e-01 4.342971825880385106e-01
4.462789256706884422e-01 5.400245019173733896e-01
4.849238890726556561e-01 4.726549130647816344e-01
5.566203284594568590e-01 4.527768550693294092e-01
5.943630142518857573e-01 4.747505347490178496e-01
4.427511184978890069e-01 5.949131905364153372e-01
4.460702438828841876e-01 4.286400875865933324e-01
4.740960814469412643e-01 5.755610077389230472e-01
5.803446327834281826e-01 5.794806600638328087e-01
4.350731353895116449e-01 5.587544094924604687e-01
4.927563225484344334e-01 5.442956710271150689e-01
5.065035863769287161e-01 4.375802070108277819e-01
4.317064486355778330e-01 4.966359450849615054e-01
4.109007709746516634e-01 5.320609604291196559e-01
5.300873283598741548e-01 4.489064788540941264e-01
5.937917077704817359e-01 5.391908251152426335e-01
4.808575238060524004e-01 4.279427271688071577e-01
4.124677229980691084e-01 5.094355740694977985e-01
4.874065038308563746e-01 4.211692236648889587e-01
5.607869102476463752e-01 5.222128153533915906e-01
4.920144002326917732e-01 5.649166690724474194e-01
5.768359480529923200e-01 4.873511272795176819e-01
4.424920252687183364e-01 5.645156121459097287e-01
4.102474102638763442e-01 4.643770897477417225e-01
5.622448668034810693e-01 5.727455659085221029e-01
5.393900018241849503e-01 4.409934664769585289e-01
5.600558245271829438e-01 4.825412313613192672e-01
4.953939802666674774e-01 4.001907874708562907e-01
5.652987156878179764e-01 4.956951245314671350e-01
5.140872779304160867e-01 5.507909152635405148e-01
4.017622151531985430e-01 5.979284871518286693e-01
5.793522145404707002e-01 5.075551804014162283e-01
4.450202495929393987e-01 5.928560785899259500e-01
4.223483948901600171e-01 5.258646797362642733e-01
4.390794474000043746e-01 5.282677404495051965e-01
4.406637223182667262e-01 4.394104578506685677e-01
5.508489538578754674e-01 5.324769402715666677e-01
5.109401623482290322e-01 4.038436780671881832e-01
5.360841633226358649e-01 5.370498363728699598e-01
4.494054710938348296e-01 4.897774599708184518e-01
5.412275892029003721e-01 5.960116340066752283e-01
4.675099715455764415e-01 5.244393156934252787e-01
4.585843983264921708e-01 5.733018655620831794e-01
4.089794128960473341e-01 5.248148472290223854e-01
5.670340787741706690e-01 4.698083434949638093e-01
4.303584678941853592e-01 5.626336505819887757e-01
4.038140293707844219e-01 5.024699147376253672e-01
5.804068276543921101e-01 4.567079651871112644e-01
4.925168551276744577e-01 4.888753812841827862e-01
5.804710199887016531e-01 4.678905061997969961e-01
4.802398104585595684e-01 5.843212934158600325e-01
5.809288423377193533e-01 5.765445479229032166e-01
5.846403602203059657e-01 5.699192970840514239e-01
4.320480438598000017e-01 4.806055506562991186e-01
5.258807030595906706e-01 5.701882934262326730e-01
5.830551948348298152e-01 5.479175985343763822e-01
5.315645749107626994e-01 5.198663657791675607e-01
5.183213252408340743e-01 5.383220027353730064e-01
5.054016280663364835e-01 4.906865106615692085e-01
5.676730815426040966e-01 5.297335417968046523e-01
4.353369946320384543e-01 5.786556850428926646e-01
4.899727963832746225e-01 4.948987585469571959e-01
5.722080462643354126e-01 5.980171344538733891e-01
5.533663862954086854e-01 4.884013869456114709e-01
4.817008509000877403e-01 5.582917295859716189e-01
4.194308324435104263e-01 4.203586824555897161e-01
5.369805192509863323e-01 4.920725812823076306e-01
4.623404188851379382e-01 5.213116200766841901e-01
4.276640845284191972e-01 4.729082897024047272e-01
5.388398177650685072e-01 4.011992993308092781e-01
5.556521836080395849e-01 5.793356516403692646e-01
4.058998229303443228e-01 4.875742834735185549e-01
5.715098510158083123e-01 4.758618698975737304e-01
5.542619291741075482e-01 4.263407934176752789e-01
5.859043345875889486e-01 4.121363252527523446e-01
4.874102766108499019e-01 5.632607740332864488e-01
5.780520926809203930e-01 4.255497882778158658e-01
4.838229117067266438e-01 4.562469709386304806e-01
4.539338063527761369e-01 4.760908491192886727e-01
5.357335898597871404e-01 5.199884418324580704e-01
5.417663147600327855e-01 4.042796032919717675e-01
5.678704764839561658e-01 4.710783434534063785e-01
4.220596579782697200e-01 5.759233593592687495e-01
4.584353196327562996e-01 5.181851911880691608e-01
5.848340609204674134e-01 5.120480850245890947e-01
4.900428794852367265e-01 5.466804062442626178e-01
5.332797559515537467e-01 4.019732483042037785e-01
5.400159612879930071e-01 4.107819364951257879e-01
5.260429091655631773e-01 5.697184025706083510e-01
5.654169214558639744e-01 4.830055716644812702e-01
5.071464962480186633e-01 4.517783275872597204e-01
5.747677407739366640e-01 5.345795326829643201e-01
5.508523585081550600e-01 5.554577507010480808e-01
5.517317694604959577e-01 4.995928372774822157e-01
5.937749749361335150e-01 4.343496163714795633e-01
4.649028418079860225e-01 4.289837033805476985e-01
5.029474973219510980e-01 4.714501600911483736e-01
4.902724127191477876e-01 5.830497958794532698e-01
5.114115081258969742e-01 5.755277379074141830e-01
4.342616429888058183e-01 4.198730661694085042e-01
4.478413027669903568e-01 5.397829139829429801e-01
5.088962039776494528e-01 5.144442281181518251e-01
4.512711249836394711e-01 5.875250219179701805e-01
5.389157585499616543e-01 4.890892941898651314e-01
5.046265398029656790e-01 4.203569015140544152e-01
5.397322617344908480e-01 5.446082119806631150e-01
5.757873486418230158e-01 5.098455349141962634e-01
5.550803439832622255e-01 4.463770222897915918e-01
5.689750238003730143e-01 5.620474626126231721e-01
4.311140143661142954e-01 4.099670644356355753e-01
5.150097423917078254e-01 5.324621630333761235e-01
5.556570826463549384e-01 4.387423306112175903e-01
4.499414273526350372e-01 4.232585609286582118e-01
5.908351839840964015e-01 5.532180563018413988e-01
5.232628238773697760e-01 4.894740369053055540e-01
5.842079473814182355e-01 5.312801388994775609e-01
4.156282857331460301e-01 4.275649344140967090e-01
4.865215004956631728e-01 5.495614268789268397e-01
4.199895551274843708e-01 4.645673484630731265e-01
5.814168395476259077e-01 4.289897168714799647e-01
5.490967996340986312e-01 5.202249333109774110e-01
5.868304066005544106e-01 4.369496563592356053e-01
5.179956461203072404e-01 5.758509875697653824e-01
5.092032057958738589e-01 4.519123698959608415e-01
4.018548022000321129e-01 5.759000304522305935e-01
5.386155476062330916e-01 4.191104652818694043e-01
5.255436055026647679e-01 4.318839282664793666e-01
4.212266309754967852e-01 5.456352205243812925e-01
4.456250050100805660e-01 4.493590720095237967e-01
5.756676161394775892e-01 4.923806457124120795e-01
4.921028102709394947e-01 5.215794536628454159e-01
4.235268361417166560e-01 4.423362073966671804e-01
5.814570702681278735e-01 5.426184858919222975e-01
5.836505628696360137e-01 4.427284094881009380e-01
5.853834724545119439e-01 4.019092662022885620e-01
5.041306927956961115e-01 5.708742722495353528e-01
4.634584031961406225e-01 5.367066910258826429e-01
5.512610680327992840e-01 4.307521558073164059e-01
4.771171408370204481e-01 5.283027519188077115e-01
4.706975602242664536e-01 5.081509762251816831e-01
4.020523564563209806e-01 4.159956606811170965e-01
5.179147588340221597e-01 5.768768705971785149e-01
5.080038929050449958e-01 4.652718123810150042e-01
4.065030561357007022e-01 4.517557700657583442e-01
4.622162289512231625e-01 4.135015277175662640e-01
5.652128394798090483e-01 5.536565573020659770e-01
4.778206855892527805e-01 5.245380545940729888e-01
5.949685645690595548e-01 4.616465889384114840e-01
5.227928192387878426e-01 4.712914653291729872e-01
5.313774629516827552e-01 5.665703715517680372e-01
4.869454563130239944e-01 5.375537613341320187e-01
4.850114897391869517e-01 5.439835401767464385e-01
4.913390621458070262e-01 5.430160719626244692e-01
4.206850478825276407e-01 4.043139432525797994e-01
5.694969083558880651e-01 5.979780161994580068e-01
4.486893196524265881e-01 5.082631414054702423e-01
4.685044081588887188e-01 4.690024568759184609e-01
5.491840602419278961e-01 4.987588215715623163e-01
5.158449881541475879e-01 4.588526303876447332e-01
4.769008420042187835e-01 4.407502104596724979e-01
5.387858196681493128e-01 5.372041401143631267e-01
5.625342079328645717e-01 5.148520429873180149e-01
4.284926867932570271e-01 5.172030879890654465e-01
4.498986660141079952e-01 4.679414165188403585e-01
5.665792259757891358e-01 5.734403450172000927e-01
5.809834659617865160e-01 4.093522736586515109e-01
4.912387061976209446e-01 5.349125322694022744e-01
4.806512333437579776e-01 5.431273781088752362e-01
4.937683546988497763e-01 4.750766297642012304e-01
4.032790419951056693e-01 4.444541153187994698e-01
4.296724788887833490e-01 5.561626158175837498e-01
5.195079869623507873e-01 4.150868336501716827e-01
5.226146423465115598e-01 4.967932258911013088e-01
5.696930588403741336e-01 5.335122538716662310e-01
5.809677343918849823e-01 5.507715138715767456e-01
4.527747402570979074e-01 4.758885627125978290e-01
4.840101317698550787e-01 4.789963180707519363e-01
5.768151440322139001e-01 4.099110403962979432e-01
4.966743344277599892e-01 5.146747333567377458e-01
5.147211360443187944e-01 5.890504372727332072e-01
5.849498630488512152e-01 4.724620004918130833e-01
5.899710972680718424e-01 4.186942773825544362e-01
4.636754720494830617e-01 4.439663590287843964e-01
4.191331959121763484e-01 4.809348848381660435e-01
4.557340301032764551e-01 5.529367048382647365e-01
4.905099353325520495e-01 4.623714240052390068e-01
5.753892908941684592e-01 5.501811065889434804e-01
5.096182574269416676e-01 5.620380251294888607e-01
4.144319340733638168e-01 5.623636757169209188e-01
4.924428810262577172e-01 5.014374133656908095e-01
4.647962098631681638e-01 5.643899956060609568e-01
5.454237866432233295e-01 4.706815617920481198e-01
5.087646410544496289e-01 5.723691017439598294e-01
5.920420914174178151e-01 4.888164558584828789e-01
4.046096750620005178e-01 4.331531102215775419e-01
4.039678415274033929e-01 5.298868110630067241e-01
5.413364198556829265e-01 4.041234867819418208e-01
5.642235956242594996e-01 4.394462148597478857e-01
4.543498224365390414e-01 4.938022708411529682e-01
4.182141069007187517e-01 4.561006659682323439e-01
4.350322713410992859e-01 4.417941215503848329e-01
5.179136245884328194e-01 5.768431123616979406e-01
4.003269211591864440e-01 5.168878473797933193e-01
4.772795095177432834e-01 4.811195602305774477e-01
5.442482296861284041e-01 5.569509617304484461e-01
4.925475962318049961e-01 5.765635315942730932e-01
5.460591509189922643e-01 5.359523354802653294e-01
5.754690524733172552e-01 5.781403432819909316e-01
5.815685506571256491e-01 5.438765237267845221e-01
5.915032360388314814e-01 4.233042209580381576e-01
4.993113263360141052e-01 4.870173021296448912e-01
5.058914686786708526e-01 4.387867203783034076e-01
4.581033628843469985e-01 5.950240719367171360e-01
4.909257483746631845e-01 5.198638409080886813e-01
5.614570439863000306e-01 5.682320333424497605e-01
5.433012428760574108e-01 5.563620337772108293e-01
5.789827032286032349e-01 5.354145427344270125e-01
4.476306925728618658e-01 5.815178585519176213e-01
5.319658010091080635e-01 4.586892366967476042e-01
4.390073840236807801e-01 4.494931573289913107e-01
5.896475555831952597e-01 4.275323797855363206e-01
4.700848392577534063e-01 4.534214349110906594e-01
5.437577676921843128e-01 5.230942247599048578e-01
4.277973056781770866e-01 5.055729831641925243e-01
4.555474580541019058e-01 4.597210207887931777e-01
4.026513638499430447e-01 5.444033055819905709e-01
4.411423398919404604e-01 5.539794334425630629e-01
5.120402328450528451e-01 4.553966527676559517e-01
5.179238466303056621e-01 4.246369235988162738e-01
4.197745039191664862e-01 4.636995796545221316e-01
4.536490880925571623e-01 4.791482869534820499e-01
4.133559817841671591e-01 4.774688660549073482e-01
4.768716002211302873e-01 4.698142631563217986e-01
5.388230809085589046e-01 4.218370815102739924e-01
4.313978289217029749e-01 4.114626897124443183e-01
5.799234790204785828e-01 4.342896207645109419e-01
5.692717938028591940e-01 5.584165976357433614e-01
4.004017132703669990e-01 5.641834292987532029e-01
4.261505142258433243e-01 5.269381948190441367e-01
4.841693740528417167e-01 4.192813249888358018e-01
4.681116761803401083e-01 5.872698335812585047e-01
5.528457934805147689e-01 5.555861655277400946e-01
5.127441539314329111e-01 4.753373185859604000e-01
5.409026484787279321e-01 5.803220606052759134e-01
5.693424584792456944e-01 4.165713558298569374e-01
5.661031648724413889e-01 4.651321887130598909e-01
5.731806988876261277e-01 4.319903626019144793e-01
5.379257246231585743e-01 5.702781741432290108e-01
5.441852487549282413e-01 4.778416276666094253e-01
4.937395770840117826e-01 4.068738651952547580e-01
4.449621121878745145e-01 5.004662761169353935e-01
4.403097861357969101e-01 4.720186849376267757e-01
4.273624799380666417e-01 4.310810132770324099e-01
5.486396832864545159e-01 5.707654679130798048e-01
5.618124751434275810e-01 4.417465675449368523e-01
5.683547678637907996e-01 4.511817801152957497e-01
4.859067516860602898e-01 4.853764965489887340e-01
4.162582161788982438e-01 4.716681925528992125e-01
4.937358032356244930e-01 5.937208216806255656e-01
5.901196587668061655e-01 5.127651136407279653e-01
4.295140061021885391e-01 5.954084687774747753e-01
5.081541565422700302e-01 5.520741662596547750e-01
4.793505396399925234e-01 4.417563127235450415e-01
4.873388984116311939e-01 5.019148709091423299e-01
5.242053893434459599e-01 4.263528452721453421e-01
5.929101828967677790e-01 4.175814976569416359e-01
4.331304939030937717e-01 4.255430258527136966e-01
4.443901723896147016e-01 4.098195587578695731e-01
4.903804058091791318e-01 4.748292645789561339e-01
4.728607404237522016e-01 5.897976699156618485e-01
5.964318762737861324e-01 4.573371793126281282e-01
5.597958616199388837e-01 5.411518748589861927e-01
5.723280248881217336e-01 4.566223483757884116e-01
4.712038041013973944e-01 5.708212375596235510e-01
4.952524955419039809e-01 5.936203092003438098e-01
4.272589688074964753e-01 5.137749098075768961e-01
5.115248637604663529e-01 5.503864490386831676e-01
4.294876325257231398e-01 4.486291262603263608e-01
4.256731618518400651e-01 4.918487084691730016e-01
4.599263295340841329e-01 5.475434336279745295e-01
5.906410886298840701e-01 5.416200278532842249e-01
5.063768568981477092e-01 5.791280393160049833e-01
4.350140563200480814e-01 4.306161865521518362e-01
5.192126574741356970e-01 4.046467206024266239e-01
5.699312262806374152e-01 4.319689441233630078e-01
4.174136829879537269e-01 5.760030260614442676e-01
4.997257308941611131e-01 4.655781690453787425e-01
5.451072480887759752e-01 5.951394712596579373e-01
4.852793065666362593e-01 4.444798112269461865e-01
4.214778585223049601e-01 5.599554862197164695e-01
4.265579858616258546e-01 5.872261392161570726e-01
4.533625764210814646e-01 5.433626950372771880e-01
4.871145885836478673e-01 5.491520442276358605e-01
5.642092191785883504e-01 4.027626364945059434e-01
4.781742687896724520e-01 4.546441573229628164e-01
5.334216199618202481e-01 4.404411614846591161e-01
5.599274527024425963e-01 4.088992091726866840e-01
5.940293006488862604e-01 4.612532827758916154e-01
5.134366598871945575e-01 5.909886598637623667e-01
5.513988386337705938e-01 4.829629843690165236e-01
5.940937434076647428e-01 4.671380177451701088e-01
5.966476746629663097e-01 4.990543677883037543e-01
4.008455352793177662e-01 4.972208701155521049e-01
4.488366551922086112e-01 5.756442489871934631e-01
5.226849705273219904e-01 4.416847558967566534e-01
5.987971813174562952e-01 5.110696950822147810e-01
5.953074413008307975e-01 5.878548341644347364e-01
4.202133664741724561e-01 5.392766573173515265e-01
4.637104877765340083e-01 5.046076683406972574e-01
5.686703388049225705e-01 4.471205199702451560e-01
5.520270190657159404e-01 4.116969380029113501e-01
4.056381285072443443e-01 5.734701920482815352e-01
5.733995435732819335e-01 4.137717219316628947e-01
5.291089255523793167e-01 4.572488375170747354e-01
4.732119275231418953e-01 4.867834644397064925e-01
4.914840799568653273e-01 4.982838120863531395e-01
5.542469773600219307e-01 4.608928188978018148e-01
5.531259293395609511e-01 4.140367300351168733e-01
4.882455551348427458e-01 4.584736084480152130e-01
5.877876232124086275e-01 5.275231421539959831e-01
5.407457414428712417e-01 5.871180876075973165e-01
4.348434638912142547e-01 4.271032879172280694e-01
5.090523299695588477e-01 5.703575230539533747e-01
5.843299510701386312e-01 4.892233165844983578e-01
5.482200497665167260e-01 5.068438894602834699e-01
5.989757399270465577e-01 4.192657835179606218e-01
4.125915709252031549e-01 5.345457999919887015e-01
4.540296186769075537e-01 5.133819627833784427e-01
5.905208661494470990e-01 4.010866750654904500e-01
5.391018956135600337e-01 5.739011913693949918e-01
4.297806293755185858e-01 5.402684298477719027e-01
5.121857584670704844e-01 4.650223134510029777e-01
5.547782439229977935e-01 4.402404074927815381e-01
5.008901021075181648e-01 4.929006007193232897e-01
4.295278285548698172e-01 4.951093809740828577e-01
5.459728668685025488e-01 4.884423396589518962e-01
4.793803957777820202e-01 4.116813374077560872e-01
4.310230717023497138e-01 4.307952908838759143e-01
5.043011888631537820e-01 5.008828290257388849e-01
5.747506817785552613e-01 5.589156566404123172e-01
4.417884416612098963e-01 4.425326383885803683e-01
5.725061631917898186e-01 4.326685741668924168e-01
5.047646132258936102e-01 5.107031573752019993e-01
4.278480638247785239e-01 4.651333553837589951e-01
4.978049660483825356e-01 5.415732660301629808e-01
5.883066979900039017e-01 4.160449289833717534e-01
4.876123575474193839e-01 4.567499563065399171e-01
4.428925590205143314e-01 4.532218262816256615e-01
4.685159801698500770e-01 4.674745141507935520e-01
4.656358194694798502e-01 5.335380893098385924e-01
4.241197385731693692e-01 5.943263222966037596e-01
5.677341100108799221e-01 4.236547166726966074e-01
4.173554688459843454e-01 4.615458673161175751e-01
4.261077652967296125e-01 4.900210983502519824e-01
5.950472188341018320e-01 5.573413104328717171e-01
5.236797513488520295e-01 5.575814465885998716e-01
5.167797404694244312e-01 4.603476805365430691e-01
5.038453049026072605e-01 5.427704396759991390e-01
4.092895137986771181e-01 4.642203914720958169e-01
5.664492221497703373e-01 4.188152412011698078e-01
5.241808598345293335e-01 5.036932079141388519e-01
4.928053840079553716e-01 4.597969996294782868e-01
4.391029013815326287e-01 5.006049082000522121e-01
4.781797533771608433e-01 5.348306635366462114e-01
4.466408952708425528e-01 4.915592690300136791e-01
5.789920406958961596e-01 4.573663591401328499e-01
4.604627262578901981e-01 5.926545323366698703e-01
4.444777368198178369e-01 4.163251627512988273e-01
4.212799954931682467e-01 5.636295672748776742e-01
5.492944367008479878e-01 5.242452986155193839e-01
5.284793415444146714e-01 4.583114662293475416e-01
5.447435179077783074e-01 5.424346121733465420e-01
5.175164969626740996e-01 5.909082653872951285e-01
4.356724335254792968e-01 4.884685647961966581e-01
4.683765228831828775e-01 4.923182866943520697e-01
4.657440995619159807e-01 4.975354637767390731e-01
4.056451631542219438e-01 5.562180252061090791e-01
4.697813904936793961e-01 5.512634298535553645e-01
5.274647467294594216e-01 5.209551475116824815e-01
4.847652096041378256e-01 4.872291527467652594e-01
5.933215498186810155e-01 4.252538607578363883e-01
5.888764037764153692e-01 4.749076990077263360e-01
4.793057133684560656e-01 5.584790521333078406e-01
4.827764441631695602e-01 5.059099320008414447e-01
5.417459611984987156e-01 4.864118933807597966e-01
4.934206925774333174e-01 5.154825007825190042e-01
4.873934768319351241e-01 5.127310471381668622e-01
4.164489515623017724e-01 4.219466213586255954e-01
4.356945659824780215e-01 4.995643927875672574e-01
4.082590663579254153e-01 4.014815899082249673e-01
5.796146652672954369e-01 5.982852693434999036e-01
4.749803976952707285e-01 5.437038460286782726e-01
4.035759601797338503e-01 5.800176840021250557e-01
5.681017889991357706e-01 4.589644998100985696e-01
4.232951658730811917e-01 4.680674839916340590e-01
5.240116983628422265e-01 5.767610842596919696e-01
5.307968141170634757e-01 5.891165291704828499e-01
5.926151281962025452e-01 5.953538598180897479e-01
4.127107256033515359e-01 5.580018524166588945e-01
4.921160199164312243e-01 4.844599050443573751e-01
4.302160155014060905e-01 4.193280978240752077e-01
4.365652793911211638e-01 5.440281496497989533e-01
5.949324517120748723e-01 5.385384987890727837e-01
4.287077834299863333e-01 5.340658768058940131e-01
4.045353349404096632e-01 4.536027330143917458e-01
5.613232293042865750e-01 4.499527170644156415e-01
4.692705601535984705e-01 5.453353956889610554e-01
5.296303619002022955e-01 5.362662831323894430e-01
4.132408604962999332e-01 4.851321689862828634e-01
5.649756146871330875e-01 5.556184197897993116e-01
4.746853190704347081e-01 5.011141202525620786e-01
5.624067771438729935e-01 4.277172322750983913e-01
5.188346405056282196e-01 5.960595542731054186e-01
5.575354529924446689e-01 4.689007885009899845e-01
5.638419319372300897e-01 5.584058474599606914e-01
5.660247958939765844e-01 5.047095891767656717e-01
5.391779411544130873e-01 4.944379392607345380e-01
4.743731474121871683e-01 4.853410535930847702e-01
4.038833989878091169e-01 5.826308076770576605e-01
4.857963903341542822e-01 4.652357607421104269e-01
5.812689302422466842e-01 4.566015033154059433e-01
5.006646057273225203e-01 4.977743534868209752e-01
5.082862356160622319e-01 4.388594029558610665e-01
5.849294640849349580e-01 5.954709813545340236e-01
4.817952430571146305e-01 4.069523570964808656e-01
5.166004326015898318e-01 5.092601197296181548e-01
5.258538054197422484e-01 5.189950141160543096e-01
4.274155263012771599e-01 4.677438213702097003e-01
5.692576871822478957e-01 5.075170490785116950e-01
5.739954312409740744e-01 5.224173909755043255e-01
4.641089860098095432e-01 5.420969782492151001e-01
4.064152271696859220e-01 4.856131058644319598e-01
4.042097245470639977e-01 5.210722285467619397e-01
5.937841124294372941e-01 5.414505938712599331e-01
4.817611751863317693e-01 4.641813875075928575e-01
5.809704402218136554e-01 5.115998004538854227e-01
5.785871837918566962e-01 4.193913796111130021e-01
4.858000892574771412e-01 4.519879287586476280e-01
4.800280081802263954e-01 5.689308362771726690e-01
5.959108154546508551e-01 4.657404635943975246e-01
5.547078680833663622e-01 4.092808313237999429e-01
5.430387894316281994e-01 4.800561008836083943e-01
4.659100588219110550e-01 4.595404445938721660e-01
5.312373328448467547e-01 4.710350112142338563e-01
5.595769565377797239e-01 5.390190536554329004e-01
4.086993214145511755e-01 5.496995826745912916e-01
5.903905302300160862e-01 5.713031429427947172e-01
4.990654021033655852e-01 5.985120544952975408e-01
5.011982211788418295e-01 4.995510824332587974e-01
5.218252635388886951e-01 4.239609816051465585e-01
5.881626502114352117e-01 4.613946094982389612e-01
4.460753631263143504e-01 4.736906051491133196e-01
4.036384127981860748e-01 4.976635721974016491e-01
4.125742834668816306e-01 4.059577577712052410e-01
5.110314058783409497e-01 4.974454846274665165e-01
5.006616953265291547e-01 4.792365837542297280e-01
4.825397801482635973e-01 4.945725404351248300e-01
4.157080607617094636e-01 4.948775100095363921e-01
4.323276896746856002e-01 4.672267882954899143e-01
4.468765675881794519e-01 5.546376529333088001e-01
5.364732889761001378e-01 5.378520432949340790e-01
4.367617996104447564e-01 4.352835181055523250e-01
5.485300118099332156e-01 4.939542124395137623e-01
4.311928809372345128e-01 4.617225203031111169e-01
5.974057253573925585e-01 4.928176062158152737e-01
5.934004904118492796e-01 5.464851761453936030e-01
4.097698427428502765e-01 5.129229811670427130e-01
4.347637410014214554e-01 4.136672726733294225e-01
5.635260959436867445e-01 4.554293002836370396e-01
4.771596178559565637e-01 5.938417289738191496e-01
5.419867505226733106e-01 5.268527352789325047e-01
4.840395350845823619e-01 4.529814493547025811e-01
5.005956441345177366e-01 4.319276834364952355e-01
4.028600531381287819e-01 5.335894727225387602e-01
4.776436389967237961e-01 5.750561596397405495e-01
4.718290649596971753e-01 4.508453241542058065e-01
4.838604070849249483e-01 5.044787657947756854e-01
4.909103414649793051e-01 5.596806502872740952e-01
5.323363683419017889e-01 4.834209002012557210e-01
5.382295492163502448e-01 5.435185274122228405e-01
5.152615408944086761e-01 4.572265285240844634e-01
4.129134432280393563e-01 5.522777485381041851e-01
4.439973363184925303e-01 5.758263352945443003e-01
4.747202571880504984e-01 4.445245213784482230e-01
4.415351482951269113e-01 5.796195144134821398e-01
5.929262179504795061e-01 5.049169329738292245e-01
5.657970547615882584e-01 4.401836333331035633e-01
4.536658881913953056e-01 4.711748095747812504e-01
4.515855532373153625e-01 5.470026996720288581e-01
5.174500196631686144e-01 4.238228735080040166e-01
5.554467504205414796e-01 5.841499548819620857e-01
4.978476942022744267e-01 5.311449226555229330e-01
4.162116119350707244e-01 5.389496627270629059e-01
4.471753925248872497e-01 5.390674473814064394e-01
5.831710345037228738e-01 4.346312831737488835e-01
4.249959956868756827e-01 4.790531600383851618e-01
4.491994591185164420e-01 5.435532280708502695e-01
5.605994364541888597e-01 4.598218788376364774e-01
5.973426673222065331e-01 5.870570652782018950e-01
4.793655475226932805e-01 4.620507362734771473e-01
4.428452401511700498e-01 5.844135663484053556e-01
4.661168269091267580e-01 5.355258426633082713e-01
4.706363154849745878e-01 4.568893209069996297e-01
5.401933563360028501e-01 4.848713021286846225e-01
5.987083934254407991e-01 5.579121102202113658e-01
4.232082630077831920e-01 5.328130355622310299e-01
4.733712926574081825e-01 4.695981819972137594e-01
5.274214140013501195e-01 4.533708149661418441e-01
4.601392964426843646e-01 4.361492012107126559e-01
4.670721101747106752e-01 5.606114962635427856e-01
5.337587661198675004e-01 5.647109776653599367e-01
5.552621316662326167e-01 5.793577743879083641e-01
4.120888738373195137e-01 5.779640343422381976e-01
5.670488361988691439e-01 4.300004496642353402e-01
4.739492789440670761e-01 5.987544297918585556e-01
4.188505057116363450e-01 5.869689216281102073e-01
4.845522085673819035e-01 4.259799275438272415e-01
4.186803868994163347e-01 4.584998183340927569e-01
4.201696782275102793e-01 5.076362729766071835e-01
4.919097920590758677e-01 5.158101146406635085e-01
5.187072323689069231e-01 5.226608208215396401e-01
4.027158185252469602e-01 5.601269424721992962e-01
5.330796231408916341e-01 4.388626418363142934e-01
4.775827615257663417e-01 5.003374056248713897e-01
4.594941321139183743e-01 4.617632998050881787e-01
4.840068623873794440e-01 5.451773474659968866e-01
5.511922233174431085e-01 5.369311089509632984e-01
5.521358187403255791e-01 5.770840677912699723e-01
4.154214505765195797e-01 5.583941885236141101e-01
5.705852573963476893e-01 5.418125205488946161e-01
4.120287276921774655e-01 4.185053338326086836e-01
5.292289081154064601e-01 4.512118982909791853e-01
4.003350502027526736e-01 4.350947049765494512e-01
5.575991066204268876e-01 5.384368474729022136e-01
5.468037004513623955e-01 5.009618789169124620e-01
4.041136510311560404e-01 4.670767758429666405e-01
5.757787487479337774e-01 5.357815956494583753e-01
5.277581389377319354e-01 5.954225246741958744e-01
4.182060906952949075e-01 5.482401370911871297e-01
4.330445394938143844e-01 5.370565725047994343e-01
4.716557269214232129e-01 4.009459766069050635e-01
5.267395057189960816e-01 4.565191838072555908e-01
5.989262940248563094e-01 4.842010847228814807e-01
5.291414554723290475e-01 4.922895141922385975e-01
4.898718467576138602e-01 4.563136620606183524e-01
4.285241160943520922e-01 5.881837921226070742e-01
4.469029636311475651e-01 5.072785158271911898e-01
5.957642279889450165e-01 4.985538715872508408e-01
4.051643839667662395e-01 4.099029626626424783e-01
5.007149886555640750e-01 4.281670514688146190e-01
5.689398883486977976e-01 5.873093161085074509e-01
4.717798113845957930e-01 5.351847791189530135e-01
5.873982410487111894e-01 5.909056569610349197e-01
4.500348794060961555e-01 4.895433019910843120e-01
4.086477271211675921e-01 5.515960920691447278e-01
5.243702087956199076e-01 4.332959316012389706e-01
5.427831216811798143e-01 5.109081573923899278e-01
4.990200267382239319e-01 5.279990706386386012e-01
5.908207800503232354e-01 4.446833646020462716e-01
4.220450196355290395e-01 4.711942256305013399e-01
4.422615144005124788e-01 4.641295361995930735e-01
4.660921019397009091e-01 4.938332761593677844e-01
4.520452600723709469e-01 5.812964660707116149e-01
5.363873151167847242e-01 4.165849904299392392e-01
5.955223277489429812e-01 5.039062903710838093e-01
5.030048926108107166e-01 4.683402968770808972e-01
4.620557944229216618e-01 5.964052994832215182e-01
5.621866391430295762e-01 4.416908792790624205e-01
4.493791070103801411e-01 4.012503124188373516e-01
4.405800346399409428e-01 5.095989335576086576e-01
4.287767417724029362e-01 5.611219422201265683e-01
4.591248818698276390e-01 5.916121566514371821e-01
4.480280996340937905e-01 4.027296616889230463e-01
4.218193639661558247e-01 4.891061083879344462e-01
5.249967964263355658e-01 4.489211654921975714e-01
4.561621267851064254e-01 4.567958165467749798e-01
5.259833909897684290e-01 5.146080169017617223e-01
4.867735705208460217e-01 4.404999350246418532e-01
4.118049554568342652e-01 4.683329455867201729e-01
4.247108543004036729e-01 4.869601425006825357e-01
4.886880215643863434e-01 5.066120605287505185e-01
5.934911921520662492e-01 4.096344531354806362e-01
5.868890049697579325e-01 5.762060368932235832e-01
4.777589363984660054e-01 4.963406022491745895e-01
5.034381372548822897e-01 4.938596125456363173e-01
4.361238317315511703e-01 4.048706449159273357e-01
4.987890146100664168e-01 4.152986265410300026e-01
5.802933178095304179e-01 5.688617315987718470e-01
5.567510084470489451e-01 5.196907375655139827e-01
4.660751893399571744e-01 4.482968023177646977e-01
4.080648963034848586e-01 5.010965200132309061e-01
5.791213291997149293e-01 5.447396731281031190e-01
5.845301740168914462e-01 5.602075148302014806e-01
4.654257098805510418e-01 4.181538299226238431e-01
4.449220485928401803e-01 4.055077010041822083e-01
4.761580329126826605e-01 5.577914819441474048e-01
5.277607973366635896e-01 5.623904658415423974e-01
4.607221024128904663e-01 5.160278289096111859e-01
5.068857894016430832e-01 5.771932229930010205e-01
5.880788092429611869e-01 4.689860060649125861e-01
4.059476761067257744e-01 5.532887523278552377e-01
4.923318743884047555e-01 5.153779773030312539e-01
4.030874776461491060e-01 5.678527873789105396e-01
5.044998777320418570e-01 4.015059999714784555e-01
4.180452189465773127e-01 4.688179971227757759e-01
4.363525690640256971e-01 4.067870508139339591e-01
4.680532289894521747e-01 4.456178381503604347e-01
4.948320239630488171e-01 5.985466920077072706e-01
4.133078256903948144e-01 5.425870372555243737e-01
4.915253296139007744e-01 5.245177911408289706e-01
5.857193223023728912e-01 5.384613453083046952e-01
5.891428924845310000e-01 5.897990187790732586e-01
4.552062024166463883e-01 5.817908148453014849e-01
5.824834175103985601e-01 4.716172027873898331e-01
5.982939477819790852e-01 4.493345986344501886e-01
5.347764202161010560e-01 5.956944805011289423e-01
5.137991327130894126e-01 4.902296327959608790e-01
4.896447191372349517e-01 4.622140496590758652e-01
4.950749582560172724e-01 5.369297431910784457e-01
4.746031349888600315e-01 5.590148804307313313e-01
5.735356055290445898e-01 4.820373510475979284e-01
4.860393534191830844e-01 4.238242786549094032e-01
4.331610301333426172e-01 4.464603303476997187e-01
4.461897544788562819e-01 4.237463750082509639e-01
4.486908496976052541e-01 4.206210571100283402e-01
5.451499725655070128e-01 5.803364024798268739e-01
4.469985880021014601e-01 5.759728076752188564e-01
4.491133420038079249e-01 4.881600656477477207e-01
5.402362555417438150e-01 5.942959824594681306e-01
4.493278102722161882e-01 4.426453201999647757e-01
5.501117370602762735e-01 5.450935921995493372e-01
5.866298798402119763e-01 5.570028881693251943e-01
5.538926496054217274e-01 4.681271294985650533e-01
4.581478564298481215e-01 4.710225173354909423e-01
5.824878861654534390e-01 4.394255781628545465e-01
4.932000896838434900e-01 4.734120115709933851e-01
5.662780046229858311e-01 5.775617000658248568e-01
4.664930863038846409e-01 4.917677782615345050e-01
5.774579943104513058e-01 4.045506937343297804e-01
4.794241642839132123e-01 4.989019418500947323e-01
4.553098775214168836e-01 4.417294518657558511e-01
5.398789116436341073e-01 4.477132494186043532e-01
4.618639675762354346e-01 4.676122399903360760e-01
4.253119555042760846e-01 4.461180972242724807e-01
5.085031582040629994e-01 5.028302112955338465e-01
4.543651413032805397e-01 4.674535176361533928e-01
5.538769220324667453e-01 5.779063120690771660e-01
4.763208984795726519e-01 5.744816598719501011e-01
5.424602836654131011e-01 5.302883946667696913e-01
5.476668968223072920e-01 5.549138178498974616e-01
4.243726224765628219e-01 4.251581088880597159e-01
5.737582028556080793e-01 5.052024987214921437e-01
4.089801952029229470e-01 4.315150937435192624e-01
5.782975441519500048e-01 4.045872998805055687e-01
5.667400493754140012e-01 4.265949895873428765e-01
5.129701916907213333e-01 4.339269423883758692e-01
4.866687002126240946e-01 5.934605467331115491e-01
5.746358007283225433e-01 5.486831358636976574e-01
4.140937034044682163e-01 4.130956634283105555e-01
5.343787839655189664e-01 5.917966635382567731e-01
5.663197420942859273e-01 5.508360300100785256e-01
5.062796985634873126e-01 5.679923202308131414e-01
4.333001585736281913e-01 5.237166726647928261e-01
5.384914738683372892e-01 4.722231901798583653e-01
5.409299623112993061e-01 5.941429701259832719e-01
5.900532836903955580e-01 4.511485539028530778e-01
5.421644975960087098e-01 4.156312167815418013e-01
4.039896487145084314e-01 5.525314326649150010e-01
4.730209895666318554e-01 5.598281383259400279e-01
4.767967672032344395e-01 5.442690969200232320e-01
5.669567534351356297e-01 4.997531047259183845e-01
5.592097909124738031e-01 5.039024191874355019e-01
4.733532127146292678e-01 4.303783680446587878e-01
5.127868561789525881e-01 5.266827544795679161e-01
5.503308132195452451e-01 5.452719796616751768e-01
4.032054689086961852e-01 4.861318275686550838e-01
5.965439539196626395e-01 4.155364872386037023e-01
5.536503270016964739e-01 5.344270142214616603e-01
5.883564534042177163e-01 5.541246945466160589e-01
5.193623392401568450e-01 4.721605221189864032e-01
4.992129399432180814e-01 5.559802791692498580e-01
5.372281294125000883e-01 5.868951633135539581e-01
5.987535771146024199e-01 5.754113301119239132e-01
4.546515671149938265e-01 5.664674255355734989e-01
4.782517345307883416e-01 4.414472574244628356e-01
4.831321534366670445e-01 5.978571277738169432e-01
5.547968898168447183e-01 4.934232812249127464e-01
4.368717200862578531e-01 4.501946206990987132e-01
4.065096836547426595e-01 4.755000477074141085e-01
4.265634031945279570e-01 5.891616230163845280e-01
4.502664574465595759e-01 4.381080094011279291e-01
5.142509669547459250e-01 5.245870079865712077e-01
5.260800800314415770e-01 4.426705381208644874e-01
4.412662727430468057e-01 4.889429081756123674e-01
5.113567469742056337e-01 4.347580677229722634e-01
5.278228251457647291e-01 5.880176365425611174e-01
5.125301976480798327e-01 5.521763838580319161e-01
4.454467355138664320e-01 5.945613773019879922e-01
5.537994770040162162e-01 4.166355117907213357e-01
5.575190887642585968e-01 5.154898994659248279e-01
5.292906046572057877e-01 5.993847317545644149e-01
4.935480598335165725e-01 4.209469449700400379e-01
4.042083000463373432e-01 5.176790101187949134e-01
5.169494948424162573e-01 4.653886303896295762e-01
4.645535000967692119e-01 4.123576348985908413e-01
4.465440144186978988e-01 5.790529619232007708e-01
