1.009222476222754183e+00
1.877389763526985167e+00
2.100320352262063039e+00
1.996280681694090342e+00
1.701608873016392298e+00
1.307622739629674680e+00
8.922999630638601687e-01
5.119845482434837169e-01
2.172067120830077358e-01
4.189506220953899407e-02
1.152374224013321458e+00
2.404730230504540156e+00
2.999913538896589849e+00
3.150801671526900716e+00
2.938283049387748314e+00
2.440389623392811735e+00
1.779001345140856172e+00
1.071465744943634224e+00
4.700306717046186522e-01
8.964590377884903982e-02
6.321794700899097119e-01
1.437210354360726416e+00
1.737198620464361465e+00
1.708944366800522641e+00
1.482347741842017230e+00
1.151406169360627230e+00
7.898623815907582779e-01
4.553390195167608123e-01
1.935306325518431625e-01
3.772648867796307010e-02
7.526752522206772156e-01
1.887637616872081203e+00
2.521349205634850321e+00
2.729602614399434302e+00
2.585534359258262693e+00
2.165840294917096731e+00
1.587964705411895716e+00
9.589983001881190461e-01
4.217207115191151656e-01
7.985726847123150729e-02
4.980682445366927391e-01
1.162301840558671584e+00
1.443351388819702041e+00
1.445602503931070926e+00
1.269037660583978377e+00
9.935511682757653951e-01
6.859214791624934637e-01
3.967791594204803651e-01
1.695691797906771214e-01
3.269334656288856722e-02
6.016678942327163826e-01
1.549797160978922728e+00
2.120473299437527270e+00
2.333196380961297223e+00
2.234260487816369878e+00
1.885258650153852633e+00
1.391215600953870979e+00
8.427321604652129317e-01
3.724898069700787184e-01
6.937195961069378414e-02
4.103726413749517743e-01
9.549765643583665309e-01
1.192047537332687535e+00
1.202203768665734529e+00
1.062854391545034138e+00
8.379718656618386774e-01
5.820793133155726107e-01
3.391978744883095143e-01
1.449753368776858786e-01
2.869617958445638481e-02
4.982176576650138577e-01
1.281333846138922317e+00
1.764072704768129274e+00
1.954625600821095155e+00
1.885754924566612090e+00
1.603629790660423104e+00
1.190951935798798322e+00
7.263010825983784446e-01
3.211679578886599273e-01
6.083367628079648648e-02
3.354158314952341291e-01
7.707195536228861332e-01
9.567948740626788240e-01
9.655858560741064078e-01
8.577251280159672309e-01
6.803965370964157877e-01
4.766395215981639732e-01
2.795240399153482436e-01
1.202286435659727648e-01
2.366481367863960961e-02
4.070754615840880830e-01
1.034942513825556798e+00
1.420610169334575179e+00
1.578079164916317723e+00
1.531445889281957795e+00
1.313004398913280024e+00
9.837591901711689735e-01
6.051303685769175988e-01
2.685816247755689057e-01
5.122483263502524559e-02
2.627834599928399184e-01
5.886496171696606883e-01
7.243029232769100378e-01
7.296592513139437131e-01
6.503311428846252351e-01
5.212610823807592997e-01
3.681022445184269909e-01
2.190828190696412769e-01
9.508937603840678099e-02
1.931668352159997618e-02
3.178435416816479120e-01
7.920516165072398751e-01
1.078220518356153734e+00
1.196340503905315433e+00
1.167192110429542629e+00
1.009476990747103509e+00
7.664729864742272358e-01
4.764237035605041193e-01
2.139909446245905345e-01
3.970135661072464461e-02
1.903019506783220627e-01
4.120992134900628434e-01
4.985418656077132415e-01
5.000168252000819491e-01
4.471342785108955442e-01
3.607164102401513306e-01
2.592663368190544215e-01
1.561248891542729167e-01
6.891739716126672743e-02
1.337950205373973980e-02
2.277289126031042388e-01
5.502577700769383240e-01
7.406269987785474296e-01
8.217442818313523967e-01
8.064231888874268117e-01
7.062571236335117852e-01
5.446275177057083861e-01
3.459113161098039679e-01
1.582642562722628155e-01
3.018471589941342653e-02
1.168178661569810317e-01
2.428897947636902421e-01
2.906224560008177082e-01
2.907231117117006769e-01
2.608958342014504606e-01
2.132153090125026018e-01
1.550337777513161874e-01
9.764671971327953948e-02
4.356631758486396999e-02
1.056601460626613656e-02
1.404129621982816711e-01
3.256603909336276415e-01
4.326285573942157958e-01
4.781150370807470962e-01
4.713906167242081224e-01
4.168931904457749971e-01
3.281380471340735738e-01
2.129897903792603298e-01
9.806150703168195482e-02
1.801528745343900298e-02
5.406357400829605447e-02
1.065109962926976961e-01
1.253371297835361164e-01
1.249599699296724403e-01
1.123299585610506163e-01
9.244681488714104334e-02
6.830281048557106105e-02
4.346904328717223626e-02
2.247818649224632773e-02
4.287118830137280449e-03
6.624666713895092929e-02
1.427350323080109062e-01
1.863355161512132985e-01
2.059952791703300312e-01
2.034220175209960346e-01
1.814516176475543530e-01
1.452775021172497405e-01
9.513167008630044053e-02
4.736330500277617650e-02
4.284003818211925933e-03
8.455694784955614107e-03
1.918271324275981973e-02
2.380773391955293139e-02
2.411522242045213010e-02
2.189661341925858151e-02
1.865639519197405047e-02
1.325015093176824636e-02
1.052073099548436058e-02
4.287118830137280449e-03
4.287118830137283051e-03
1.263479748347133211e-02
2.792741117010184501e-02
3.655073439667681778e-02
3.937208327914693690e-02
3.879736303814368403e-02
3.403290763519131734e-02
2.770783644565844028e-02
1.754517780294644752e-02
4.284003818212126294e-03
0.000000000000000000e+00
2.299867827700707856e+00
2.516186758127958889e+00
2.511453939231254040e+00
2.284818339761878647e+00
1.908316272310193851e+00
1.451834652960768191e+00
9.853587541480075540e-01
5.635793010697054406e-01
2.393412662139311753e-01
4.564800855124963308e-02
2.493110802028807527e+00
3.140434877108099432e+00
3.527870481589546525e+00
3.563965687641191149e+00
3.265524351491484456e+00
2.689157229394081750e+00
1.951470194091881272e+00
1.172411573433980614e+00
5.150168875677590963e-01
9.738480314043826414e-02
3.217509562997121542e+00
3.073909925087071837e+00
2.858103223774309143e+00
2.513608647014388797e+00
2.065410146759069310e+00
1.559584416599274048e+00
1.054774643167721404e+00
6.027399183867457877e-01
2.556525568790091185e-01
4.891267582489449567e-02
3.455782328348912635e+00
3.776201767478069016e+00
3.964771212527166355e+00
3.886001772959826628e+00
3.512213579378256512e+00
2.874267205009777282e+00
2.081325748639640594e+00
1.249653478457112499e+00
5.489271011388316968e-01
1.037575377076118965e-01
3.620544411004178009e+00
3.352242353813864817e+00
3.025048949950101651e+00
2.614203751873509951e+00
2.128938744978603914e+00
1.601964457385609775e+00
1.083398085119512633e+00
6.195892482750362529e-01
2.629835396273875192e-01
5.020451263520854523e-02
3.875468946385269842e+00
4.092491375999141034e+00
4.172064740213858869e+00
4.024934991843572618e+00
3.611860141541676672e+00
2.951440615168257509e+00
2.138407400107248169e+00
1.287137577793848964e+00
5.661542725498263096e-01
1.079032134273045229e-01
3.619129886179345501e+00
3.319437260592968730e+00
2.963401282876555687e+00
2.543064340712314575e+00
2.066469081373288219e+00
1.556878955560429878e+00
1.056700033919656390e+00
6.065435559869070126e-01
2.581021190863287962e-01
4.914088793376018838e-02
3.869327772352505246e+00
4.043532340027551797e+00
4.080385106329894818e+00
3.914573887977404798e+00
3.511014449513345070e+00
2.878259274821840297e+00
2.094832382286694994e+00
1.268085035281164563e+00
5.597403027212778381e-01
1.075321920921433611e-01
3.280839357453222416e+00
3.000476986477193186e+00
2.670214228151612357e+00
2.289911605774629155e+00
1.865635682399167994e+00
1.413462893536417520e+00
9.665915706897592052e-01
5.589751014027102283e-01
2.387808734574725644e-01
4.554112847267591246e-02
3.506810117216781819e+00
3.654761760229337852e+00
3.679923663414390145e+00
3.533531709189312142e+00
3.183987623243272669e+00
2.629465043708027583e+00
1.931634140585578585e+00
1.179891087454536747e+00
5.243324176923297442e-01
1.013836252273071226e-01
2.678322526348829946e+00
2.447567943548773606e+00
2.177671376905939482e+00
1.873140147949170053e+00
1.535224426204744752e+00
1.172674634388746640e+00
8.125075085558306487e-01
4.747501275934544740e-01
2.049227873028093838e-01
3.829920450125105097e-02
2.863608494799788406e+00
2.984785304504238290e+00
3.010580530531949517e+00
2.904028080722225624e+00
2.637080276065351114e+00
2.206995065413722479e+00
1.641358757228166043e+00
1.019797635671199076e+00
4.582056113938293151e-01
9.107616189086026326e-02
1.930617931475021365e+00
1.765135171024741156e+00
1.573955274734086363e+00
1.358829528683578758e+00
1.121915506001878615e+00
8.680500205703914895e-01
6.105723361923088843e-01
3.641982895577794421e-01
1.599366793535813569e-01
3.050368631485830470e-02
2.065051703440798470e+00
2.155442273200055325e+00
2.180282166543374256e+00
2.114943004827015915e+00
1.939390515197299658e+00
1.643407274175723964e+00
1.248607831087678921e+00
7.897577790090687389e-01
3.619629798298971690e-01
6.997163358838666414e-02
1.154991588846402184e+00
1.056077400001692368e+00
9.424324311414851163e-01
8.177181119420150468e-01
6.803037249847853074e-01
5.314818265565691702e-01
3.817749534168475289e-01
2.324635543049814734e-01
1.028275596184315271e-01
1.893968542973935645e-02
1.235685596586216128e+00
1.291727642658310860e+00
1.311350540431598155e+00
1.280263484459738921e+00
1.184936022323947791e+00
1.021477914089898853e+00
7.900868073749839349e-01
5.237385050429725908e-01
2.444837136866138960e-01
5.765319794550724519e-02
5.047984535531003791e-01
4.619059719967031352e-01
4.136660666267074626e-01
3.587921535106521342e-01
2.993650545928141504e-01
2.365609779084437148e-01
1.729827079395113709e-01
1.058270373103156747e-01
5.063034406070580917e-02
4.579507009925591621e-03
5.412753429733683230e-01
5.664530606513555888e-01
5.764306408633366186e-01
5.648888043620698962e-01
5.265245061790564396e-01
4.589819543883289499e-01
3.621527860123714970e-01
2.445146878538330126e-01
1.327521025653996545e-01
2.531894816535815509e-02
9.627693748328712553e-02
8.756478263302297504e-02
7.717513586034802087e-02
6.796751490755545411e-02
5.709595669884791336e-02
4.383914891040481543e-02
3.299187079666869582e-02
1.942213014970167739e-02
4.579507009925377382e-03
0.000000000000000000e+00
1.025748448053592915e-01
1.073822620177923570e-01
1.099518601759852249e-01
1.086890211423688218e-01
1.018687563512938321e-01
9.126811647709506814e-02
7.001143681463929680e-02
5.766748046111225268e-02
2.531894816535815509e-02
2.531894816535815509e-02
