0.80480710767,0.22350003093,0.58820683799,-0.34064168916,0.29183706393,-0.70678397344,1.76745801223,-0.29229768738,-0.40560510258,-0.82363184413,-1.03291461122,0.04280324636
0.74912365313,0.28176254036,0.30709500746,0.29087172899,-0.82384789342,0.36638280898,2.38093956062,-1.75943802680,-0.49288948308,0.90913470741,0.04108543197,-0.17951304796
1.03732847296,0.86642023323,-0.25611317348,-1.18751607916,1.22225149972,1.72511067250,-1.95709403516,0.34511557249,1.13579562325,2.46754002064,0.17556720396,2.16746024529
0.23445853230,-0.34019488086,1.17681937358,0.14238061766,-1.75302404310,-0.06359322573,0.42483098842,-0.78800344803,-0.97607056578,0.61244619593,-0.70037004441,-1.38936842178
0.78963672574,1.59798226506,0.67609448959,1.04237345436,0.23536372422,0.01902949234,1.20847511748,-0.93879911470,1.46991286080,-1.50554037343,0.81502504688,0.27525405039
-1.71701995728,-0.11404767938,-0.57483448663,-0.11687657169,0.30466963090,-0.35665224351,0.79783026940,0.68958410383,-1.17490428567,1.54244245699,-0.12155070982,0.04350991958
0.83700438549,-0.75027150234,0.55364792984,0.28291469287,1.38346262408,0.01271120545,-0.06886268005,-0.19735621078,0.33010922790,1.30511782145,-0.33373113517,1.43508383600
-0.77524716714,-0.85818769153,0.85279322987,0.51846013856,0.26151597916,-0.62091658479,1.10007961591,-0.59115202024,1.11827011417,1.31298386425,-0.65236246933,-1.86748100686
-0.06381077266,-0.10671264505,0.29424898094,0.32627968207,-0.46408951197,-0.41277600863,-0.04477015114,-0.76629463949,-1.22839858698,-0.22639204371,1.24135870003,0.57246327430
-0.49257889803,1.25084820074,0.75861688402,0.60555677650,0.39526891613,0.73121714940,-1.82969908681,-0.05514330154,0.16804949400,-0.38885384412,1.03233378565,-0.00389528996
0.84745727972,0.37799641706,-0.14131528778,0.60471694984,-1.13724888781,2.07799621772,-1.20751230771,-0.91985590051,0.67553205796,-0.44402331809,-0.95854633217,-0.26859954473
-0.30682634359,0.65948476719,-1.00446517402,0.64501569508,-0.80870146790,0.26628821966,0.24060772949,0.31330637398,0.46817121381,0.47823346242,0.36549651239,0.65205902417
0.83229755875,-0.14720201049,-0.01557164515,-0.08316362497,-0.64479041359,-0.33423636417,0.88730851406,0.05853440184,-0.02782120448,-0.09723138376,-0.61028206146,-0.01383432952
0.86104175322,0.23223376530,-0.72299937810,1.39464747318,-0.00463381878,-0.07651119980,1.32911468562,-1.38655947523,-0.35114502636,-1.35712607954,-0.19783585072,0.44938403941
1.87890179738,-2.84335717110,-0.89592530953,-0.12053525640,0.98648497371,0.29387306142,-2.05916315731,0.15816143450,0.17460957795,-1.52930308271,0.82963132639,0.48343585236
-1.59764467256,2.05409372074,-1.07105574445,-1.72110773579,0.63693491118,0.41323398056,0.25166802777,0.20153275879,1.21443996481,-0.27225957694,-0.14531819617,-0.29514690262
0.00534869003,-0.69803551531,0.09074201509,1.16105406285,-0.98450474398,-0.59548889979,-0.43523670881,-0.40760810943,-0.49937302892,0.18515044011,1.10734525826,-0.04193664584
-2.13741485735,1.53676615204,0.01708915778,-0.25946118013,1.87578484979,-0.03784857232,0.73566385744,0.76478019432,0.59089102005,1.09971056788,-1.09737693397,0.42048864116
-0.45622777615,0.35815912824,-0.04589851851,-1.38354699209,0.14531182906,-0.19634729141,1.04994600693,-1.15538136981,-1.69624248782,-1.44764039614,0.09009993563,-0.31357290394
-0.54097000163,0.14640222603,1.22935595020,-1.43885527638,0.78913394843,-1.29078966061,0.35103666904,0.21191603209,-0.51128031568,-0.81275168555,-0.64713150766,-0.57281139408
-0.34844951640,0.26684691902,0.31787413241,0.05830513180,-1.92685976121,-0.96485210874,-0.03936717308,0.38901362464,0.24865647510,1.27859691642,1.26001427795,-0.06873380956
1.32214429825,0.29081842911,-0.82334116298,0.87779366333,0.27105901246,1.63703974855,-2.18024339992,0.82384301477,-0.31013978635,-0.53699932486,0.57548319514,1.10205197731
0.10083844083,-0.67417049876,-0.16948603393,-0.69932072911,0.86889168476,-0.77056539579,2.14955070340,0.44021281930,1.29603664240,1.90761566431,-1.50116428816,0.12936210978
1.31050388795,-0.07367619269,1.77763002116,-0.11570275568,0.42648941066,-0.34314167457,-0.23656378983,0.01933992599,0.04191338816,2.93721751739,0.03987848533,1.64543361355
0.72016651260,-1.61868906725,-0.64545944319,0.38838884344,-0.67014470313,0.83052981873,-0.23881415670,-1.65486389275,-0.24404361770,-0.71344942156,0.97200900585,-1.56740871681
-0.70610090145,0.19046353972,-0.39774293725,0.17117933202,-0.79166747976,0.06042087869,0.59800988557,0.93276003676,-0.26826755598,0.86258654661,-1.15343682281,-0.28103212665
-0.63760393414,1.71858616378,-0.69006653029,-0.33761128751,0.15939247107,0.71797541338,-0.92009271340,-0.26261490802,-0.07684817513,-0.80108560810,1.33651989060,0.27415370394
-0.27285068238,-0.40383331684,0.85350064346,0.54649023424,1.58986299747,1.77714563360,-0.94775713877,-1.46577785681,-1.28756975532,-0.72291575473,-1.17013478244,-0.15984433608
-0.01866500497,0.26160882794,-0.09666475254,-0.10177483972,-0.53445701527,0.95179486725,-1.05455242789,0.03226337572,2.60747421839,0.67039353836,-0.83336529621,-0.28379421296
-0.81652047099,-0.12232552357,-0.37267538913,0.94609452210,0.52062653938,-0.15482372735,1.18987750961,-0.74647271042,-0.57133023058,-0.37072082689,-0.93208716709,-0.22279592285
-0.35179361993,1.36925229142,-1.36916547062,-2.23514678916,-0.83269468339,1.64709847107,-0.11543363276,-1.22630786956,0.70800131555,-1.01861068985,0.47870106978,-0.94429885679
-1.59809047769,-0.53737917957,0.44265204459,0.26123379763,0.78681639553,-0.66171136191,0.38989022190,-1.14534459493,0.34049726734,0.40061789210,0.91531434949,-1.08420883986
-0.71372253971,1.13438734979,-0.23411096627,1.50194192824,0.80476571578,0.26320264123,-0.45295544338,1.21634152196,0.40756965732,-0.78661949481,-0.55442587363,0.80561038524
-0.53035997326,-0.47690544401,0.74329904133,0.50761011753,0.94016459393,0.12856621946,-0.30749364827,-0.75371243222,0.11328369038,-0.48146003770,-0.82818269775,-0.09078336036
-0.55296353283,1.18693503383,0.38041691423,0.33296659797,-1.06573267965,-0.66402020449,1.54914464325,0.07503156300,0.13839952944,0.57838608098,0.22738283389,0.06975199991
0.55214348924,-0.74130771765,-0.21035309025,-1.28055372317,0.58751159023,1.62096574756,-0.10239936765,-2.58121360802,0.59153290608,-2.60922351129,0.67707902297,-1.35043483037
-1.41530412707,1.96380560105,-1.40167104580,0.72785981526,0.20494477869,0.95822864792,1.07750125345,-1.21035614534,-1.49676605184,-1.08707169781,0.73248851362,0.23523178752
-0.75624320221,1.06932071916,0.55242093712,-0.30774695577,0.55665937284,0.30251342114,1.37699846872,-1.55305259543,-1.45057683237,0.05710250242,0.38890485971,0.71186066411
0.25733836789,-0.24288263007,0.31793399264,-0.29526439767,-0.98814540626,-0.29409126064,-1.40489845764,0.93383721485,1.14096675815,1.56400200763,0.32550135255,-0.04921988852
1.72045217244,-0.08436284844,-1.68906297226,-0.28078356171,-0.64175132017,-0.28193423499,0.57185641704,0.37658295478,1.66138970898,-1.74287331925,0.75188068150,0.19335094436
1.86437055709,-1.20358678961,-1.87247318428,-0.20186855224,-0.40587175803,0.82377658616,0.70351928392,-2.97320288152,0.79848701149,-2.04352892954,1.91571028380,-0.95242773040
-0.07344298757,-0.68313632994,0.01002420904,0.12094053046,0.07976809253,0.66151268451,-0.97826204547,0.29528218238,-0.83816186844,2.53199180233,0.19850215258,0.46461708917
1.53988602027,-0.46018290802,-0.09632728105,0.49203407136,-2.47184255955,-1.01881863654,0.65015144891,0.92814302435,-1.11424751170,-0.94767525423,-0.63312262807,-0.62881157791
0.50837500496,-2.23150918397,1.23785143438,-0.10521612286,2.45814642727,0.87120426373,-0.68475097418,-1.68019589390,-0.49805937890,-0.25051235224,-1.87236082774,-0.57028074908
1.09696405460,-0.97426131346,-1.76602451781,0.67153330174,-1.09620566159,1.04990317773,-0.24224010471,-1.42309878287,0.78752668054,1.16675023659,1.30671183382,-0.31614039124
-0.03465921256,-0.53536569661,-1.43018277930,-0.37106631987,1.02537587720,-1.30820634979,1.67628263480,0.25119792651,0.37122347492,-0.05780806075,0.40559913722,0.70190110341
-0.92924573807,-0.02163120704,-2.18567750419,-0.21825054805,-0.33059311026,1.27970604857,-1.07997637879,0.25787346376,1.26981598122,0.14250222950,0.75601851716,-0.39604681662
0.52982866282,-2.75559880055,-0.96419360736,1.47691842196,1.06196302417,-0.14649580114,0.60401615559,-2.08098781498,-0.21520659118,0.06526259888,0.90944311621,-0.55769300465
0.44972882237,0.63189125550,-2.48446899799,-0.53710702827,-1.23686718493,1.05802025926,1.21568991659,1.29344340243,-0.40540709498,0.87896983121,-0.97741126921,-0.11475740475
0.54744193161,-0.54160087409,-0.60964008143,0.81337950041,0.84060116541,-0.11971780962,0.57853256617,-0.89590956435,0.98480209509,0.11515009594,0.40292325941,0.86473424370
0.62046422179,0.62219324213,0.59842899470,-0.98777844804,-0.87403346731,0.31980157858,1.28033528324,-0.66316544953,0.75431872751,0.90371276023,-0.46879008807,-0.54506527374
-1.56307753154,0.53084298094,0.23296299659,0.74936456072,0.97255668614,-0.09489466503,-0.97458782014,-0.10504378387,0.97500391550,-0.91804623445,0.21541332730,-0.40738153566
-0.29517813751,0.62119099189,0.44970282406,-0.35515349696,-0.47899511138,1.10478665270,0.01249599218,-1.32797639950,-0.96676302092,0.90856407954,-0.06050768213,-0.57101101322
-0.78205235896,2.87870087610,0.84106693467,-1.30689498900,0.00427645313,0.65743878438,-1.79213494032,0.03021537307,0.74009688034,0.53905391578,0.98928563394,-0.19183562532
-0.86106532693,0.64966221697,0.76527850181,-1.59421030618,-1.05653431411,-1.37458615857,0.48908205616,0.81222238779,-1.38922290838,1.48788587137,0.24869596857,0.00632508396
0.75528885616,0.07800709898,1.45978473678,-0.43696980205,-0.46046841754,-0.22297793771,-0.67197118098,0.39698135952,-1.54095542617,1.60512405275,0.15174739641,0.82838716641
-0.20171170160,1.08156264673,-0.23185749004,3.09416717560,0.56098472872,1.03483395178,0.55559777963,-1.47480345746,0.86314706616,-0.55925037125,-0.17195103774,-0.19277018463
0.16820571114,1.26977056928,0.83754013657,1.07690516180,-0.88459880887,0.43246487089,-1.42278046376,1.05663610689,-0.13342179408,-0.19382573290,0.05870772580,0.18408020356
0.69116748998,-0.36353145712,0.01215855512,-0.02368757437,0.01968615773,0.06216457042,-1.00729670187,1.42805778741,0.46954520900,1.60982169842,-0.98355887972,0.91084452441
2.43941359747,-0.45195133461,-0.43820405078,-1.22146766484,1.17077444583,0.20990636047,0.67085468249,0.03681679659,0.57026779478,-0.66175041412,-0.77896719037,1.46370528946
0.95311471385,0.35040340420,1.89395263027,1.14417833642,-0.28721335365,0.53020905866,0.24900463627,-0.65072207312,1.47667472466,0.22876861064,-1.46335134787,-0.68152629310
0.79656913030,0.11038200381,1.52044274551,-0.26621795690,0.30361976617,-0.46655984671,-1.09494206802,0.89641037713,0.13549885199,-1.14561744109,-1.20068482933,0.66861346557
0.65875639725,-1.22473521924,-2.74482009463,-0.58796197694,0.40211477837,0.71724586359,0.76721625315,-0.18755630797,-0.83443597242,0.02836878425,0.19132854347,0.12681092033
-1.67137719015,0.49658035305,-0.29974582405,-1.50884267314,0.42989199852,1.95438696167,0.23046421803,-0.81519484324,-0.18999930772,0.41391574203,-2.09011638010,-1.83978392045
0.00964602614,-0.38997161871,-0.05557794490,-0.47163684831,0.39330326229,1.14313244085,-1.37345425982,-0.88527226146,0.82741643665,0.83749681749,0.26376373874,-0.49080858771
0.95548099862,-0.00617097141,0.33165433859,-0.19988378897,-0.42791699318,-1.37777015734,0.09381693714,1.24868948141,1.64959939217,-0.26564215401,-0.22229096543,0.28348167164
1.17474431380,-1.21008955564,0.20510593992,-0.83823978037,0.24981230890,-1.80762102851,0.81417701327,-0.63946941445,-0.12413498767,-0.35225890368,1.61911324632,-0.28939081010
0.37460414119,0.13548543716,0.76191649929,0.35948656825,0.72612562120,-0.25213273937,1.10995136771,-1.28341502038,0.13353794739,-0.48550673826,0.14234029536,0.27065332140
0.15151407422,-0.90513482498,-0.81919188502,0.35081747844,-0.03915636396,-0.72714864408,-1.45718503959,2.41272239485,-0.46312271190,0.57071109205,-0.35757084579,0.29437507482
-0.38459770578,0.68533145066,0.92360996658,-2.79967221929,-0.77720501354,-0.29342792389,-0.32106614600,-1.34282273760,0.68626904358,-1.31552658085,1.23516929131,-2.20861841880
-1.19453790832,0.46785678686,-1.44186050507,0.93915188612,1.11808636505,-0.85622797705,-0.27725340630,1.40098262447,-0.26017482213,-1.74555363744,0.31712160986,0.44799276142
-1.52776526386,-0.91656214616,-0.53352904173,0.86645265158,1.10834192703,0.66281151545,-0.47072152749,-0.81048245304,0.46097348420,-1.56812828590,-0.92029395250,-0.47613471074
0.27222401009,0.21645059387,0.69254538621,1.17619813075,0.97671449577,0.24421006397,0.47073404315,-1.47311191457,0.31529365963,0.31562321192,0.51224866783,0.52619154434
-0.02030099138,-1.40628814222,0.31093732131,-0.59834444555,0.06033556456,0.06722058104,-0.43867615682,-0.16138293434,-0.21055508486,1.23268431970,-0.67598602428,-0.81891284189
-0.86920328792,0.38017841719,-0.51202519859,-0.09449890504,0.87795360853,0.80677424156,0.33762537476,-1.19158984962,-0.37979127688,0.58148721102,0.35558298742,0.44786889734
-0.22710114973,-0.00151615670,-2.09229830123,0.23910292660,0.05164546735,0.19521479582,-0.10480848810,1.62494633846,1.45134803275,-1.38485336882,-0.63849310250,0.30176775222
0.00945836851,-0.64685450834,-1.41555113990,1.54931057278,-2.61672032098,-1.05952299233,0.99173490918,0.40494972996,-0.75882114370,0.21651858111,0.64861639229,-0.88710346703
-1.55636429653,0.31269052914,0.14119606561,-0.24522478640,1.97122366117,0.73843285778,-0.36478181649,-1.23485176890,-0.63511316880,0.24495365710,0.01471060892,0.48010422227
0.83990316898,0.84924579968,0.42250453022,0.21696628911,0.82182758342,1.27458033844,-1.44213213685,-0.69109749811,1.86214162409,-1.85440434771,0.72619646759,0.08644312045
-1.95965722762,2.54754083136,0.52728294892,0.13656149376,-0.48059627256,0.94001914422,1.06200570949,-0.52004824185,0.26277576771,1.08274026690,0.17868338294,-1.06608819190
0.66829601179,-1.49574909538,0.07670928975,0.29388306282,0.21284535093,-0.36167199941,0.63016844445,-0.33628724919,0.40823995922,1.14263016267,-0.19079355612,-0.08681575797
-1.77701961483,0.08265823921,0.29677045709,-0.28166804717,-1.25489597734,-0.67590652972,-1.98368156074,1.19768027240,1.03521409205,-0.14771725058,1.28642249763,-2.66144925547
2.47941833552,-0.74980270071,0.01133523169,0.04329551380,-0.82968738569,-0.35376839599,0.49823455205,1.29419008323,0.01997822169,0.76190123068,-1.22534711138,1.09468971597
-0.95725457980,-0.44230303066,-2.63557475272,0.27238299242,0.84912434353,0.37735786667,0.18644089408,-0.03318301886,1.12331567034,-0.76805534531,0.76624720801,-0.02980593705
-1.54447371888,-0.05147579002,0.72611695292,0.77464787368,0.20658903253,-1.39537017612,-0.71830474751,1.18595864271,1.47661749119,0.56170414205,-0.06883326475,-1.04740369611
1.21965043730,0.99958396168,0.17330069857,-0.45864934552,0.17543619300,-0.86795733865,-0.81043938028,1.51034393258,0.89820292098,-1.58087949191,0.86682537307,0.68508244508
-1.14190387325,0.49384150457,0.22175457439,0.80334986997,-0.26575132279,0.75403320731,-0.33680480249,-0.82310414401,-0.90551819106,0.87266355503,0.26347115623,-0.59535879898
1.05778397368,-0.26626808677,1.51412507950,-0.01862940553,-0.96226600844,0.18048297001,0.27012985793,-1.50430412840,-0.84839139636,-0.87020625106,-0.23850297795,-0.76475679630
-1.81670589399,-0.13121356448,-0.05863225805,1.40411745098,1.76301045267,-1.01675005567,1.16072353044,0.00015257047,-0.63608949040,0.21009171392,-0.21072086709,0.98372060728
0.48834521467,1.93107487518,0.95935289045,1.99359246690,-0.31369015030,-0.05465555409,-0.09369136545,0.47274506879,0.94655841526,1.21610590348,1.20266657418,0.87979010452
-0.23595789707,-1.32609519465,-0.40440129847,-0.79941333503,-1.23701965041,-0.51433181425,-0.73415608099,0.00290130747,-0.60196822770,0.02709218412,1.30460810269,-1.51728516421
0.06728169599,-0.03157550723,0.70209676786,1.17785889853,0.03121059770,0.11857982311,0.14755479448,-0.93922867452,-0.66638878622,-0.79275825622,-0.64098640917,0.06412140648
-0.45630411169,-0.40423575026,1.18609422867,0.10384556658,0.20627380084,-0.27342392466,-2.11399951481,0.67981155927,-0.15278546741,-1.03626119860,-0.11151255592,-0.28945044462
-0.19092506236,-0.73912191266,0.23871547602,0.75981147841,-1.38644854825,-0.01138654972,-0.64765451133,-0.36634747449,-1.88789692078,-0.03793906067,0.25729331108,-0.88314326785
-0.38744467989,0.99189670979,-0.16425790245,-0.04515010282,-0.76155656343,-0.22093222251,0.26402373995,0.59077279574,-1.31294161461,-0.68633478916,-0.13662227563,0.11349822637
-1.17187382533,-0.56321566555,0.24970404361,-1.76197376836,-0.19264931805,-0.32565279362,0.38970347652,-0.43195305591,-1.61387372595,-0.31148668188,-0.75144473710,-1.84426870913
-1.18810121579,0.59058265781,-1.03622014014,-0.19723593580,0.07515406630,0.98384342363,-0.94038882843,0.05722459010,-0.50971850281,-0.52583621980,0.23661998549,-0.21421892938
0.58470784660,-0.12235387966,1.38828571388,-1.05133042322,-0.74754579668,0.04155624632,-0.71968986691,0.16487670037,-0.44286838260,1.24121325206,-1.14718778976,-0.49042245007
0.02939687776,-0.99694176902,-0.72576900505,-0.52146831782,-0.52864225283,0.04912917549,0.17480630096,0.51110609017,0.01016026840,2.25171666914,0.27146333620,0.20710235921
-0.19445390837,2.17519925421,-1.05697226755,-1.11345733211,-0.46710950678,0.66395051127,1.52455934376,0.54132920094,-0.14269137867,0.74482203609,-0.59615868131,0.44644596272
-0.99750920147,-0.35498974158,-0.65572424363,3.21426110051,-0.52930293542,-0.40519132680,1.22816708319,-0.28715004903,-0.76363848316,0.12923243096,-1.52213838807,-1.00623799720
-0.02782884880,1.06018517613,0.03580627060,-0.27516008090,-0.06540028451,0.62782640711,1.01425516883,-0.73809546115,0.67812312155,-0.06179327979,-0.38995977455,0.02023189797
0.48943259125,0.59808794772,-1.24809685387,-0.21642268399,-0.39590433046,-0.47864765814,1.23735341024,0.24140823859,0.32021586720,-1.94227624690,-0.01973473997,-0.04169748005
-0.43675462155,-0.31235643272,1.34859883437,1.53346292498,0.64090545466,0.79043926770,-2.05486927487,0.40991952587,-0.43526059842,0.34026306246,-0.90589983994,0.25410158387
0.43105406282,-0.01140409009,-0.14842531377,-1.02723689920,0.85819366083,0.19090421856,-0.27536975870,-0.47127156442,0.91976876440,-0.88901747516,0.33810760423,0.20532301356
-1.12805177075,0.13766876538,1.42308086581,-0.85097181268,-0.23347884111,-0.82309437940,-0.50575900078,-0.27551841301,1.28449222349,-0.17688949540,0.62074781096,-2.01367404279
-0.93046273754,-1.15796699279,0.72290122659,0.55571325912,0.52507502629,-1.30638151141,-0.01903282918,0.31471758119,0.05982851155,0.95068450836,-0.02941755157,-0.28180671773
1.67095497030,-1.03662164753,-0.73418088216,-0.73729293944,-1.31481691747,-0.67310935041,1.77971392356,0.38205668217,1.87570612953,1.13110151143,-1.39707502911,-0.75729961139
1.06284746146,-0.65292669225,0.39821562146,-0.05240343577,0.05822932375,-1.02947322446,-0.58131790704,0.38400925630,0.59670811444,-1.71652847305,0.79623059439,0.06869237770
0.67290069825,1.76801868973,1.03875348376,-0.14215280288,-0.30678391868,0.44255569615,1.30846987444,0.31924389120,0.23966793888,-1.16989541380,-2.30963001848,0.02105650255
0.05825643841,0.90217936198,-0.63917247877,-0.36405172146,-1.19792345596,-0.63074702594,0.61458001014,-0.46453262835,-1.16229669396,0.14019276483,2.22126741565,1.33330221793
0.27393542342,-0.10868782688,1.77369276527,-1.32079471003,1.28550054028,-2.42876225622,0.90037457618,0.06593975673,-0.74299616963,1.49857721113,0.40760111025,1.13843520656
-0.97461336310,-0.06891398063,-0.42482854449,0.73005057780,1.03818394245,-0.54682516525,-0.38628174121,0.57848369024,1.69826266730,0.11817170062,0.14885294742,0.55636205350
0.29502950842,-0.10290401574,1.49270816024,-0.30914337511,-0.15550491560,-0.31943933354,-0.97224303945,-0.49852297772,-0.20381491217,-0.77399228178,0.89690401831,-0.27912045109
-0.44000660188,-1.47333847856,-1.96279998533,0.72712236520,0.25636746771,-0.82948575991,1.40378850104,0.17412489579,0.06634546376,0.63329543464,0.32264299046,-0.50035729746
0.06134962366,0.51585671717,-0.77426584933,0.14485384958,0.39775439545,0.70196320480,1.20802969162,-2.00576482820,-2.21402723014,-2.31356272881,-0.03580250001,0.08410938345
0.12546449377,0.26688683192,0.79614388142,0.06548042819,-0.20825703191,0.10811633568,-0.23604260590,0.89649290129,-0.50053492673,-0.26371716108,-2.24848058594,0.22986598586
0.53369188971,0.15181499327,1.92966261706,-0.95853481018,0.09136911565,-0.06826318553,-2.30525803801,0.45634642102,0.16793666815,0.15557048163,-0.28516682495,-0.28091058962
-0.28381087445,0.16641728184,0.43583539648,-1.26959462502,0.31507434674,-1.02066412414,1.12653898032,0.87428289039,-0.84811273076,0.12395809095,-1.17459200901,-0.25041031249
-0.20391635770,-0.28464115859,0.86450905188,-1.16916606012,2.20974546354,-0.06109033827,1.68033520954,-1.88526175576,0.46101383524,0.74849077394,-0.40909799883,0.02107084275
-0.46716226209,-1.14176591487,1.05197739715,-0.67559925119,0.48426122891,-0.69901982003,-0.47697287456,-0.47346640546,-1.08522264992,1.07821691107,0.44048832816,-0.14391488366
-0.00979823738,1.10884847943,1.06249465841,0.88000968808,-1.14578315507,-0.51168718417,0.04657648414,0.82940792345,1.12045493106,0.70886240462,-1.13859857456,-0.03935785468
0.91765437523,-0.80086048072,-0.22018583148,0.76349912714,0.45219248180,0.41397563617,0.54560073375,-0.96632461694,-1.07647294408,-0.81580266861,-1.54069527909,0.20338154257
-0.05660611634,0.02917510499,-1.13210789052,2.42816164676,-0.01173009453,0.20608337978,-0.15153902715,0.07796096837,-1.03413637071,0.13720240344,0.42120138101,0.59423392408
0.14589129047,1.06409030234,1.50082853592,-1.36785836067,0.87095610747,0.31180080081,-0.29339969700,-0.67402652401,-1.44535151399,0.34001295070,0.10977488147,1.00851636745
1.87313928252,-1.04195283145,0.41937157572,-1.38506753857,-0.82853367409,-0.24957780102,0.16192585748,0.46177079918,0.36130910314,-0.99669135164,-1.50512449365,-0.72549282948
-0.69939663752,-1.89817609240,0.63687145170,1.15316939758,0.53793722451,-0.54196890311,0.45891592255,-0.57911688675,2.30252826917,-0.60567277696,-0.62135228661,-2.04045740156
-0.35983764216,0.94608166229,-0.40885801914,0.53187097778,1.19794942710,-2.08736634045,1.70696113225,-0.35559344695,0.18294199538,-0.37063916884,2.04695686058,1.32187852444
0.44264281207,0.05356758388,-1.62207205880,-0.24886120127,0.31285635695,1.03655143552,-0.36953395698,0.53225492092,-0.70529648867,0.15235406169,0.03517703930,0.60081566834
-0.31497523653,-0.93996474015,0.08707282815,0.50050303220,0.11219148081,-0.26732198353,-0.37028269464,0.02117468341,-1.09172540049,1.17192339980,0.34112727788,0.46108935857
0.27167409027,-0.42066330680,-0.09127264116,2.67422532050,0.51541939895,0.62444458584,-0.09556526069,-0.17327628836,-0.62163293465,0.18213678126,-1.50673530411,0.60053071824
0.65013405009,0.79094594161,-0.82532844029,-1.04990298510,1.03260209350,0.06812978105,0.31043166790,0.13534965453,0.65470867595,-1.75070293446,0.30645316759,0.82386597426
0.64009837158,-0.79104583365,-0.14910435198,0.53814773677,-1.43028851014,-0.09030442626,0.89364486078,-0.53852124408,-0.71535324697,0.54931346884,-0.53200039477,-0.68922178884
-0.51216449671,0.12480027822,0.71746927398,0.34836958566,-0.40259018889,-0.65757199925,0.17354817497,-0.05883342557,0.61554851405,2.18199329383,0.80582483877,-0.03792377133
-0.70236248110,0.37560988049,0.13956219894,-1.38945279073,-0.40288658333,-0.72372394266,0.29295111272,1.25977334585,-0.33354287824,0.72364079257,-0.95930257263,-0.41257648208
0.72567126491,0.82114377183,-0.75810464930,-0.77739935663,0.10228660035,-0.01173100455,0.72686161405,-0.77497712129,0.25662884471,-1.23107858527,0.98587966499,0.66583190601
-1.06797267147,-0.37607084714,-2.18312073562,-0.10899367621,-0.16354284627,0.54316362716,-0.87239461099,1.91355078588,-0.92475176812,1.43807459214,0.17286292737,-0.43452847077
0.00704416062,-1.17572005681,0.47041152689,-0.27625738933,0.53326363068,-0.26227748660,0.24394892064,-0.28287032664,0.22599158079,1.14576048672,-0.61603978385,-0.39393375841
-1.04236625067,0.11226523755,-0.41617349855,-0.09396292233,-0.07898464542,-0.40103000819,0.21994769261,0.40655369962,0.62250552323,0.91493642522,0.33267761903,-0.11866005660
0.08588184435,-0.24952912148,0.45855001874,-1.72466713028,0.84829521626,-0.15074162879,-1.36051297611,0.40277174233,-1.31248416866,1.09733319122,0.59850070804,1.00668682742
-0.79414643143,1.03867801342,0.41154608398,1.01165907706,-1.02686366742,-0.85693982735,1.08637145459,0.78706740761,0.34805714229,1.60873757844,0.06525442311,0.07302747324
-0.12985452612,-0.05238260254,-0.54693292727,1.01924653321,-0.36601651994,-0.64266948647,-1.40185328090,-0.22475251678,0.17547982534,0.73305148584,3.05656721517,0.99695738984
0.21632484964,-0.55559840322,-1.13156574702,1.19148153206,-0.88942827796,0.45340178111,0.73460094185,-0.66371670160,-0.35732253519,0.03909902198,-0.81237033239,-0.48392330603
-0.32796187005,0.26766196883,-1.08976953714,0.29076966854,0.28917018789,1.10405764421,0.70413654064,-1.66188802276,-0.20686841897,-0.81498740280,-0.10742211394,0.08149577099
-0.19221044596,0.24180925298,-1.09673428293,0.19298519686,1.10836121601,1.40454289993,-1.97687225997,0.33572393911,1.79795331937,0.11398206404,0.72112336502,0.84223324583
0.25673005114,-0.89386550444,-0.72772282382,1.76467231978,-0.85365267361,-2.14309471520,0.33707699979,1.18157937535,2.25061992559,-0.20934399253,1.21747500446,-0.45084521931
-0.00416893090,0.55988014178,1.35485414167,-0.55852203734,-0.74753331420,-0.82211325760,0.32678034407,-0.42550430719,0.05686823889,0.54447025175,0.67717912470,-0.34286786779
-0.26368288884,0.37023718291,0.21086340664,-1.24881581189,2.17023234972,-0.47638236305,-0.12893227370,0.79507940940,-0.68089902698,-1.11591993952,-0.42603785235,1.11766168007
-0.78098818534,0.28956681279,-0.07999891192,-0.06283552609,0.07007249162,-0.41388432925,-1.45957050262,1.51791159191,-0.30723784285,1.58276848654,0.93898675802,0.67208326442
-1.85222408142,1.20370061515,0.75199521568,-0.24670268268,1.31603477588,-0.27166384012,0.28260524985,0.34515409977,0.15298042871,-0.06758499103,-0.83626595157,0.04534939009
2.09675540012,0.23798711127,-1.41987127720,0.18669881668,0.72866592916,1.17193430677,1.37893885678,0.76422249142,-0.33657449488,0.75983365608,-0.37720466488,1.98973477523
0.81158982573,-0.60249211174,0.53504011487,0.73931186755,-0.32564763427,-1.31671620394,0.34339549981,-0.79879131808,0.76670763987,-0.18744393694,1.70443239602,0.22786343144
-1.19618256024,-0.18050719085,-0.71533947770,0.79269973871,0.40649696873,0.44963551859,0.65458947054,0.04781216755,-0.71884967033,1.04017915114,-0.70717630218,-0.23302238473
0.15435190758,-0.33561790657,1.07378062454,-0.16367955540,0.02494493769,-0.97619256003,0.38357562408,1.10032775821,-0.75689321468,0.79437576433,-1.32132298533,0.18375371336
0.57822915704,-1.62896775017,1.42693013281,1.42980246934,0.34737244809,0.27392548264,-0.69479245467,-0.85185801781,-0.89748940772,-0.29417573860,-2.04086883529,-0.37318727062
0.03233573791,-0.49770723550,-0.02961027645,-1.33577878055,-0.77823600002,-0.62965205945,-1.32568262892,1.33191134351,0.16944098015,0.27585416809,0.07218579055,-0.73106245013
1.53281337306,-1.65431314797,-0.85489063265,-0.03970838175,-1.42611832953,1.03146212323,-0.93139746541,-0.94745380580,-1.96627931633,-0.54850752824,0.99816562284,-1.28050154020
0.52854886134,-1.30319626310,1.59160297020,-0.25705906465,0.30362064095,0.42070730870,-0.94595791846,-1.33512303705,-0.35578649536,0.09555052176,0.23338419077,-1.02405988942
0.67690408056,-0.18038876802,0.85461688560,-0.50797193950,0.18487436208,-1.39326635496,-0.17365637547,0.11912995500,-0.09597804271,-0.68699269432,1.01897079245,0.26446278240
0.12351145734,0.10659591502,-0.28316458242,0.21149122844,0.18239357554,0.47209179696,-1.12834060037,1.63512149714,0.82744936804,1.60104724131,-1.30383818077,0.79553078837
0.85948988359,0.23445883758,-0.06800715559,0.58442636188,-0.72255019494,-0.10035028671,1.17653682800,0.58631196262,-0.56382769187,1.24755450542,-0.62020853486,0.85762375746
-0.71246209346,0.23257857107,1.12549183058,-0.33021102641,0.50256402731,0.23475419356,-2.03947711005,0.43996331059,-0.29026743785,1.52815461829,0.53531563196,0.05014664185
0.11006939126,-1.01190541082,-0.44478162341,-0.23203817899,0.13550420708,-0.46650900590,0.17052677456,0.38961493636,-0.05104910982,0.08111922877,-0.40190370762,-0.21888057361
-1.68070998459,0.91819478936,2.39345186437,-0.07743080830,1.04894617667,-0.15914574174,-0.12570522983,-0.10533173561,0.20786523929,1.61676589597,-1.45766074768,-1.09779602457
0.46645660601,-0.84100536293,1.41274450710,-0.50365719249,-0.32699253289,-0.48237345535,-1.67786212037,0.96006939117,0.75035897005,0.48455436927,-0.92979905914,-0.26986637049
0.02355161858,-0.54316097900,1.65201593522,0.72989936629,0.48830635737,-1.31854930607,-0.65134374154,0.54507989481,0.98026483206,-0.89185180953,-0.30172333993,-0.04752279527
0.71143076541,-0.59124491510,-0.97695511118,0.25253342649,0.14267170472,0.78281974953,-0.12920511037,-0.10917169680,0.74323885079,0.44676691066,-0.40089355436,0.59722071524
0.07330004841,-0.00346087723,0.81374021390,-0.28569811415,1.15469461866,-0.28415521108,-1.63103466324,0.10620121069,1.12688388121,0.01475681036,1.00502208023,0.69572590129
0.63258893032,-0.30026840945,1.17663666396,-0.68925845236,-0.66035255090,-0.39609335122,-0.76840941754,0.01898513490,-0.51765963484,0.05777884927,0.16073271311,-0.24099645568
-2.57884565876,1.07556500384,-0.04635105398,0.65765276246,0.76118634969,-0.78745798453,0.38254451179,0.93540398292,0.39755989715,1.56414722740,0.25224223051,-0.52942415509
0.92876753257,-1.02964589373,-0.80743731260,0.43184751280,-0.99964672546,-1.00330920305,1.78818751777,-1.10983778224,0.27462686689,0.84533449814,1.48271119419,0.31180748587
-0.65515764092,0.17145815864,0.64427381856,-0.93783491849,0.08315393997,-0.76419395220,1.39613830552,-1.01464268843,-1.37296845879,-0.88079081063,0.16062678196,-0.29090333057
-0.29411076250,-0.65790885414,0.70965999814,1.91403771094,-0.45464290097,-0.93116779432,-1.29457364832,0.54395985372,-0.64699043671,-0.40835500611,0.30326557007,-0.44668135090
-1.73274607095,0.55440748910,1.05116954525,0.80491720341,1.54244044394,-1.40059899395,-0.18947372192,0.26216212016,0.82026220863,-0.96169107446,0.10266529658,-0.03564277332
0.63132620027,0.66171085417,-0.82268262159,-1.54470664047,-0.02489071948,0.19939473869,0.67770629943,-0.74474221604,1.52125105408,1.20393504149,1.16060288252,0.99947281918
-2.09098962948,0.84923361783,0.00940395626,-0.83211087990,1.26845208886,1.00486625159,-0.97446231906,-0.85154631897,-0.35423306247,-0.32569811726,-0.28055818169,-0.58158731030
-0.13122225503,0.05168319546,0.04890904585,-1.53067003731,-0.47777800024,-0.22913822458,-0.02624624315,0.09410901353,0.79092142436,-0.06691528181,-0.04594592472,-0.87558568565
0.79402907504,-1.52251681077,-1.01701251042,0.82275306783,-0.84134615794,0.34963415469,1.03645020569,-1.54129912270,-1.18409275597,0.70414407616,0.21083897412,-0.84451291603
-0.00929978963,-0.15604902081,2.22275423375,0.23609884845,-0.64521233172,-1.04839851397,-1.43593616131,0.52410023155,-0.54970568895,-1.36733387398,0.14957550660,-0.66734556790
-0.54572790910,0.64495711858,0.73787900903,-0.53874383872,0.83048737044,-0.18550705842,-0.08676008625,-0.34424879115,-1.84180069980,-1.35859706945,0.38835848020,0.80005283600
-1.19061781253,1.46492572658,0.12133641695,2.72174622362,1.02020943701,0.36215869417,-0.03628781527,0.73743715950,-0.13341463751,1.78867203718,0.29874696608,0.57515386452
-0.17010645792,-0.75118875255,0.26857209697,-0.22463593390,1.96260334725,0.44180785704,-0.56441520243,-0.25506656737,1.75829191061,1.44285965578,-0.85538048174,0.57162629763
0.32906970909,1.05447762694,0.20478405569,0.97803744697,-0.36763881610,0.60083532909,-0.63440992584,0.44971234267,0.70740995663,1.98893987877,0.70438649704,1.06894826941
1.77222926879,-0.15622567778,0.72197366896,0.38235102793,0.89075306714,1.85702204647,-0.07247897939,-1.97216900378,0.79526641728,-1.26586288709,-1.52730520482,-0.02564878137
0.44439739767,-0.91937436210,-0.08251240423,-0.74279574149,-0.36734370646,-0.84639720140,1.08912638294,0.24442538624,-0.72688574136,1.90544004057,0.27394040829,0.60440418457
-0.18478293074,0.37225424221,0.18062794804,0.90555430161,-0.82851971513,-0.12258072346,0.86584232085,1.12986692172,0.95387108592,2.09886596336,-1.45726574982,0.33634671210
0.97184845808,-1.30488697091,-0.50814396601,0.05542034931,0.04307022565,-0.14288954344,-0.72047741012,0.14592398852,0.89886286900,-0.77132580159,0.32106361151,0.34301834162
0.84854029987,-0.73600380557,-1.21535182261,-0.41100032694,-0.22568082945,-0.05248287009,0.29577746253,0.29637314429,-0.52534385257,-0.88709977076,-0.69118077404,-0.06338681229
0.14182531974,-0.46882833144,0.52297384959,-0.01276186083,0.18674127251,0.20566283036,-0.60093213005,-0.05496509080,-0.32762191449,-0.41411467991,-1.27423613513,-0.01433094572
-0.32851335962,-0.66076194091,-0.30003867968,-0.98456751196,1.91516725010,0.72744509409,-0.76437683865,-0.46479882177,2.06203236227,-1.45286806258,-1.42634014762,0.61520378053
0.49752260909,-2.84480401898,-0.33688504671,-0.66166330820,0.44576262529,0.30465265141,-0.09465408972,-0.40062103182,-1.32876048334,1.84162695882,-0.68664741142,-1.60970029706
0.82651971448,1.35206893657,-0.46013671687,1.47772428147,-1.99422546873,1.89579340458,-0.61458517009,-0.23724198474,0.45962716274,0.03997074642,-0.76718296893,-0.18510227032
-0.09778657748,-0.21720572460,0.34882265696,2.93755955217,1.20155656699,-1.45477182662,-0.50869708066,0.45136241276,1.10740562314,0.51393531024,0.86972031655,1.61508584480
-0.22000409153,-0.59367449867,-0.23558032909,0.66713494264,0.82017415532,-0.55130014570,-1.04035458912,0.44162676277,1.31572217200,0.64415399724,1.26210220681,0.84440254062
1.55125108182,-0.26838921275,0.78940261168,-1.46470611483,-0.98488898755,-1.40886142500,-0.60231714223,1.72804128787,0.26852294897,0.58615735547,-0.35465761602,0.23952909247
0.55614726657,-0.03213100177,-1.02071530863,-0.05583947446,0.53577812349,0.72032305822,-1.70480332791,-0.34123280279,0.84920199405,-0.88878956746,1.80479833533,0.40043338021
0.01578497003,1.10001841339,-1.80735635938,-1.05315797207,0.30965250653,0.50653560420,0.52442009337,0.42104199357,1.83852781909,0.27285287487,0.30207517509,1.06068922117
-0.00010573348,0.87968848620,0.03514930728,0.79222257918,-1.10127393314,-0.18362612833,0.08819913520,0.87086014009,-1.50284624379,-0.39119506979,-0.43593968412,0.12232319126
-0.55065040556,0.47154555427,0.02959750091,0.44809785833,0.73532423675,0.38790387892,-0.48378625169,-0.67500703171,-0.07281995782,-0.80769003074,0.49120801899,0.56038114645
-0.73645561309,-0.20961492462,-1.65232709373,0.56913911077,-0.40005501771,-0.30932671223,1.30356208662,0.14312496936,0.84751827840,-0.55255897943,-0.57411674155,-0.43675236310
-0.81812745284,1.18163044252,0.44266431734,-0.43378942975,1.09418963536,-0.57791764100,0.50852739270,0.26223042076,-1.63332276973,-0.83956921740,0.11065340225,1.26074720506
-0.37914076296,0.86443065613,0.40065847654,-1.01018804098,0.74858092278,-0.26614340766,0.31891241646,0.73548556030,-0.93341491005,1.16109189814,0.00808553885,1.40178236247
-1.45053815405,-0.20473490758,-0.79284167936,0.45703140084,0.72304257399,-0.43828589929,0.79693119917,-1.27070153811,-0.87818905639,0.14151935971,1.51446532943,0.46862356518
0.47508289056,-0.54012111458,-1.43950859925,0.93981799254,-1.08868609077,-0.07057511351,0.63226554752,-0.22105885090,-2.21390761365,-1.15703337443,-0.48254617293,-0.77451057083
0.93817179342,-1.21406246922,1.21572215962,1.34881977778,-0.42625635567,-1.63593852770,-0.68411363222,0.81920060005,1.67304636128,0.20378571313,0.04213525437,0.34900274419
0.73829598262,-1.32402758039,1.67160058261,0.61420884482,0.74202740211,-0.73651553925,-0.56331124164,-0.05318360777,-0.83204378278,-0.58250223177,-1.48607333957,0.29385368059
-0.13367023817,0.23066858112,0.73211267578,0.07066475542,-0.29656779446,-1.40657277480,-1.76155271777,1.98917234340,1.27734235387,-1.89323216225,0.79214907058,-0.97162660606
1.95168621328,-0.05675168229,1.84387559550,0.15461940328,-1.76669306067,-1.45737615054,0.81502865195,0.48413455866,-0.67252686016,0.37310206027,0.05601604491,0.58171537632
0.41653502669,0.53498398636,0.13238464872,-0.13136084852,-0.11923059069,-0.04850355441,0.08346076302,0.43692710687,1.00310098320,0.12542207529,-0.35600846873,0.82258774765
1.05725086087,0.71611218365,-0.23050416384,-1.43640229599,-1.77283992038,1.24862552357,0.26067372817,-0.67026219516,0.66396398228,-0.32087364623,-0.76834297151,-1.19391918633
-0.04600552437,1.50227897679,-0.62345302455,0.95879021367,0.04053760235,0.60592579509,0.52149685251,-0.78957487561,-0.64974411219,-0.65163761226,0.70207912267,0.93687984352
-0.99632772003,-0.04011908374,1.36108160629,-0.97890473883,-1.37191056006,-0.60872219707,-1.35699116086,-0.20649708474,-1.18025226629,-0.41200506629,0.76280186240,-1.30444188976
-0.21990605644,-0.95050964934,0.17653417073,-0.13552654064,-0.41881685807,1.13782266274,0.43136593353,-1.23485913922,0.10860889826,0.99670174286,-1.17839366712,-1.74405000615
-0.72386613831,-0.16881188631,-0.15431869407,1.09662045409,0.32989107969,-0.07833064287,-0.52572425108,-0.17047616182,-0.63090854372,0.15148424335,0.37332315829,0.56477615771
0.11133785457,-0.04177530717,0.20374174451,1.31451647713,-0.36657754858,-0.39713463178,0.79071427531,-1.01091819899,-1.90653938302,0.83684383974,1.07313346399,1.44110115054
0.87658473121,0.24251816956,0.33136616003,-1.53130683052,0.64120334223,0.39823844613,0.51040061065,-0.51604679516,0.49027763607,-0.33721405084,-0.80901337741,-0.10347576764
-0.30820371165,-0.93130367307,1.08848257983,0.47603968158,1.53804263982,-0.11122183830,-1.31900859613,-0.00375724813,-0.04148889036,0.40922583270,-0.76482220684,0.52373469229
-0.85427113630,-0.55482357653,0.99735536007,-0.41628779044,2.39819490274,-1.32295311809,-0.33437850402,0.74352893683,-1.71888261564,-0.89666243172,-0.49051896431,1.19689253519
-0.75784791826,0.35741733003,0.75937996009,-0.67840455718,-0.38268262098,0.19651444242,-0.37286414157,-0.68468214343,0.17467761608,0.82929110962,0.23792263100,-0.83892488340
-0.82904774221,0.26786504457,0.04422926468,1.53899208613,0.58252114260,-1.89517876963,-0.56418156492,1.17548385330,2.24624057096,-0.45544811329,1.53083415421,-0.50311350644
0.27747678506,0.49677770202,0.52495664476,-0.38766409515,0.04508207105,0.23696904122,-0.27092497380,-0.60564556257,0.78900696838,0.02779287813,0.47624461638,0.05797655674
1.30903600620,-0.87503833365,-0.33526206847,-1.78002267830,-0.15718100696,-0.34802813163,1.24854465714,-1.18621378197,-0.58779478070,1.85372744876,1.14153242494,1.56139153486
0.39005556827,1.20867615086,-0.25807701317,1.17479226341,1.15082708868,-0.30082760503,0.54273919488,1.10345118741,0.37524975068,0.50025577923,0.83618798394,2.39150396510
1.06994615912,1.39531614414,1.79985175761,1.31026310756,-1.33758216185,1.84213923626,-1.44637316161,0.07089168990,1.13346473228,1.27713577916,-1.01307738628,-0.72168506159
-0.68235904786,0.59739461817,-0.55017591740,-0.49931053749,-0.70923180893,-0.20305031543,-0.19616246261,0.98840524911,-0.32865395985,0.20769019163,-0.26834169650,-0.13641993870
-0.37690722679,0.59228289122,0.24376869680,-0.18505042360,0.05466038398,-0.27074561653,-0.81907939938,0.43388334943,-0.40388601203,-0.38882446429,0.57330494873,0.45386871985
-1.44862419554,1.48379464836,-0.18364660443,0.20840935708,1.75302371419,0.39781619785,-0.93064528427,1.30596553734,0.02757756790,-1.26948958317,-0.77237880550,0.79281318528
0.13507924667,1.15249740370,-0.60976981912,-0.86102590606,-1.36275107149,-0.31887935697,1.77294458063,-0.31081101525,0.32733216394,-0.58083643902,-0.03838643237,-0.38275404107
0.55818989993,-0.50317890974,-0.40287430472,-0.41718561945,0.29307285152,0.13421156000,0.77782852556,-0.87781218410,-1.29635971640,0.33088815513,0.42284319484,0.93678953365
0.22021297659,0.74387134333,0.37979706413,-0.76765169473,-0.22663541490,-1.38065797439,0.79325080279,1.39087487985,1.62498309637,-0.30263510179,-1.36863916517,-0.10396965583
-0.51060482584,0.95255840573,0.07756540770,-0.96131028596,-0.56788313073,-0.16534188793,-0.17420015543,0.12264493679,-0.92175071428,-0.14708295738,0.41045382229,-0.02740046899
0.40903250925,-1.05736898881,-0.36684217389,0.97810534518,-1.05479554626,-0.87684438917,-0.67001906569,1.22211447362,0.74808594974,-1.21381201956,-0.78530005197,-0.14083043631
-0.12107298077,-0.39440667382,-0.99500228894,0.52743888482,-0.55036945223,1.49847344845,-1.13157949096,-0.36514175077,-0.62993783280,-0.00678374476,-0.64499715754,-0.26388054603
-0.03051832338,-0.57104715635,-1.50238420917,-0.09749939116,-2.09424835469,-1.20608282302,1.27933584344,0.09702877206,-1.61698072622,-1.07763604665,0.45768937079,-1.29446761710
0.03323507867,-0.20013227724,0.47695558141,0.77105214484,0.30114541026,1.28959483395,-1.23897976465,-1.24793740271,-1.43214784734,-0.86208761069,0.11466075788,0.10078550370
-0.49430718054,-0.74458030051,-0.78696062401,0.71638508580,0.61030571665,0.02245918873,-3.34831712097,3.40205508524,0.67362650724,0.23891727165,-1.13064286033,-0.29580730231
0.58753581600,1.24609296976,-1.18997776445,1.57153126877,0.05231982389,1.06712202181,1.06620442040,-0.05104878917,-0.60848818808,-0.64936837728,-0.84255759091,0.79155880828
0.40575351157,-0.30541476111,0.83214150590,-0.86773275834,-0.58376141798,-0.29337179153,-1.87832696973,0.66802060792,1.16774922941,0.37621404465,0.42468558511,-0.65393386260
0.48307125097,-0.00971820910,-0.67229426639,0.38547518832,-1.88757046333,-0.01913697969,-0.27632126998,-0.28922415968,2.19815663805,-0.17858894113,1.29284836359,-1.20660593071
-0.90473173519,-2.08215870357,-0.19241472682,-0.55896452247,0.70805067694,-1.53059067621,-0.00299045042,0.50100209608,-0.43181834341,-0.27811552641,0.05233123197,-1.57384860460
-1.34975153382,-0.67054003506,0.40429474156,0.01134935832,-0.11330629048,-1.27987189324,0.14340289627,-0.02816774311,-1.96354423888,0.29165016934,0.50510607998,-0.17876949155
0.56208229539,-0.60184165086,0.23551818201,-0.46501221010,1.34053708760,-0.13555133878,1.00193479312,-0.57265068201,0.24236271994,-0.20610633682,-1.15145423452,0.39476196724
-1.65003828028,-0.37264992650,-2.34969633963,1.76599122608,-0.28350808399,-0.39756859283,0.86320130678,0.82392924943,-0.92402677050,0.58825654549,0.25393572699,-1.18956332829
2.08167048622,-0.09314112375,-0.47235163419,-2.23394267510,0.78582081832,0.48569733758,0.36971311182,-0.23704056765,1.13362328482,-0.84411643112,-0.65354485574,0.63605887915
1.39860150521,0.24044368023,1.47291891962,0.30709138270,-0.24765567746,0.30950541450,-0.40138039759,0.27371732432,-0.55775199625,0.65788084538,-1.17762559432,0.69748630241
0.67638784488,-0.79605088664,-0.44423893896,0.97967727842,1.14867531503,-0.58310429107,0.86794678012,-0.14521942631,-1.53683847256,-0.32727251470,-0.68880847775,0.97597845922
-0.96087037699,0.97416679523,-0.39770442722,-0.23493218155,0.46741071579,0.03630845864,1.10890433154,-0.47222679958,0.93820791488,-0.63015887714,0.00096192014,-0.04369829733
-0.90065385193,-0.61532855481,0.82656148562,-0.25139348979,0.50778787838,0.40554224246,-0.66705816796,-1.60863719489,0.77210857881,-0.80599605611,0.91260065991,-1.90500072094
0.27630347515,0.16622220406,-0.48657447775,0.23726367500,-0.33509263001,0.42662714522,-1.63516706414,1.24915255180,-1.55996307650,-1.60640185030,-0.00201420350,0.11745055820
0.76503709067,0.23376169366,-1.30295372725,-0.19569994094,-0.83012927754,0.11275393328,1.48532291526,-1.29454283803,0.78268388531,0.05084806185,1.00170667470,0.22404834196
0.65427609675,0.07457404027,1.46696498159,1.09151991185,0.66777122382,0.50818279518,-1.41571707952,-0.68779228148,0.56682946969,-0.36564751441,0.38908015641,0.36000122842
-0.96908520326,0.55294797696,0.95745784922,-0.03894360366,-0.25060133378,-1.89456761647,1.22879250678,0.47320990312,0.67428564636,0.02124743157,0.03108543537,-1.09853538160
-0.37378128648,0.71293858082,-0.81613367385,-1.43512724852,0.36699213362,-0.64041007238,0.74563409485,1.13234571176,-1.84562291006,0.38338394412,0.23855604945,0.59316045781
1.31692031210,-0.55603461788,0.17303509491,-0.28792787118,-1.17661174627,0.01915768954,0.31602732224,0.24461743777,-0.43654393035,1.48299046265,-0.27725397104,0.26011280299
0.48404065046,-0.44397485635,-1.15744437980,0.85426220692,0.67344280124,1.35999471287,0.54847614770,-1.42326599106,0.07745299919,-0.07048722780,-0.63760676467,0.43959122148
-0.63726621170,0.04469778542,0.31750977280,-2.17219138208,1.69995549908,0.02664085086,-0.66935295335,-0.00690451783,0.93521260062,1.90137421523,0.00414919347,0.62011306636
1.05533848068,-0.35651410796,-0.50793712204,0.43515150297,-0.95033837704,1.80064532111,-1.35823385938,-0.69695490297,0.60345072336,2.96500293080,1.00442230963,-0.08426017417
0.36908188583,-1.03607437109,2.27601134775,0.84813260038,0.58065452663,-1.20203990103,0.08835677175,-0.06712649346,-0.21531471165,0.86032234794,-1.13141070291,0.07963238674
0.55241530427,-0.63888941425,1.00591243321,-0.38249041564,-2.43161029338,-0.29562588954,-0.72129805862,-0.50887931934,-0.23719935482,0.70353367529,0.67014196743,-1.34623109702
1.21860613941,-1.12591756320,-0.95541225258,1.30332107642,1.04508239524,-1.13620709931,0.15977728307,-0.81604687898,-0.42726579680,-0.72186626673,1.78560395968,2.23680780838
1.05173819900,1.20586769290,1.41559722914,0.43788199176,-0.95827209040,0.62945917441,1.32247181038,-1.34351331736,0.43722421065,-1.08692568697,-0.29959923965,-0.84724379728
0.11332964660,0.08479495288,0.83950220420,1.01044327659,-1.46512942968,-0.56856156798,0.38467088265,0.17271018325,1.54272946910,0.41548596855,-0.87707737115,-0.73103899514
-0.35493035458,-0.11561602782,-0.28429462882,0.68769886333,0.13905639254,-0.22837536315,-0.33811051866,-0.57699382618,-0.29744640340,-2.13022414202,0.63982778977,-0.07971922495
1.25730880467,0.68615247901,0.85310990399,0.11345648915,0.62811455773,-0.10826372717,-0.58813307662,0.14666634125,1.32636989482,0.03849188861,0.22744456101,1.23565829189
-0.27631544416,-0.63765212495,0.98347139927,-0.66326611528,-0.73972356972,-0.77152908063,0.84973007085,-1.75893617906,0.91688595052,1.54601312008,1.59643284916,-0.96558550354
-0.34943682756,-0.44961957607,-0.96851050068,0.31105352597,-0.25624059074,0.08682962850,0.90665691740,0.48315600897,0.88440648325,0.86089180215,-0.76285128135,0.05842096084
0.32384042877,-1.25635470647,-0.48170874215,-0.67393162720,1.97341920429,-0.28221803465,0.91367198455,-1.39247422865,-0.04553880741,-1.21035301463,-0.08024752096,0.74923534725
-0.68692276263,0.80943185543,-0.08359928904,-0.18622474633,-0.00750563386,-0.90647749971,0.87816945638,0.72630831407,0.48214101675,-0.31775735998,-0.16766547039,0.11089800102
1.43057041776,0.64239752582,-1.87188159885,0.50806428198,-0.59166068116,1.47498209377,0.44240083625,-0.25687089761,-0.32920266003,0.02476329626,0.26689202899,0.89311039608
0.93137095800,-0.77135912356,-0.83190808126,-0.16029569882,-0.32440190963,1.50472423887,-0.29585308283,-2.09968272657,-0.13671041252,0.64681242012,1.15593511307,-0.38827142127
-0.21975222136,0.02796042606,1.69543564072,-0.81136941568,1.49381032207,-0.80215463388,-0.49776851577,-0.44052941267,0.07423152091,-1.37132751601,0.09467489573,0.13602701016
0.85388209151,0.15265938772,2.14761441836,-0.94931062638,-1.21011071985,-0.55974061242,1.65857650127,-1.20951488117,-0.56383461215,1.32057430875,-0.16182978023,-0.46968645670
-0.20491076475,-0.77968922746,-0.21795152833,0.30453980073,-0.22858503733,-0.84583152123,0.69914877944,1.22699549281,-0.72515766205,1.86713515150,-0.36315446435,0.37745130533
0.48029038212,0.46540111746,0.59630722895,-0.00597412189,-0.20660492371,-1.23740054814,1.63268747292,0.43795866530,0.79974091416,-0.92842941339,-1.26862229940,-0.08870451442
-0.59454188295,0.07480977624,-0.63170819369,0.45363473520,0.30292923716,-0.49164023553,0.01274830898,-0.20881742878,1.65134046942,1.23620531729,1.84135192319,0.18587663692
-0.53838125210,1.23739874104,0.10476810149,1.10131446286,0.11664098103,0.35533574165,-0.64204566689,0.52458711594,0.35560268404,0.66565208039,0.61858731831,0.70203252551
-1.29371015025,-0.71304598500,1.10871983787,-0.44202429431,1.49160348520,-1.37296025477,-0.02400951158,-0.94380046039,-0.30205387831,-0.62626866228,1.15601903819,-0.53448713142
0.05972594112,-0.16851621029,-0.33757891881,0.73543023901,-0.64605525534,1.39221119491,-1.31906527346,-0.91327270561,-0.42533200677,1.65483010432,0.95905120409,-0.45524697301
0.38516259996,-0.79778704727,0.24107020720,-0.36047232371,-0.53170987017,-1.10062164257,-0.39802094204,0.38150423621,0.63002434598,0.96038834610,1.15791795531,-0.04896155336
-0.78547567687,0.03243695099,1.09693956832,1.12686174935,1.54006063448,-1.06759156392,-0.30856938534,1.19397911059,-1.16742395067,0.88407240991,-0.40392253275,1.92616113755
-1.02283240017,-1.29582572981,-0.97119240137,-0.80467324658,-1.27058798600,0.18380470293,-1.46542199841,0.78570743507,-0.01364429329,-0.22538997737,0.73108582577,-2.47707186514
-1.51804061141,0.58803330286,0.66187696649,1.35684184384,1.55358923128,0.18240849577,0.12082308845,-0.41252586721,-0.59187543993,-0.52953068068,-1.16862868104,0.53802527936
-0.04613860882,-0.38600134293,-0.63436876556,-0.11283157121,-0.71633976262,0.43370801362,0.91499457482,-0.38400026991,1.18332644293,0.85222398814,-0.40268324751,-0.64471394658
-0.07278768209,-0.41287922808,1.26248107605,-0.97571190537,1.15607236600,-1.10800478793,1.14106546360,-1.16083592628,-0.80326378478,1.54906051765,0.70790521769,1.03895758915
-0.25575275700,-0.36167769672,0.07780854662,0.25498179022,-1.24039021706,0.51084819338,1.48268060096,-1.81944628681,-0.70111767050,0.91132277788,-0.33216793440,-1.62393246215
0.59545631272,0.33271709343,-0.12509604258,-1.42059142215,-1.46966534168,-0.03406109100,-0.12744592700,0.08625970393,2.08542760092,-0.52849081197,0.38611612590,-1.33533126234
1.56634317294,0.48835814223,0.59634736784,-0.34719289042,0.01679499252,0.97150033601,-0.76095993026,-0.41015156090,-0.64718066159,-0.30915952152,-0.12030033722,0.99358729375
-0.12294130885,0.15140834409,-1.16909054951,-0.61077637333,0.78664918278,0.05946073474,0.61067068182,1.18141034804,0.71452815557,-0.48202598569,-1.30556058832,0.54804573044
-1.39161471332,1.08990608717,-0.59746177735,0.80550080425,0.18026720505,-0.82201203052,0.11124586487,0.37909566838,-1.07329083777,-1.10897645750,0.94891786508,0.20490562738
0.80657485053,1.13031797739,-1.20930827176,0.19775226769,-0.37291236002,-0.05556675981,0.10864747212,1.83867302354,-1.23186543841,-1.63870835894,0.11385202851,0.45401247896
-0.55601748234,1.52882421170,-0.62914551726,1.05215776142,-0.52782494962,1.29095275150,-0.19844949129,-0.51441181868,-0.36412716553,0.09216153065,0.27990277666,-0.01032400954
-0.14010422344,-0.31088734992,1.87255515380,0.21326105655,-0.75891899022,-0.89234536036,1.81562552858,-0.35614678978,1.90652413352,0.22847966102,-1.23996173181,-2.50290489368
-0.21453013091,0.51586208155,0.24566980459,-0.53900126326,0.16437342001,0.19538292375,0.61816988847,-1.05195343448,0.06652896566,-0.66422488944,0.30255355238,-0.25926254306
-0.67818142297,0.27982605365,-0.67120376379,0.20540816203,-0.13074566258,0.90982800014,-0.40626872396,-0.62763795659,-0.50831374975,-1.21707312188,-0.36512068492,-0.29858455465
0.05495785175,0.73872842976,2.41409558986,-0.64700045305,1.58512588284,0.07676081263,-0.50905473238,-0.00615618079,-0.19100138917,-1.58429874096,-1.85678018238,0.30883664491
-0.02202438222,-0.78507493911,-2.67183531105,-0.57506955035,-0.40728585445,1.40020455213,-0.54236578865,-0.04534376381,0.01832684118,-0.29588110742,0.06417280171,-0.39935456168
-0.47727422804,-0.65024192787,-0.46257329861,-2.09119129398,0.83191177089,0.20722659647,-1.17261818020,-0.19115240676,-0.00998494931,-1.14771631643,0.67255171350,-1.16614106739
-2.74608380466,1.51597888436,-0.26767687490,0.48622539425,0.53355727196,0.53646819045,-0.69137902686,0.33365238326,0.41165464766,-0.09487750431,0.22570142905,-1.01032000116
0.61303397799,0.61685043347,0.48621880423,0.33713141401,0.83343492816,0.82737016916,0.20458959581,-0.21441698333,-0.03813649970,1.64302687294,-0.33349286561,0.96275126649
-0.61986083744,0.89763727352,-0.23011560101,-0.71881416500,0.39326979997,0.63699324891,-1.24238451809,0.82445376745,0.29029281057,0.89844699059,-0.18165560671,0.56337400603
-1.38795587908,-0.51128818653,-1.34275134770,1.47717133731,1.93054428186,-0.12190561086,0.57718465245,-0.78954791478,-0.53384921049,-0.27315016288,0.33475898044,1.25911805141
0.13287036476,0.42424039156,0.01460641988,-1.24265008351,0.12338008178,-2.28631769654,1.72526647866,0.33598569469,1.24684034431,-1.99532239950,0.88298063101,-1.29177213782
-0.73882643119,0.64083065641,-1.21730188234,0.32562253065,-0.81015875177,-1.03007636605,1.35242212771,0.35682396882,1.10576621605,-0.19308874252,1.18416197979,-0.31164971971
0.17921969823,0.19473712158,-0.02008752900,0.13631897525,1.05199520326,1.65714708512,-0.74360035195,-0.14956504266,-0.80072584626,2.84288702378,0.10253838681,1.13542366242
-1.91161114871,-0.06168662641,0.68259105207,0.58812099661,0.62506440666,-0.87471164458,0.92610539361,-0.99964572268,-0.52039630359,0.26220718766,0.49396064081,-0.51224575492
-2.36622126877,0.94498767116,-1.87272264179,-0.89562074843,0.70879541473,0.23890363354,-1.89798647658,1.28438909502,1.20812555025,0.39164684550,1.35664277591,-0.97959056148
-1.12268540375,-1.58437517334,-1.09115152092,1.61198399708,0.50454688675,-0.07110444398,-2.22190222439,0.29939505161,-0.42732898552,-1.87845940469,0.92195072408,-1.14525887600
0.51535607772,-1.51184938640,0.59836386462,0.17723339609,0.01338481124,-0.23169820278,-0.87218667367,0.28937751124,-0.56535825498,0.29763872678,-1.33025465178,-0.16564822434
-0.28855147532,0.92311320779,-1.82297458591,-0.54376361257,-1.60177896644,0.19593539710,0.36197201813,1.11919691957,0.25471145010,-0.56207374788,-0.29614494325,-0.41859878518
1.01790488846,0.00807592126,-0.29588076454,-0.45673583127,-0.49555527789,0.35189864845,-0.98435231786,0.23098113390,0.92676414220,-0.87967572253,0.45414663876,0.18619353441
1.63931635673,-0.80440943933,-0.47539637884,-0.37284820096,0.77485443607,-0.77119173948,1.32982748261,-1.27633976015,-0.69166470543,-1.56405928570,0.34848943812,1.04948938937
-1.13516751202,-1.69267416496,-1.37150727256,1.43633261910,0.04121490487,-0.32553921343,-1.32042088090,1.05960965219,-0.57290787252,-1.41196502274,-0.76184705393,-1.24433750360
0.71765542433,-0.11639102606,-1.59761526261,0.16611117929,-1.03420394214,0.66759182063,0.45248804460,0.29681864701,-0.96041756068,0.53270271356,-0.42952542290,-0.11277111096
-0.12247128719,-1.20304027343,0.67715917249,0.75463114020,0.83843128222,-0.99167190261,0.18800023828,-0.28454485522,0.67393121057,1.82089511372,0.51213231190,0.29278542763
-1.21675306929,-0.37959387941,-0.09931305998,1.22945757091,1.34555142813,-1.11616226182,-0.78718316725,-0.10495420476,0.19602662035,-2.30485711161,0.71827532519,0.11402092783
0.29971724327,-1.11347741092,-1.43337376582,-1.63000309494,0.70630262417,-0.11018394913,-1.70243978219,0.48471339687,-0.61239676239,-1.47497955281,1.95362527032,-0.79962131616
-0.60985202001,0.33253418258,1.21035872938,-0.95447047225,0.21494041282,-0.50287801142,-0.20827173112,0.03504902169,-0.54162863252,-1.99570678171,-0.44621415306,-0.71129723511
-0.30302966719,-0.64261171162,-1.78479561168,-0.35744242919,-0.37793193670,-1.16429353464,-0.45598788166,2.89025928528,0.57940815506,0.60740228330,-0.33023246692,-0.20150613365
-0.75221058999,1.71983439058,0.09899788773,-0.62756795254,0.12303400227,1.32568368331,-0.62848873503,-0.32258986282,-0.66709794162,-1.23959182881,-0.51599653527,-0.37227431446
-1.89124683330,-0.29545696441,-1.70132123734,0.86484863840,0.20368352589,1.20744042925,0.50278890621,-0.89874750038,0.53546093363,0.18178044460,-0.41590285071,-1.33828419989
1.60033718182,-1.61947850671,-0.74548950111,0.67319858708,0.68074479049,-0.14913577070,1.23016940381,-1.35020543654,-0.15225456754,0.03676258180,-0.02339671344,0.52128253581
-0.34285249465,2.09993820651,-0.06296419780,-1.25534493341,0.85738898043,1.15880695520,0.12562534830,0.28542933815,0.26983771331,-0.31987141144,-0.99723156578,0.29070930755
0.25748517108,0.15443020423,-0.16473449502,-2.17347926495,-0.00676580331,-0.14435716581,0.50177227046,0.02276677182,1.06001497669,0.15613720192,-0.43568321378,-0.55509768241
1.26936442706,1.57218742140,0.20577845762,-1.52924034830,0.42296063129,0.03782641124,-1.05286987024,1.38659384104,0.21245477371,-1.24646688523,-0.07666704126,0.88745513055
1.41477166789,0.89669736502,0.18649721488,1.59605521449,1.44127306424,2.16766612265,0.33367929465,-0.53016666771,-0.95281253194,-0.71677444767,-2.55087118086,0.42301649104
0.25741333108,-1.23993278922,-0.11004765459,-1.11749717659,1.17994841002,0.49496623839,-0.05203108500,-0.21577940662,0.65667436827,0.68492882267,-1.62351465297,-0.04611194267
-1.67091480267,1.46369739050,1.28866672832,0.50056128463,-0.53314043944,0.02245411373,0.89294151146,0.51549596351,-1.12765769304,0.37302589412,-1.77383816804,-0.66421522199
-1.24463764473,0.39944367708,0.13489478488,0.69903637601,-1.12251873398,-1.37526411087,0.73708540969,-0.07723630436,-0.58198981093,-0.83178139798,0.80987546616,-0.60938102866
-1.26710781143,-0.38122662457,-0.77765878877,1.46447294152,-0.27989825256,-1.17259228065,0.45956748879,0.33579671847,-0.10874746556,0.96961348557,1.25960647341,-0.08507208623
-1.68251272425,-0.95605625988,0.10761015299,-1.16620132376,1.73371417521,0.21524190746,-0.21606902858,-1.25356174591,0.01684217630,-0.44517449344,-0.50880327024,-1.16762497523
-0.54439240422,0.33401393196,-1.72544907160,0.87836949799,-0.57181978638,0.52642425640,-0.69482328216,1.91258248175,0.28523808930,-0.50239324272,-0.69665488679,-0.04754535779
-0.27482145122,0.48033220612,-1.39738760031,1.39099185953,-0.35333041367,0.42054173271,0.43083286804,0.16357644932,-0.12011155130,-0.19491916108,-0.10499927958,0.30659493442
0.03534227933,-1.43059412100,-0.34922213936,-0.32171806954,1.16906622332,-0.35848828294,-0.06887887856,-0.02640289447,0.65840133595,-1.23569325121,-0.86050112075,0.11428433258
0.74014014033,-1.89751614431,0.50805938487,0.33590597948,0.64427052908,-1.29891846566,-0.65952015969,-0.03454094009,0.64255950751,0.20749483057,1.02643400011,0.21708423323
-0.60699641114,1.13168117148,-1.84566228612,1.77272195350,-0.82799954588,0.36158610221,1.99937810671,0.12614033582,0.59181931920,0.38043112392,-0.87920309937,0.09682581862
0.34994062451,0.48416129983,1.18273942075,0.30943598822,-0.19131841108,-0.38093489486,-0.91769153597,-0.30526018843,0.16806931767,0.51234506674,1.42091139292,0.70915859744
1.55398529364,-1.74037565069,-0.48262848226,-0.11751366531,0.51611095000,-0.61569865831,0.24070497532,-1.10383674360,0.34715899668,-0.09885843003,1.39003296467,0.32867853399
-0.15660393523,0.92495243417,1.50572511344,-0.50825740834,0.04865906137,-0.78600891884,-0.35011112085,0.59207675868,-1.53177223544,0.03323063050,0.15756387960,0.86599780600
0.41516346365,0.71520957483,1.71215861249,0.35360327003,-0.30911369613,-0.54867085333,1.38001438405,-0.08310667668,-1.68902938342,-0.20872440879,-1.36369882225,0.34486983128
-0.58621076024,-0.85510928745,-0.73879142053,-0.32753094722,0.86709876363,-0.16766324248,-0.74099337223,-0.42261293846,-0.24829209736,-0.18221168885,1.40929370414,0.06437360956
-0.19499314996,-2.14554050534,-0.45557744480,0.05667362186,1.23330531202,-0.42746214492,-0.90452629091,-0.86765700139,0.04974599471,0.04087528654,1.61861884253,-0.38298731128
0.14307194897,-0.64330745663,-0.32069785733,-0.20555548640,1.32221290766,-1.22667255610,-0.45386843040,0.25546522578,0.24989636162,-1.52555226867,1.22772871842,0.59843354315
-1.90577917072,-0.10272012512,0.19874973611,0.15989779092,-0.02176663002,-0.55265155604,-0.76243090843,0.64524890714,0.30211540876,0.32968555331,0.20039306695,-1.01154329288
0.18729145944,-0.27589944157,-1.23785584846,-0.06483032138,-0.21366004962,-0.03689968517,-0.32674989181,0.60418693789,-1.51507333317,-0.51702310380,0.39439166949,0.20108969058
0.28814180947,-0.54709633270,0.43484880475,-0.11067372126,0.95559973591,-0.29334546121,0.02718636312,-0.36581559731,-0.34853843572,-0.46446349945,-0.40291987568,0.58403343415
0.22540504333,0.99294054890,-0.27706509648,0.29162111914,0.07853052387,-0.15921946010,-0.64958937745,1.35990808253,2.08183497043,0.87601324652,0.06583871791,1.20145886428
-0.16431458996,-0.27660526939,0.98057973572,0.81128973875,-0.72784449210,-0.56711023396,0.80074750549,-1.08245008021,-0.18385066362,1.25180604835,0.96358048261,-0.31911506480
0.51912162084,0.98518492303,0.33607974708,-0.56059748419,0.74493087208,0.68974921235,0.30372466029,0.10935585477,-1.77773567767,-1.51233810684,-1.26106740539,0.36442964936
-0.45537501974,2.04492584383,-0.26212782299,1.97859253844,-0.07727209638,-0.92961256706,0.91650027418,-0.55976495963,1.73166006642,0.65506208852,2.94624472451,-0.07012833795
-0.53069672400,-0.06242036301,-0.34020964144,0.36349013198,-0.81285386141,0.13736089312,-0.30322215713,0.27278780407,-0.28642914065,0.82580040469,0.02757708911,-0.30917675738
0.56879918202,0.22842674566,0.08565071412,-1.44938240450,-1.03510982707,-0.38118477535,-0.37495952720,0.15585748716,-0.75226417853,-0.34892083261,0.49428021163,-0.46340116098
-0.52414449939,0.68082293162,-0.53852685671,-1.06165842665,0.53696176404,0.11454498125,-0.31434590925,-0.40384837107,0.41488995747,0.09323952816,1.20460887673,0.46943813616
-0.27701005186,-0.93426296928,0.33834537826,1.88064681056,0.39484626847,-0.96672432465,0.73386575388,0.72802945943,-0.26024136557,2.57861679900,-0.37001146748,0.85759373959
-0.25505329551,0.56645660460,2.40926005087,0.71898564808,1.04619042481,-0.74482493738,-0.86167700455,-0.01927405823,-0.50342548528,0.21575644438,0.13454478640,1.04452022108
0.79653213648,-1.36661880187,0.04157222963,0.35321912969,-2.14209666072,0.37323140201,-2.25328105881,0.88027649353,0.25573449048,0.11502474231,-0.03447145150,-0.84384092715
0.83393137083,0.11621587304,-0.57498003548,-0.34552574269,-0.46148389763,0.40685842119,-0.85686766849,0.15763041910,-0.54677770885,0.32978144599,0.96034017279,0.87668115207
1.14951741573,0.01417263912,-0.74226775645,2.33955266110,-0.94582722387,0.48150736887,-0.07467995581,-0.37621232381,0.95836835044,0.63400404663,0.52141817264,0.53622279522
-0.65297730550,0.88819162046,-0.51178896318,0.62040803649,-0.06387426557,1.09071525759,-0.19678402565,-0.87278031858,-1.76506429359,-0.99812986897,0.18400725767,0.09966853214
1.13928321187,-0.24462137653,1.27944551612,-2.11263199672,-0.77294049691,-0.34511906877,-0.24147547393,0.23570583188,-0.15207854220,1.85195059750,-0.99115384766,-0.41718276264
0.22588898018,-0.21297643361,0.92316275020,-0.63432196629,-0.61515905684,-1.14576773305,0.57671422799,-0.14261296426,-2.36124347225,-0.26856634552,0.38671242599,0.51594309570
1.09526209729,-0.04925573310,0.53250703674,-0.93923956148,-0.46994198342,-0.96887040728,0.65317620830,-0.17492275223,0.65468858631,-0.55474260390,0.53491387547,-0.47865095784
0.12862690830,-0.66987270502,-0.21159734872,0.54066175001,-0.82201283169,-0.35291674953,0.13229374889,0.46941339773,1.39013290362,-1.76492248539,-2.83629215207,0.24312025820
-0.70270192074,1.81974902574,1.26340408039,1.88589525952,0.59887776428,0.58283561397,-0.66822285673,0.68387186548,0.79972352305,1.50488939768,-0.49403356483,-0.07071766430
-0.32664019295,-1.08571972950,-0.48904773350,-1.15572475856,1.97440421443,0.31322859764,0.83633226847,-1.79470658763,0.16675192154,0.03915115638,0.15824975421,0.30298666533
-0.25191481958,-0.22388000626,0.63530201478,1.83011653523,0.23520788450,-0.24529257355,-0.40004499455,-0.17781327075,0.80209052944,-0.14261574368,-0.72930488222,0.12944775341
-0.90118044305,0.52363254874,-0.53399877446,-1.34444630204,-0.58091195378,0.79267255325,-0.90752888350,0.74852086319,1.20749028983,1.39394420245,-1.28739868258,-0.47616183810
-0.62042935622,1.11119838377,0.49796551606,1.83865531403,0.65631263089,0.86279387544,-1.06521254360,0.60812986703,-0.10642780966,-0.35798370864,-0.84513260050,0.20242891624
0.37847969151,-0.00115689276,1.29533192197,0.81882250820,0.94707407836,0.71479680561,-0.98093301835,-0.77544790653,-0.64090063705,1.58726335372,0.68729707989,1.22113622583
-0.60150158831,-1.09617312020,0.31352917978,-0.08056596475,-0.15412119856,0.77605334555,-1.68610638823,0.00681366090,1.30735132229,-0.92652213152,-1.08311961566,-0.83125581766
-1.25791152702,1.78018170062,1.45726055414,0.48457707576,-0.30465816837,0.47133326595,-1.31704943270,0.60941929674,-1.43777867526,0.86167684178,0.32483013484,-0.27369136198
0.33146919854,0.66742557020,0.32653411310,1.11227724611,-0.55831633594,0.26731768889,1.39872748205,-0.67836129988,0.48121525476,1.05763150910,-0.26106032608,0.17893308473
-1.01097516535,-0.03474491697,1.60622507530,1.50919882841,-0.28486949613,-1.62184705834,0.34061148824,-0.80724735367,-0.30146369897,-0.54670514716,1.14228342560,-0.57242166041
0.23844702581,-1.25633354558,-2.14323454883,1.00957738309,0.23920167314,-0.02543036365,-0.42477121944,2.25776365416,-0.36989342569,0.46148789653,-0.86043766017,0.05410210342
0.75056384955,0.09749558641,0.40876672791,0.42527110977,-0.69442703660,0.37580895466,-0.52549576519,-0.51073050389,-0.37419798326,0.33147029142,0.65491527501,0.48601403524
-1.90217459239,-0.92914271853,0.93293249884,0.21340637213,0.06530631699,-1.62383437236,2.12076906125,-1.46771467839,-1.91752318280,1.03454865359,1.30559283013,-0.29648734705
1.54343412213,0.17087704144,0.06502833732,0.24943478653,-1.23376261680,0.55876934976,0.36476583996,-0.28535941550,-0.67470034998,0.75077634109,-0.32030705614,0.40079041182
-0.71191166866,0.68625852236,-1.89191972422,-0.62704226820,-2.35647421688,-0.20754677038,0.99121016242,-0.63498826504,-1.63829100595,0.03663644295,1.53271428729,-0.23169908623
-1.02031960487,-0.71905201493,-0.61432458503,0.03081524732,-0.20586061754,-0.49068737169,-0.13656775218,0.39996472386,-0.34933046672,-0.56535460073,-0.01323170606,-0.97856651721
0.69283373297,-0.75592528308,-0.73238289225,-0.12079201740,-0.49786361714,0.37025988912,0.82910414631,1.01466152315,-0.30354831168,1.99657099924,-1.02051793507,0.19032315062
0.04244496178,-0.28997172595,0.23277256931,0.08633551554,-1.09222315741,0.31109231331,0.03863845532,-0.95275644783,-1.11070802171,-0.72703690855,-0.33614858485,-0.91249253743
-1.09068962256,-0.65028098017,0.82102107362,0.80376338968,0.49553250001,0.40208562045,0.20087150464,-1.37430355809,-0.35920678343,2.10769577723,0.00626475246,-1.44306644867
1.13399056550,0.08689546547,0.58608066024,0.39428580440,0.88888293529,-1.19037188233,1.16402954456,0.10769120360,1.30986698703,-1.12492380330,-0.32633917986,0.67791185017
1.50396800628,0.32344632987,0.26346138694,-1.58146079893,-1.05272991043,-1.00844084369,1.19603408949,1.43119244282,-0.77869446304,-0.22943654282,-1.69765894659,-0.48920359693
-1.27970179239,0.31263796938,1.65796155608,0.55690522168,-1.16514847485,-0.87343813877,0.03029491717,-0.30626130417,-0.21685015526,0.30161081049,0.44830967190,-1.25971974623
-0.64906273192,1.32130099347,-0.43072270298,0.96511303773,0.04266450697,1.26833843303,-1.03557618907,0.26104121619,-0.22976426125,-0.88080993766,-0.33602010690,0.07477154119
0.64120375735,0.76206176286,-0.51723583418,-1.62479322858,1.12756691394,-0.04264564092,-0.38387396600,0.99435586097,0.49168335822,-0.16212438084,0.13193266469,1.52822880653
-0.55931507925,-0.65929444688,-0.19890696328,0.09164600304,0.22342673176,0.00371058568,-0.70705441707,0.33645211318,-3.16620841680,0.53125285645,0.12673559596,0.23508657564
0.47618502753,-0.35769129197,-0.65915952533,0.47638762796,-0.97270753484,0.17270541104,1.00557054675,-1.60544133642,-0.71887046840,0.35576540782,0.94407627715,-0.06630880837
-1.63353520891,-0.57251439878,-0.38384675577,-1.37650694741,0.98168058760,-1.01409290265,-0.50385670521,0.46026767252,-0.20001223738,1.35920517007,1.15712215053,-0.12182500265
-0.55763134986,-1.13470096361,0.28005462748,-1.67454219669,1.07542731516,-0.49721401316,-0.84482143223,-0.61729909272,-0.79113819959,1.55903986388,1.56931033898,0.98339949331
0.23790943919,1.09554599657,0.80854211856,-0.03233244168,-0.73420094907,-0.42496962340,-0.66176191429,0.77025030151,0.45803661103,0.05994439529,0.28437230554,0.37048148244
0.56731987147,0.32719082380,1.10335593986,1.10940551695,-0.51521520055,-1.35353105427,-0.66603368859,0.90366648956,1.80067744752,0.13511332829,0.28095538370,0.27633562469
-2.16262515359,1.77649415491,-1.83363758341,-0.86718638001,0.35129512884,0.07198026099,0.54793607645,1.99561437597,0.49377314722,1.25892096572,-0.92070454721,-0.33356207931
0.14146504092,-0.36717793338,0.35064515239,0.06637276539,1.06680979277,0.45280765808,-0.28326565738,-0.83758467437,0.76579573594,0.01447958283,-0.31584178750,0.27781915052
-0.35359301056,0.20410591740,-0.25078115346,0.57086135526,-0.37536574702,0.11416842705,0.57296547991,-0.67395834160,-0.79958972915,0.15797563177,-0.06323851233,0.02132095125
0.57152297560,-0.15797454914,-1.52400212950,0.01247935369,-1.04233121656,1.91341414838,-1.32034457933,0.59156361310,-0.98473617555,0.46632955950,-0.86254599442,-0.12754561189
0.54268312810,-0.76221981212,0.04864177314,-0.54522493791,0.82661651084,-0.37581032043,-0.29383320861,0.09630972542,-0.59454499233,0.33400337063,0.39502080183,1.12284589595
0.51795539934,-0.05048187171,0.06582636064,-1.01526115607,-0.10036268838,-0.19487973086,-0.74126110711,0.16072265691,-0.84761290608,-0.90821169805,0.28488919237,-0.07532235084
1.12191210428,1.42700066270,0.56317349562,-1.80573130695,-0.79535568793,-0.64479565234,0.36289719985,1.41567641180,-0.37448826484,0.54122309334,-0.84633565589,0.76830328748
0.28513126339,0.00897546191,-1.10400738410,1.40791465162,0.46406567601,-0.19118665569,-0.96977877537,1.05633838412,-0.60967152588,-2.49760886439,-0.38004376457,0.81348687183
1.09654974438,-0.93869827218,-2.58884792142,-0.14931978350,0.70162648587,0.53410494380,0.82014663262,0.56465176320,-1.00060232212,-0.54681887835,-0.61412985792,0.25536883324
-0.10313826800,0.33816145059,1.06004482499,-0.15728353203,-0.64889061828,0.06798605288,-0.28189464218,-0.33929976795,0.55801830448,-0.34651990235,-0.37204658799,-0.87319558152
-0.13502179320,-0.15565498958,-0.98340241400,0.09324733578,0.16268253139,0.88103384190,-1.78365903140,0.76798527393,2.34716104729,1.28373961570,0.21930959336,0.82568548436
0.83275021642,0.50854989473,0.12231325288,0.40794365256,-0.01971970102,-0.79038974297,-0.22442785926,0.68288945361,0.37577554526,-1.05852795681,0.91678661878,0.85586361388
-2.11826837163,-1.86121872329,-1.94568251621,-0.14421677942,1.48011189535,-0.25677036865,-1.35269270486,1.17280293692,0.21113797634,-0.43090253892,0.46372161050,-1.40818430456
-1.59763556047,1.21193627168,0.63089050584,0.75269020041,-0.21345230590,-0.03360009124,0.61026307709,0.63029477952,0.05009812348,1.27799482998,-1.00189016711,-0.61620147191
-0.17651203422,-0.70956016070,0.21816955229,0.10954106497,0.44864186767,0.31327124159,0.50150235398,-1.64909445435,-0.93208587870,-0.14909175688,0.39619808592,-0.33801376226
-0.64327488907,0.56960354186,-0.24307052136,-0.61391236897,0.76922435995,0.14212731064,0.24387629843,0.94771528122,0.03682181418,0.46937142254,-0.92190585495,0.44240257942
0.78766703084,-1.05151257606,0.24227425225,-0.28501032452,-0.59460379729,-0.07735869913,-0.68817642288,0.55283317439,-0.05765540105,-0.01505352616,-1.11364096630,-0.22070967945
1.11150219842,0.04955833753,1.31764337375,-2.00549850691,1.21596436269,-0.96937368654,-0.85316519756,0.33748645522,0.58617217633,0.75772410983,0.19200832666,0.74844934653
1.37817721183,1.74989832000,1.59556904739,0.74508731538,-1.97008750006,0.35279437134,0.14333224627,-0.31676026514,-0.69126413478,0.41307110412,0.82224182243,0.71727522365
0.16139662838,1.06708775019,1.76401837206,0.19626732852,0.09713592356,0.57245024061,-0.04900892119,0.59743936443,-0.63392731909,0.97849085761,-2.39249925869,0.09619986015
-0.18347926011,-0.62691177388,1.17131880240,0.87145638265,0.50898321011,-0.73661464320,0.38685635289,-0.27931528517,-0.22716493078,0.91075337190,-0.42645467307,0.18387765736
0.05085330973,0.78564518714,-0.83468077461,-0.39397202763,-1.59361618411,0.96831200903,-0.30865851181,0.73335504767,-0.55726526955,1.73775968034,-0.24049915358,0.20897519925
1.55170568232,-1.08193026593,-0.23830813164,0.11872455913,-0.13586848915,0.99652416385,0.15266997668,-0.70293191803,0.51040743644,2.14131745280,-0.07469146276,0.44041311106
-1.22841595997,-0.06977996737,-0.26027568233,0.68556419250,0.82120124611,0.03397121952,-0.19811541983,0.53462979826,0.74649688054,0.59381590758,-0.88390048355,0.33011463925
0.05606481902,0.92537126206,-0.07725405761,0.01146654181,-0.73543296834,-0.11532659526,-0.11336117487,-0.66678266662,0.24229772467,-0.73889092152,1.52353919457,0.01150794567
-0.32847279541,0.24701806015,1.45986062448,0.03419763769,-0.90138506203,-0.81654104269,-0.43356623186,0.62459442832,1.13989825978,0.62537325762,-0.43541803415,-0.98067703507
-0.25876872119,-1.70854626283,2.44370047159,1.53206749232,0.11388165683,-0.88284438906,0.18112846414,-1.06281431339,-0.11853822597,0.34145744139,-0.38440443367,-2.10452838511
-0.39476700495,-0.29833143528,-0.22894271088,2.47618772631,0.49862552110,-0.57818133076,-0.29470959746,-0.86538862211,0.21910306460,-1.19599337547,0.41683497454,0.36056981641
0.45465966428,-1.26245319996,0.03723624025,-0.87638719662,1.29185551997,-0.24019796994,0.26889807695,-0.20638179450,-1.28090531281,0.85072645901,-0.47549967940,0.57492417526
-0.37836106265,-2.26760155397,0.65455155927,1.16347840275,1.39534298102,-1.37760919878,0.26932878854,-0.95889095967,-0.94759390217,0.76938107805,1.41510613995,1.26983839933
-0.32472296285,-0.88938695148,0.81507646936,-1.09290444449,-1.53137276845,-0.74665699197,-0.00267038968,1.38789339697,-1.27402269651,-0.47242772273,-2.55833503331,-1.69448935927
1.04325961428,0.72540198507,-1.09583321040,-0.23380112937,-0.14056465256,0.51775959461,1.22390717132,0.48313277710,-1.67098278623,-1.01259493178,-1.12780260074,0.07198304955
0.71342916472,-0.15660893885,-0.41362435727,-1.59966922076,0.45918685140,0.64350054968,0.34368954730,0.26600621667,1.27638470925,1.51104590676,-1.32742461143,0.45264235051
0.25686145878,-0.29650802726,-0.93682938588,-0.47895073875,0.39609168774,0.48249791751,0.71224552266,-0.06631622459,0.17053634067,1.56880621375,0.13190687789,1.01897123341
-0.80217598975,0.55644342336,-0.08231975469,-0.12938887479,-0.53893710550,0.42759779104,-1.03187575691,0.75796403981,-0.60834514474,-0.18996750998,-0.81482627407,-0.35453512636
0.09652705328,0.79188405722,-0.38776025156,0.76144473852,0.72535873498,0.04657714723,2.75319998178,-1.95095945253,1.32806086388,-0.51588155923,0.35096566629,-0.11984186943
-0.64153854971,-0.19413910907,-0.54422947126,-0.17553801205,-0.28690920347,-0.53626132201,1.14760862761,0.13704064326,0.78648084581,-1.79663653898,-1.29370325046,-0.75322458499
-1.99915866538,1.61294291866,-0.81447942606,-1.06912767788,0.92576571086,0.78024092214,-1.44133733894,1.22729286858,1.94975903880,-0.28121997179,-0.97733480581,-0.42709225385
0.65006412273,-1.03902832428,-2.12664872796,0.40292766226,-0.97590442244,1.10328557481,-0.23890733567,1.11469015237,-0.59977511178,1.93225494757,-0.37873284558,0.00290721810
1.57209269699,1.25294575573,-0.88042011281,-1.11796906022,-1.29538976834,0.32398674026,-0.29119433333,0.73263956879,-0.20098817687,-0.99511800747,0.42393445464,0.47783492200
-0.93228314395,-1.07974499016,0.75404811352,0.89344726644,1.12209754393,-1.05524475240,-1.20988046155,0.91579868343,-0.27319294475,0.71362352698,0.08688894697,0.67996374385
0.24151472807,-0.43240085994,-1.03198517121,-0.11041577274,-0.01114192340,-1.16124891835,0.05505278291,1.07850372447,-1.04565636873,1.00015806221,1.63005710496,1.58187178851
0.48610245231,0.10458204829,-0.59903961127,1.01816392221,-1.10593867169,1.09550061339,-0.19744116764,-1.10893332627,0.76210096412,-0.22535344642,-0.00028695793,-0.51131245450
-1.10619244581,-0.39890475731,0.58841785999,-0.02019486824,1.39397521129,0.20401842531,-1.33144177171,0.68561038936,0.66336918632,-0.73913400614,-2.52028372036,0.42578147247
-0.59705480791,-0.33621191788,-0.62085581865,0.59469629260,0.01832205955,1.36279701406,-0.38878138361,-0.66036665534,-0.15364746850,0.96848906033,-0.55287431491,-0.38706649721
-0.02624257980,-0.00240317126,1.28642279387,2.14523857595,0.11791107570,-0.66526486055,-0.93150383244,0.17857848818,1.04820186717,-1.08312105629,-0.24715043743,0.08532153316
0.24941478637,0.52181837920,-0.31857490717,-2.98293745880,0.79481760210,-0.43363759590,-0.14273263420,0.42791494045,0.76266951839,1.91497161859,0.22285799830,0.97193983284
0.52403823582,-0.03769471738,2.20134790043,0.35009114321,-0.67096049922,-0.68121690373,0.03414739882,-0.68660543955,-0.15823196540,0.48651026352,0.53285863024,-0.23854340493
0.91928120605,-1.24034436625,-0.83587052429,-0.96311672420,0.30399578087,-0.85349147293,1.46990342678,-0.51926995433,1.04953826553,-0.93835824221,0.17632304510,-0.46744096303
-0.36587355653,-0.06149228703,0.91329859922,-1.03620926919,0.11465566639,-0.37046151369,0.70246697073,-0.22945924396,-1.47957067802,-0.43697433437,-1.41610506193,-0.75619195316
-0.08819376973,-1.08480310501,0.36616687643,1.05287442555,-0.28204512818,0.04457737467,-0.78789122100,-0.09547575905,1.61413893657,-0.23236176621,-0.30947574629,-0.58690099674
0.34774431471,1.29551444156,0.97764001062,-1.13129769254,1.29381602510,-0.84666922463,-0.11255336259,0.92408782183,1.67834907477,-0.41624232982,-0.66626768854,0.77643644378
-0.32225161416,0.34682000991,0.47911578047,-0.66961609577,0.71355043877,-0.35855130490,1.37761651668,-1.25996902348,-0.60211305687,0.46514450348,0.73699739489,0.87691395118
0.26641927955,-0.26737013348,-0.52226520148,-0.69096156621,0.97434514214,0.42132855229,1.32208035988,-0.31951932501,-0.17255622217,0.29199951376,-1.18699753256,0.36150246908
-0.73303049377,0.72514008933,0.73791740497,0.27233604571,-0.35143668603,0.80968647259,-0.77295973689,-1.46651786519,0.45210561489,0.02907430282,1.07309425417,-1.11007071621
-0.65478853717,0.62795355711,-0.39277221172,-0.70883365643,-0.77443175820,1.58582295014,1.00561667269,-2.50009880799,0.41128213717,-0.82465430978,0.24509265339,-1.46558702268
1.18589940198,-0.44685620794,-1.03479182958,1.72627262770,0.48866284349,-0.25935927810,0.24070586189,0.46980368684,0.01193617434,-0.01212739157,0.14786035836,1.95024853710
-0.45318317212,-0.51900067331,0.99524847901,-0.67270499048,-1.61954825487,-0.63927178319,-0.05457875910,-0.63890509256,-0.31170543057,1.13091379005,0.74180217577,-1.14561002560
0.20109922254,-0.14563801559,-0.28480662543,-1.75390197732,-0.18207215368,0.94037680176,-1.91125553400,0.73690963503,0.28460487921,1.18398057884,-0.63479215654,0.02557362092
0.47473945430,-0.35682583968,0.84059995347,1.47549027416,0.20304916758,0.08777437029,0.03912028734,-1.02516134371,-0.24666156152,1.06580524200,0.46602474538,0.52566925915
1.35706324987,-0.20658808107,0.39581243903,-1.40308165251,-0.56117370785,-0.93898725416,0.98232913095,-0.57420754921,-2.39519882634,-0.53548386574,0.67656754549,0.89975731902
1.33160920692,0.30689475052,2.34682179966,-0.20845002380,0.49691142815,-0.52426575234,1.21063806244,-1.31502003215,-0.17619190323,0.87514135556,0.11473923883,0.36029585683
-0.31698412546,1.98986093031,0.94031580516,-0.54482217455,-0.32466261645,1.08167979364,1.81619685557,-1.96142817871,-0.18474367458,-0.93024780660,-0.31691309833,-0.77102970243
0.03000856108,-0.23959310639,0.28772805371,-0.67556752379,-0.83752172381,-0.87968217894,1.00869149383,0.35318375630,0.67142945897,0.73028294351,-0.48403984117,-0.67335996469
-0.52716136272,0.36933505718,0.30856391979,-0.71449624066,-1.26903945493,-0.10883941023,0.51905501791,-0.47863528602,-0.40513335416,1.10062799522,0.24714264017,-0.59788395104
0.60706385928,0.30952541500,0.24786600500,-0.87450537336,-0.23400697295,-0.64727022881,0.53179246878,1.57037101277,-2.10811693006,0.30514275119,-1.24677062610,0.09086593558
0.21148311314,1.14307678522,0.38412111811,-0.07740838744,-0.95442448146,0.81794180151,1.06594548289,-1.81386018313,-0.42143363755,-0.75726983346,0.38427642286,-0.47484457004
0.42117959171,0.11071887062,0.14674749089,-1.08801230450,1.08578579791,-0.69397122215,0.10451166363,-0.46296308400,0.16095606097,-0.52840982062,1.02859973223,0.84907701778
-0.30473239813,-0.27639865247,-0.08379653260,1.39598643569,1.28333675994,-0.63362251803,-0.34861853203,0.22092171659,0.99692642582,1.34020896555,1.27716941324,1.90397731055
0.41588473680,0.43728032266,-0.55596612054,-1.36636305482,-0.01937641179,-0.05511786874,0.07088467728,0.33807097998,0.20826257689,0.11140020618,0.15958557068,0.42455974737
0.30945769273,-1.50579187663,-0.03251605949,1.46266178280,1.00778225454,-0.71257209742,-0.94294499209,-0.37080958242,1.89266347764,0.87647410787,1.66149028875,0.72834399819
0.35025385773,-0.19865802464,-0.32993517513,-1.06486319093,-0.58134524498,-0.36766288000,0.23593936893,0.50807871962,-0.12263694941,0.18358805826,-0.26393335957,-0.42110521405
-0.34062381820,0.70803114796,-0.70466900126,-2.15463860136,-1.07352029318,1.26284755272,-0.51277796985,-0.24526363463,0.86316922291,0.93698749354,-0.57871019100,-0.96598095070
-0.00281800490,0.39823731209,0.70089624275,-1.28041971661,0.21992707410,-0.70164138878,0.47066554100,0.04286105674,0.50414177648,0.64518520727,-0.13232413992,-0.12295649608
0.25175384941,0.67639699611,-1.78752036794,0.79741468646,-0.77141404674,-0.68025361364,0.69581293378,2.63924567460,-0.94797690102,-1.45735305242,-1.01140018980,-0.04869073359
-1.03256935922,-0.94976217755,-0.57436660024,-0.86788838883,1.24000974203,1.21961129923,-1.66012702829,-0.26450666971,0.78994613418,1.70712408324,-0.04410500785,-0.32614374908
1.83917080321,-2.69327552966,-1.28890245965,-0.12372855347,0.76705706754,-0.42524565192,-0.93861006898,0.83135537546,-0.52168634018,-0.29557745609,-0.54947451255,0.49822903081
-0.64163545112,-2.03787949680,-0.43908366718,0.24715505535,0.48923285112,-0.63243745352,-0.88023215876,0.67489219544,1.26236758948,-1.29056787591,-1.38638420095,-0.21745878329
-0.00711358652,0.34664243843,0.50684198754,-0.33319537028,0.07567428177,-0.92393105382,1.32303845340,-0.24882607745,1.32979512270,-0.15682164081,0.32251960197,-0.67900899185
1.13038648613,0.22914947319,-0.71077233373,1.21587708208,0.06915245403,1.04574799545,-1.63637639505,0.95227100312,0.65906050864,-0.87075584641,0.09230144112,1.15018209854
0.06481735201,-1.00221649402,-1.55976186978,-1.59719081326,0.54932054180,-1.63957774335,0.99243513531,-0.16519706127,1.29487105606,-0.51173824311,1.81987376248,-0.74851423437
0.05414554750,-1.91879506372,-0.34605168255,0.58725843048,-0.73158671514,-1.40725917197,0.64025165510,0.72652539966,2.28600015740,1.02225221408,0.47388349737,-1.27279996169
-0.04063915878,1.49114665620,1.00253775758,0.27056715135,-0.33482872827,0.91781282083,0.14511739372,-0.31475653148,1.60775656165,2.29093584164,0.18007485741,-0.32449277153
0.27071520606,-0.44232820971,0.84730866366,-0.49542172960,-0.84637564512,0.11629731525,-0.53138003192,-0.00322650452,0.91278999177,-0.27716286564,-0.87538360199,-1.03652390264
1.46598235470,-0.58314448181,2.32336723787,-0.19385765185,1.02395935301,0.60614678177,-0.11970293114,-1.26473938855,-1.69905232570,1.45013869275,-1.68382541888,-0.14484140377
-0.65094413844,-0.41087418250,0.89923375362,-0.36086693445,-1.83301049060,-0.72715120827,0.57702509555,-0.98918065773,-1.18628608570,0.77207941216,0.58011990293,-0.95242536381
1.50170402023,-0.87558308546,-0.39015505175,-1.69483773359,-0.46314286207,-1.25900890273,0.96988935367,0.22732372583,-1.32352467175,0.20407513306,0.39324463650,0.04032589071
0.72333299468,-1.04306524017,-0.69405080025,0.03739136401,-0.91314650386,0.14510384761,-0.57611532779,-0.67563706618,-1.38440539267,-0.15759618525,1.19240023652,-0.15603757091
0.05526587776,0.16111593033,0.56261092126,0.26281126046,-0.82108695545,0.06344080192,-1.09487239880,0.28098452473,1.10296751728,-0.06885304636,0.18876386997,-0.39647925753
-1.81398310799,1.82259122122,0.44226274875,0.04412216589,0.48110586043,0.39002741206,0.77417136614,-0.54371249513,0.78772263594,0.18404621126,0.18196630012,-0.68282215367
0.03115267454,0.28110772602,0.82618766682,-0.08908340981,-0.99521883626,0.18841852598,0.21342463391,-0.93504740240,-0.18638692285,-0.21597986818,0.06671827107,-0.84570802982
-0.99368569474,1.43735117896,-1.37240236287,-0.84123558823,-0.07801759532,0.70517848815,-0.12241537752,-0.04807247663,-0.51780294651,-0.58748372622,0.59696030817,0.16989193345
0.86714263693,0.23282567510,0.46052265315,0.53535742515,-0.55451604201,0.44889778497,0.38822074918,-0.23147339182,-0.69120809895,0.77603117442,-0.46894874565,0.49937860324
-0.34412490557,0.48653777014,0.03307419548,-0.33123428091,-1.25631590410,1.24888260392,-1.49842688508,-0.84317834976,-1.21324132123,-1.45832345814,0.54529023899,-0.95807558484
1.50908695731,-2.64118067438,-0.36898627489,-1.51811145584,-0.31992936198,-0.65642077473,0.85916730641,0.17083746218,-0.37751095721,0.38267275829,-0.79926013979,-1.47389392941
-0.81579878699,0.15079780483,0.12340571653,1.40613404298,-0.48155986138,-0.91447733172,-0.41027437015,0.29494178483,-0.82434326054,-0.49292034455,0.71489553145,0.13676556734
0.18357420067,-0.78348462033,-0.17358576141,-0.76066206524,0.40506328597,-0.53668632708,1.30725835584,-0.65507763265,-0.71383794407,-1.06065703066,-1.03138393980,-0.81937322699
-0.62582254016,-0.95749667804,0.21494480682,-0.53816567788,1.91008099749,-0.18488956867,-0.48770193148,-0.96440597733,-0.11217417433,-0.54171475414,0.28531669971,0.14628939771
1.40140750680,-1.66460238483,0.14699659284,-0.45366823282,-0.82574925771,-0.89556275262,-0.65247739786,1.27833266916,1.04556164551,0.05577780787,-0.34230455392,-0.08856999740
0.09269687297,-0.95456093748,-1.36757361065,0.11047830843,-0.92828579556,0.92428588421,-1.51171396154,0.02335668756,-0.13808738812,-0.70814940394,0.43803286236,-0.87799935982
-1.09225939861,2.14822724652,0.09521096582,-0.61463017451,-1.20944226413,-0.16752800435,-0.29961880583,0.62368507790,1.24464405439,-0.14253967448,-0.06095484867,-0.76000793291
1.11020649699,-1.50206251155,-0.76257956158,0.32875155879,-0.32290606511,-0.37296772132,0.51415660548,-0.70057018524,1.00352586595,1.26931710915,1.01739688964,0.13969546927
-0.72733206678,1.07916926979,-0.81508873736,0.87078387549,0.09645841238,1.05187560268,1.58384560347,0.09451723246,-0.67067755756,0.35294496125,-1.46616669830,-0.22194348046
0.16445258270,-1.19524772652,-1.25251500914,-0.04146415132,-0.50663661997,-0.48690750941,-0.82837375999,0.95433130284,0.55015262547,0.24011489138,0.76758343675,-0.32633302956
-0.31190542859,-1.30469263693,0.29905918486,1.14415251145,0.42929432489,-0.73736054800,-0.33785629656,-0.29332669390,-0.12524218462,0.24770505014,0.22501714222,-0.05900928277
-0.72345620651,-0.44895522554,0.97059587991,1.67601312062,1.26301748824,-0.61133129313,-0.06104197264,-1.21347739350,1.12557306854,-1.99139945661,-0.15525769920,-0.53503165112
0.25379097363,0.47078484169,-0.44463546680,-0.73933347829,-0.60091411037,0.57928927671,0.88844734059,-0.99895053495,-0.18540727556,0.31764006315,0.19565658838,-0.19183468532
-1.50124549907,0.22617370839,-0.45370344355,0.99385130412,1.23590476381,-1.18784399801,-1.63723796984,0.87486622160,0.90283230443,0.60478429122,2.81814318503,-0.01574461105
