0.65490083156,0.26860224800,0.41802610224,-0.39857219956,0.21600721247,-0.32912731048,2.25525287683,-0.65418806160,0.05125194890,-0.98206362454,-1.44772472331,0.14723677543
0.24556108362,0.13689633504,0.45526840895,0.80212966554,-0.88647131975,0.43841241651,2.65079460333,-2.23507940987,0.36824269558,0.76126452603,-0.58270645320,-0.71363335636
0.91039431756,1.46647161805,1.18578861162,-0.89204455772,0.67851799514,1.43498324814,-1.16905146572,0.20430418756,1.49650333481,1.76842594608,-0.88208718653,0.93267589357
0.04199424159,-0.32183470462,1.13883599480,0.58889259339,-1.99821355770,0.24607683240,0.86280158751,-1.03792444439,-0.73591765020,0.69491939902,-0.93375106087,-1.47515530822
0.54037502797,1.97602388370,0.59913108395,0.94083590249,0.04966020255,0.26508971996,1.60446338015,-1.39817109357,1.14475918811,-1.36458575585,0.44075822405,0.82036088514
-1.51557826370,-0.07424601132,-0.14044660511,0.29071527628,0.37009476064,-0.42908778738,0.85966048983,0.36666134685,-0.14801890982,0.84121370083,-0.68672059041,-0.45832592835
0.69514156047,-0.14271974025,1.27466021381,0.62754083654,1.06478419156,-0.03492610688,0.39660825169,-0.42119000588,0.31866056675,0.80349744716,-0.86499736248,0.97141138974
-0.85072587758,-0.40268253337,0.81184639147,0.17298902512,0.02887182922,-0.30170199726,1.54640394349,-0.98218614986,0.09903365047,1.49404483017,-0.66754916225,-0.82561735217
-0.05683002658,0.02267015723,0.56257257268,0.81129254428,-0.40650033717,-0.24193412872,0.24058773532,-0.89686188489,-0.33108604136,-0.61774633012,0.69919030142,-0.18659853502
-0.59896274748,1.34530675281,0.78601197130,0.46752904994,0.16807357995,0.93376117757,-1.15469552058,-0.55122682099,0.26345756382,-0.56944069425,0.57556204113,0.08564769789
1.05842354714,0.82385535018,-0.02264693171,0.67918569244,-1.31898707558,2.56837371286,-0.59551568337,-1.08694911341,0.16077656131,-0.34300411691,-1.28053803857,-0.37561052173
-0.15786708521,0.98290197839,-0.50654100474,0.97626221164,-0.89057861062,0.24496957456,0.76055758787,0.13201985259,0.74392884825,0.14751374125,-0.13252816823,0.07530885917
0.87438247353,0.08872787577,0.09565465998,0.06694312063,-0.82295274129,-0.12421619040,1.39009724698,-0.23630787441,0.19332637577,-0.29238211554,-1.01406440413,-0.04222095868
0.71130276026,0.25052383062,-0.48565766144,1.69242913960,-0.15950911218,0.37005897512,1.94797235636,-1.54246627744,-0.00296500833,-1.67992333305,-0.38760620121,0.38509790194
1.47675806048,-2.65582180057,-1.02916023442,-0.11772191661,0.50314570620,0.48738894731,-1.77877015671,-0.13781145086,-0.98852511390,-0.94336312216,0.06891255482,0.00217220468
-1.44271949675,1.81308783259,-0.67358862553,-1.32973784164,0.38563625545,0.39994689477,0.58780258553,0.45594512400,0.94548077205,-0.28181052017,-0.23798180059,-0.39803155403
-0.09888604935,-0.37027570488,0.28122745087,1.45429547436,-1.12848760651,-0.31996222938,0.04283613942,-0.59612385623,-0.30654344569,0.05667362027,0.78336041911,-0.42488103611
-1.88657653656,1.32832352981,0.17113867923,-0.05708426012,1.53220148301,0.06846494525,0.92273301387,0.51390078685,0.64266635946,0.73872646589,-1.06440853408,0.20328015105
-0.61174398993,0.38354191443,0.07149698638,-0.92648930883,0.12825834789,-0.05198907121,1.31374881911,-1.14116132322,-0.62662313142,-1.72051979146,-0.13513651736,-0.88205011646
-0.48198106269,0.14757303477,1.04031795103,-1.34824999323,0.59837480716,-0.99985918063,0.97566850909,-0.01786257966,-0.36993797600,-0.66745567741,-0.62923795974,-0.36705807205
-0.26096855606,0.62051833923,0.47199135311,0.43748219781,-1.82178003774,-0.80613898333,0.40489809250,0.22840388586,0.59851243335,1.14591051563,0.88367111406,-0.58835387552
0.95285306702,0.41186578354,-0.23662917606,0.84633819384,0.05429829206,1.55704758637,-2.02370530517,0.27053487528,-0.09933712373,-0.89638228903,-0.28722246886,0.89087654009
-0.32959344057,0.12945927376,0.00824952972,-0.48460730066,0.58483986578,-0.40417809742,2.38926397700,0.06771102608,0.79026933038,1.43568969975,-1.65639039967,-0.01320948084
1.12070788122,0.39775399083,2.92001128731,0.64979979057,-0.11686810803,-0.61276206786,0.43444892217,-0.21095781580,0.57023463492,2.26773666542,-0.85560096805,0.72927065972
0.47263552585,-1.05911671718,-0.22866128504,0.27965001420,-1.16092733048,0.87772801649,0.28561110823,-2.30186845063,-0.69880466501,-0.90367390760,0.65754107750,-1.45714473909
-0.50624237857,0.38185002200,-0.25612871794,0.37360051160,-0.73143912985,0.14873392233,0.94675957492,0.60954038299,0.11396707530,0.67173963059,-1.43727797871,-0.40940644797
-0.57472134561,1.49802358769,-0.07031953078,-0.20882337859,-0.10871231989,0.66467648056,-0.36030585496,-0.42377233704,0.39482019352,-1.19760378928,0.70759081884,-0.12063593777
-0.28738444379,-0.09772681789,1.05843708856,0.56512058950,1.35726829045,1.70231269151,-0.57718879711,-1.53635616094,-1.05551908627,-1.00212325921,-1.41072333032,-0.09174251279
0.29451082808,1.22682040517,0.02544095962,-0.35618272093,-0.74746839565,1.36634979203,-0.13890135292,-0.01536129590,1.26549543769,1.15525186336,-0.83219186631,-0.17384089393
-0.69495695192,-0.02661141644,-0.22047664679,0.97079759927,0.43960504008,0.18428940706,1.55143045341,-0.78458728895,-0.31629846651,-0.51234517709,-1.00501270275,-0.17910636268
-0.50954998128,1.71888180922,-0.70694930400,-1.87081543621,-1.23039101677,1.44938015557,0.38716596804,-1.01462726973,0.59560279058,-1.14589741553,0.20579770668,-1.51016085895
-1.39628233415,-0.10513102033,0.54433209484,0.18433288080,0.61212988498,-0.37935762163,0.83641763244,-1.27086275196,0.01289579577,0.48923825017,0.73483991162,-0.64725316770
-0.81120323235,1.38478166756,-0.19636213210,1.39571804375,0.67536463676,0.34998982185,0.16037936582,0.62621802718,0.38534445477,-0.63973089887,-0.60024863235,0.85214260524
-0.33148169223,0.01074525467,0.74869702154,0.54648190124,0.79315134607,0.47724113007,0.30104429401,-0.88604762988,-0.31366700134,-0.36766916950,-0.77751209102,0.05072634826
-0.44479492220,1.21189055849,0.38913847608,0.58661354075,-0.91090677959,-0.53369858942,1.64847403791,-0.04205313417,0.70584264774,0.42714794906,-0.18788958154,-0.18825557922
0.11853852023,0.41310808339,0.37603535601,-1.23426787976,0.12177235113,1.44396203097,0.64433070295,-3.17421337724,-0.35376718447,-2.44770802064,0.62615151716,-1.38060717598
-1.41563550946,1.29122010071,-0.67170812487,1.06292829744,0.03285199676,0.70890421450,1.18021106416,-1.10843449142,-0.11832304547,-1.49505475248,0.11645121554,-0.44993671378
-0.83182251053,0.73834397073,0.66466320531,0.33355673520,0.59413039922,0.33972014622,1.33195716529,-1.48299996355,0.05012142117,-0.30144211861,-0.21861403989,-0.24218290876
0.33966226094,0.45088469097,0.60739059282,-0.20225080450,-1.25783877781,0.00155230507,-0.72541443021,0.71782273777,0.77998957763,1.62716121191,-0.01023036067,-0.21895293987
1.52919650077,0.45579851477,-1.86926631114,-0.01386865774,-1.17883437917,-0.03431469251,1.22135003708,-0.01461316518,1.00955372108,-1.65678059918,0.46605967001,0.38127761224
1.40790529287,-0.67951251685,-1.55320780533,-0.20973276253,-0.98935995136,1.01664914984,1.49055359128,-3.70171736212,0.33921393355,-2.11691789635,2.25766758198,-1.09225981222
-0.21520026431,-0.42843867425,0.66165582821,0.52641051101,-0.12172031431,0.63207501647,-0.63762691947,-0.12937920397,-0.00149070537,1.84278981190,-0.68422584615,-0.24263408620
1.68922812039,-0.53426883275,0.04082977148,0.73699292756,-3.08378591939,-1.11253925922,1.36971871938,0.70812513558,-0.90639917297,-1.13014672757,-1.17352646124,-0.66139346328
0.55346936201,-1.53978911503,1.21380982560,-0.43354441546,2.13204160863,1.04996442844,-0.01924616050,-1.73549918713,-0.99274858746,-0.42093590417,-1.81786862793,0.02748375171
1.03514161650,-0.73442214771,-1.10377614223,0.85354881752,-1.51321520313,1.23457194989,0.49713500403,-1.91241312047,0.82058844534,0.91531762726,0.89205723693,-0.65309025810
-0.46992081090,-0.08221539945,-1.02360579311,0.03713220684,0.68821392451,-0.88316700022,1.83940243560,0.07546517199,0.46573588471,-0.37199846229,-0.04265083446,0.24212698790
-0.66052037393,0.59559482242,-1.34186502916,-0.15680685533,-0.60824172880,1.16753320505,-0.29554335909,-0.09451699715,0.54619716059,-0.00814862699,0.12296516080,-0.62115510772
0.26650344258,-2.09514045885,-0.61376422009,1.12070219863,0.50124296555,-0.04082044295,1.07943029014,-2.17976263088,-0.51005287931,-0.11968796849,0.71829913915,-0.40615800059
0.21869013088,0.69274380383,-1.96173045837,-0.14104085632,-1.47841438105,0.78569129933,1.37606934539,0.98974192650,0.67189804667,0.25103505773,-1.67970633554,-0.40762458832
0.38316268175,0.02731802244,-0.03075792092,1.04499512649,0.48698738630,0.04924716609,1.15287380258,-1.02538817394,0.59364484732,-0.10356283415,0.08649978547,0.61624089071
0.37345830242,0.82161012004,0.54635460801,-0.77404070981,-1.06609460928,0.53247797552,1.70788288264,-1.04656317609,0.94193085611,1.04417991847,-0.85745423605,-0.77130724144
-1.28568290277,0.92543078089,0.21844160670,0.56254456448,0.73992685499,0.34181616032,-0.14726218346,-0.34657240034,0.12902061605,-0.58965175578,0.21873351188,0.01323088791
-0.45753666025,0.39811329835,0.68838569487,0.18087719283,-0.57331223578,1.36958807369,0.34933091280,-1.61178060456,-0.07095201223,0.60917980850,-0.58866324916,-1.03162123276
-0.70352768867,2.65752372529,1.12902519925,-1.53331300872,-0.16372564582,0.77016182845,-0.97205029594,-0.03121977006,1.25384745047,0.15829755002,0.66010797780,-0.24969948761
-0.76720591857,0.37827087902,0.88996494573,-0.99157155708,-0.70535556150,-1.38087201620,0.64932527645,0.87543741863,-0.03743324898,0.84252539114,-0.15194865870,-0.67821750893
0.64034625334,-0.03293587714,1.89944245033,0.18256621098,-0.59869771626,-0.28570879819,-0.51995552454,0.16061931269,-0.20391314223,1.11075507012,-0.62053863801,0.04950473639
-0.54808123730,1.16439880403,-0.13888825910,2.71116669758,0.23316247395,1.19718609964,1.22072479716,-1.64740820837,0.45774662765,-0.64840124636,-0.17638516728,0.44085795548
-0.17875578036,1.65945080288,0.58671323272,1.22940219590,-1.00398719203,0.79936322928,-1.21496939934,0.58411124017,0.28262351983,-0.32940162460,-0.08719423245,0.26862638842
0.61931645906,0.25402200231,0.56370829991,0.19499029143,-0.20017084982,0.17057810071,-0.46429908660,1.25272447950,0.44223093158,1.44965356819,-1.40917540023,0.61975903957
1.86095667648,-0.02852788099,-0.56231752114,-0.91020063612,1.03816945191,0.65504143541,0.77500035932,-0.15540747290,0.75831272518,-0.92861064799,-1.37347356214,1.18621700510
0.77189906109,0.96315539375,1.42175769909,1.06024228778,-0.41694951657,1.10563946341,0.86171036648,-1.13570318387,0.61837721486,0.73285674109,-1.40394202984,0.22094552052
0.84573610010,0.58969327951,1.40076981050,0.04639539588,0.39029006095,-0.03290616465,-0.50724379330,0.54695437043,-0.18982420037,-0.88020049355,-1.17599307006,0.84877377164
0.02409808080,-1.02316484029,-2.34049706067,-0.05517759940,0.07881329993,0.81195336946,0.70693042429,-0.36545671547,-0.16294264999,-0.54250239816,-0.50347725323,-0.42081795260
-1.89891245267,0.47347127322,-0.12710831942,-0.94534334122,0.26673867064,1.75559802725,0.70409001780,-0.88514237511,-0.38812511656,0.54562514154,-2.05031609540,-1.71170527203
0.05520707827,0.01015449561,0.42117627037,-0.44123421731,0.09338070480,1.38014867264,-0.69078226150,-1.21444597797,0.43387462446,0.73597496402,-0.08257398222,-0.51692193386
0.95554947748,0.72947235069,0.40446046560,-0.09013585640,-0.67819215837,-0.93597551319,0.77383038610,0.96588405552,0.79961950103,-0.02839601519,-0.38013512431,0.65478319112
0.66874262451,-1.00707260359,0.63682411720,-0.84656480375,-0.22475411378,-1.73571684109,1.45566130008,-1.17727464036,-0.03258196153,-0.33933866578,1.38256009227,-0.38750470077
0.25448814338,0.44639250821,0.90198363525,0.52353811482,0.56077584234,0.02686932100,1.45649193554,-1.54152680186,0.26256511871,-0.58227894726,-0.16551347700,0.31359332978
-0.34676216267,-0.57765494927,-0.43930506559,0.60311987364,-0.32188977017,-0.59659972931,-0.93618808567,2.03039769955,-0.50860693965,0.57827422990,-0.76960610998,0.20113431690
-0.58985749283,1.29305635555,1.06659245687,-2.88212404178,-0.77758916487,-0.28555612720,0.55468419758,-1.70299683776,0.42185969922,-1.03223614849,1.79596893635,-1.72991535836
-1.28944214317,0.37595529784,-1.08772826038,1.06303512794,0.78232663879,-0.51049334953,0.37365763827,0.84407620635,-0.28785993577,-1.30486200452,-0.01205942725,0.35490367119
-1.05683337484,0.00309914246,-0.37279411296,0.69762512495,0.93578782465,0.82380887729,0.23498443664,-0.74412669350,-0.61677985772,-1.11373323673,-0.73544891151,-0.27730217593
0.14503025682,0.47467937430,1.08899177589,1.28326697014,0.72597954330,0.36466207610,0.85490850062,-1.66417963135,0.40442432927,-0.01068577304,0.12552911303,0.56061489845
-0.09378601694,-1.00671623366,0.50439344301,-0.43644075850,-0.14680477783,0.31729855899,0.07923295318,-0.49231304326,-0.35677782765,1.10824383908,-0.96974724244,-0.81442849707
-0.83322954006,0.37167316210,0.05961728450,0.33938226853,0.65354465362,0.76946227107,0.61135853428,-1.18211299265,0.23020142746,0.15038325943,-0.17940160109,-0.23294054993
-0.14776894216,0.75133014285,-2.00115737464,0.52204330621,-0.08441910208,0.27728588884,0.56829122150,1.27444059141,0.51999225527,-0.96462699775,-0.69752852995,0.54460389844
-0.23765385452,-0.47475712304,-1.16608107300,1.98390429661,-2.92079962211,-0.96157809851,1.54772063224,0.11655118291,-0.38419055615,-0.00731087572,0.43151596558,-1.15802802389
-1.30338954576,0.33818484587,0.48880035032,0.11795764503,1.62744093539,0.74322060032,0.06036767179,-1.05807049082,-0.09975740511,-0.06473067774,-0.31062225397,-0.05177185918
0.80193434195,1.43842461604,0.63050442104,-0.02689477832,0.43731676847,1.32417138590,-0.62865133681,-1.33705390495,0.74283573349,-1.66780568025,0.52430200410,0.59563756831
-1.97172067127,1.79105767357,0.21153142785,0.33372772487,-0.45406644847,0.91292452437,1.16541798712,-0.78237078042,0.79211068360,1.16685212243,-0.38536769430,-1.04721339562
0.52761604808,-0.94969859781,0.43397193742,0.37973600441,-0.14295428831,-0.28489075597,1.11801535540,-0.74280914915,0.10922148979,1.01664587724,-0.59978000541,-0.11422801153
-2.07338037316,0.83044458095,-0.03330876801,-0.40856848151,-1.16739469789,-0.16262687524,-1.27149708098,0.51483578406,-0.01538082959,0.15115057378,1.37707189719,-1.52452803862
2.59171419160,-0.38833771708,0.39397549191,0.27049683973,-1.07936286163,-0.46872622499,1.01819007190,1.05326414941,0.40951971649,0.60320498623,-1.99246750493,1.03042830825
-0.96789247689,0.07578300708,-1.96783859745,0.55063637425,0.39078093206,0.37098105698,0.72292533405,-0.17229445150,0.34238448340,-0.69554154415,0.31393138375,-0.14669561717
-1.44435567061,0.53936108220,0.40264380952,0.59665336401,0.03645459488,-0.65067101745,-0.07003309852,0.85157927810,0.23079248916,0.92102224745,0.02321848039,-0.17261060654
0.82621160524,1.23055263908,0.23384012070,-0.20935574871,-0.19554635990,-0.69595442127,-0.41948627224,1.05288989056,0.55060528610,-1.56937010927,0.50888418514,0.98880605310
-1.13465035646,0.44368586552,0.42101507582,0.99520968897,-0.32395167334,0.98488024470,0.01547550590,-1.06350013758,-0.19148394627,0.47069510583,-0.18862685254,-0.75997999738
0.97619135702,0.02494157359,1.63181986224,0.33099002512,-1.17427562325,0.40310096439,0.88363934820,-1.97086330389,-0.68063062551,-0.96529956055,-0.45381679630,-0.78315071999
-1.48804780628,0.05958869224,0.16596757991,1.31176978526,1.57406441128,-0.75207589022,1.25489873019,-0.00808165767,-0.16419686884,-0.00857825733,-0.49241986844,0.46407280791
-0.15580749141,2.23728014879,1.21640171867,1.89565153628,-0.61573872131,0.05342802175,0.31385966641,0.02018152847,1.34505759634,0.77396801769,0.43031466826,0.81742238767
-0.56361742170,-0.87839445107,-0.23486442907,-0.66476699559,-1.33914125838,-0.40514345416,-0.17229238545,-0.51865093660,-0.61010432586,-0.08131602485,1.01146499150,-1.67313072166
0.15238255155,0.18788780245,0.74837704502,1.36886582741,-0.02509553416,0.50142080448,0.61203638443,-1.08786480266,-0.50783362200,-0.90016325691,-0.75627436983,0.08799849485
-0.62377586727,0.16814899720,0.92466826220,0.39530934817,-0.01722075415,0.12750599472,-1.46533352604,0.33257201198,-0.71085684180,-0.61554510833,-0.04027389417,-0.24905571264
-0.48082527640,-0.50724414084,0.42585420666,1.21137857293,-1.60286089107,0.28478706466,-0.39393796901,-0.52355766055,-1.27917016484,-0.32386586252,-0.14455180382,-1.26740937585
-0.32358592320,0.83304915307,0.06421242071,0.23731348226,-0.74791415401,-0.12767925625,0.46585799660,0.36373828628,-0.30508978398,-1.10135428076,-0.54914845681,-0.26527945580
-1.18174577797,-0.40185702877,0.44364947356,-1.56631177584,-0.22563585542,-0.30307363142,1.05221017416,-0.64969030065,-1.12615661092,-0.59982930907,-0.83212483089,-1.77231122268
-0.99786363660,0.73639944855,-0.39516987956,0.00848262360,-0.06960003144,0.95905598988,-0.39876680808,-0.19315606854,-0.24906424652,-0.78447105433,-0.27163740826,-0.55802189176
0.53913828434,-0.07192481275,1.52891734774,-0.68784084594,-0.94571864296,0.35684813643,-0.20232722095,-0.03844301527,-0.13288290894,1.28890044720,-1.42388401720,-0.68554000538
-0.07371565706,-0.43818042567,-0.10967107079,-0.05204343385,-0.65600053863,-0.00994025828,0.52836508439,0.05303866108,0.44354434850,1.72510445416,-0.47332750587,-0.47405074021
-0.44682781679,1.73745023325,-0.65400116811,-0.69716640691,-0.67691863800,0.42218410054,1.52438552383,0.54116710759,1.07699730280,0.22126364630,-1.13127158603,-0.28935339153
-1.07852869808,-0.27581638088,-0.47962580652,2.91002168645,-0.65125164235,-0.08353735201,1.78768125750,-0.37537039964,-0.64050698853,0.09095396454,-1.13881474784,-0.38005992513
-0.11619488332,1.19381092073,0.07029223871,-0.01334687994,-0.23868870928,0.76707223526,1.38250137213,-0.89049745423,0.78272253543,-0.06014600257,-0.71286301278,-0.19887846582
0.43225075436,0.80399938171,-1.30025386056,-0.02525630021,-0.60206791106,-0.19359115198,1.68135613448,0.03195409448,0.32887759436,-2.01303569534,-0.28928007594,0.06865338909
-0.66009952884,0.28325049261,1.03537366442,1.59779712153,0.57900131259,1.06080628712,-1.69019204979,0.13616591248,-0.51901567680,0.38935654715,-0.79203354261,0.36988563885
0.28801163170,0.45457070641,0.11785064859,-0.81835949269,0.50095542903,0.42080055985,0.24082151777,-0.78069335614,0.48296790855,-0.84311912618,0.07207329807,0.07950143356
-1.11124505872,0.65393710155,1.11816386397,-0.97436524027,-0.30555963903,-0.45880668922,0.18354521429,-0.74900086144,0.32175229939,0.37844131992,0.90030318563,-1.06081408450
-0.81831873604,-0.61226041817,0.79267917708,0.64396934086,0.24318287510,-1.01693755448,0.52222980491,0.12869161229,-0.32191992137,0.95680931258,-0.21942907910,-0.20745013388
1.56996584736,-0.23581586639,-0.95556836151,-1.03873016375,-1.53897510989,-0.05551429653,2.60798906644,0.09329879251,1.26001477462,1.25125495273,-1.70146574358,-0.41221813298
0.83236494422,-0.28350271428,0.36397405030,0.15562229185,-0.37731013909,-0.79831383435,0.02545926081,-0.13399531669,-0.20650906298,-1.34372125656,0.58757296099,0.19739239682
0.56191882475,1.77480997426,0.34843006602,-0.33694459610,-0.17181983653,0.81698511688,1.91906292441,-0.06719017708,0.62154598120,-0.83969853253,-2.41016784589,0.27769198775
-0.06763039172,0.89630523151,0.02848435384,0.37012513505,-0.92616567945,-0.73032544453,0.78207194482,-0.47509480357,0.44139402839,-0.67596680437,1.46565624563,-0.05254062914
0.06470015607,-0.05128252301,2.36465989109,-0.78917881955,0.88932343569,-2.25470774672,1.45585830778,0.15972925801,-0.00866075720,0.87759077975,-0.26416048592,0.43709501693
-0.82068186945,0.68274978413,-0.05117839904,0.76530513986,0.74524802972,-0.19713737746,0.39573865813,0.33518829442,0.58013080151,0.21380872405,-0.09171330923,0.52570368823
0.23814127148,0.30184913285,1.47763082088,-0.00912487673,-0.37003739763,-0.14209465875,-0.43012433907,-0.94806957626,-0.20538069052,-0.67422619610,0.73653419337,-0.29178716967
-0.72917610149,-0.94327081496,-1.44371655046,0.80165325274,-0.09461720109,-0.66209068781,1.77175245992,-0.18723749529,-0.00559361102,0.26962402331,-0.10818157467,-0.44275753879
-0.27505755543,0.46023162856,-0.28514990895,0.57212453688,0.14409963780,0.82411947222,1.57796778550,-1.96224222638,-1.05012273053,-2.73834884711,-0.53983470820,-0.61195076291
0.33417545227,0.45676850870,0.73362826869,0.17034904287,0.00675053871,0.39261224810,0.34391015681,0.65419461864,-0.26704715628,-0.11415581858,-2.24378401282,0.29046404209
0.36093446724,0.53227010475,1.89430383748,-0.68507830813,-0.20501436227,0.32322034924,-1.62366069682,0.11684289350,-0.00364804053,0.24816354876,-0.23390177802,-0.12437698481
-0.23715785752,0.01082940556,0.41253784396,-1.18410087113,0.25275208250,-0.93035084021,1.45790687337,0.62469872876,-0.20156787274,-0.12567779963,-1.46257625085,-0.25978443292
-0.77816579904,0.12639678460,0.77645491442,-0.76363378995,1.78508390174,0.25503339910,1.79469861464,-1.86264527512,0.51711943922,0.61476757410,-0.51626928414,-0.18537692566
-0.42799248572,-0.87371722808,1.21264741259,-0.26611513535,0.28923414176,-0.57285363172,0.09463846387,-0.69295663631,-0.51865705009,0.78072125616,0.04942619758,-0.58283933756
0.10942854362,1.47806324851,0.82906902989,0.90835968671,-1.18551101167,-0.00056791731,0.63310927197,0.75618288884,0.83391408698,1.04387455887,-0.98757892941,0.20495670827
0.91791556421,-0.75283620466,0.02902782618,0.79939005855,0.44888019249,0.77998147596,1.11836067478,-1.09655404805,-0.79792621830,-1.11866449936,-1.86851836589,0.20624074822
-0.50812125098,0.02485147998,-0.54446363316,2.60633454689,-0.36457856631,0.25913229669,0.29176879626,-0.23963040667,-0.29874418266,-0.37120798291,-0.04666442893,0.25386137042
0.02908969185,0.79464025979,1.71407650481,-0.66291125992,0.81748744769,0.37247068121,-0.07871597421,-0.83150160983,0.04933586873,-0.11793113517,-0.47376146241,0.16463001698
1.97781238156,-0.57524871246,0.28467398482,-1.79903070389,-0.93429245446,0.05864319489,0.95942813479,0.04309590259,-0.20580718745,-0.93278802340,-2.02252570157,-0.42723550334
-0.62998620820,-0.58314105290,0.38545008731,0.34604294298,0.17100787300,-0.21287900299,1.01896423342,-1.02888985121,-0.06401602269,0.26179587715,-0.24876877158,-0.64747881685
-0.83245872879,0.83743362003,0.32207100316,0.81702137915,0.98436994565,-1.58296614852,1.75015362462,-0.30208849560,0.60240468024,-0.61715331126,1.11483535213,0.72459690426
0.12233173325,0.05986048940,-0.90152811401,0.06450775670,-0.00868712416,0.97504377209,-0.27653182989,0.19587477939,0.00281145182,-0.34026575170,-0.81314380782,0.07746068809
-0.35652532897,-0.66073245608,0.54619737971,0.83475283244,-0.02177456896,-0.20149355040,-0.04239617062,-0.19742276731,-0.42995640970,0.70385780648,-0.26979873860,-0.17125672168
0.06997843386,-0.15702942080,0.24256284752,2.59993230289,0.42758955082,0.67044878558,0.37280889273,-0.30196104871,-0.44812897151,-0.08676865845,-1.41996455097,0.78122711147
0.27947315352,0.96382296403,-0.69927474698,-0.66308814794,0.63656497221,0.24473182349,0.59313010388,-0.03621436114,0.57809204103,-1.69850660956,-0.12391132254,0.53395581303
0.57122091432,-0.67599449126,0.08522196172,0.78884858724,-1.64629982556,0.13720211824,1.40601211968,-0.87033809383,-0.41652394937,0.36760101408,-0.98599312525,-0.88113423041
-0.57718373211,0.46643053223,1.09657732351,0.62204268331,-0.52247091118,-0.51137218669,0.66171348502,-0.27083769646,0.64475574546,1.84668323261,0.22702741325,-0.26913895922
-0.52565428090,0.44193665268,0.22759660385,-1.13034921029,-0.25415050322,-0.56587565678,0.62938738527,1.05877101098,0.09547320975,0.39279362890,-1.13550510445,-0.43172411503
0.46540200080,0.97650318303,-0.40385568558,-0.36392034380,-0.15565771994,0.14181593438,1.04310073511,-0.91216347699,0.67320838156,-1.47767967509,0.60463666941,0.15987868384
-1.30028693710,-0.11657506802,-1.23944529198,0.13829106014,-0.26602257139,0.34211375438,-0.52822134294,1.24510560952,-0.24919521876,0.63711288236,-0.66801157113,-0.53997946428
-0.03584241403,-0.70831782062,0.67808673589,-0.14606400754,0.27445748557,-0.06124882552,0.77043054053,-0.62821887048,-0.03798346022,1.03909455603,-0.87934510860,-0.33365083601
-0.84884762923,0.52995755998,-0.04278214386,0.10941711460,-0.13915511643,-0.22415591091,0.67926660918,0.13352729864,0.51301096549,0.66297440871,-0.07936018641,-0.26650748787
-0.03480133764,-0.20578607054,1.00109047514,-1.11897344294,0.69611999213,-0.11172045955,-0.97199598875,0.17175150077,-0.15818037238,0.41329401382,-0.13497624891,0.01705582556
-0.79295390923,1.05476814988,0.56500264240,1.19048090750,-1.01333791342,-0.73557254443,1.32594507677,0.56176962475,0.69705303356,1.40093217328,-0.37777792429,-0.14823597604
-0.37128560328,0.13966413137,0.17676054452,1.15621937242,-0.39325651416,-0.59937285953,-0.44980208091,-0.52527471509,0.46873115921,0.25299290245,2.14538844828,0.11518156588
0.19592394334,-0.33457494326,-0.80211168840,1.37663824814,-1.08436335534,0.75871352647,1.35588502095,-0.85293604015,-0.27869186113,-0.18842433142,-1.10686570963,-0.54297239056
-0.34550947702,0.38032141064,-0.65488321330,0.68103769247,0.08570669201,1.16797087674,1.09403244740,-1.56694864153,-0.02182993216,-0.96135668469,-0.39295871515,-0.38249590773
-0.12361157629,0.82474762665,-0.33827318270,0.05671982614,0.68256599841,1.19047580423,-1.04025301011,-0.01732267049,0.79551577481,0.03033949193,0.06140002521,0.55518791923
-0.21351618804,0.00806940626,-0.49933560462,1.67047751327,-1.34884385904,-1.69073449410,1.15689348862,0.71006243140,0.55916979790,0.37002655723,1.06501318105,0.09091250999
-0.03463335457,0.70637313390,1.34660807182,-0.26533853677,-0.79918025830,-0.60602924020,0.70715821801,-0.61890355763,0.41068831597,0.54571701761,0.46831972646,-0.42057072401
-0.48173815924,0.36168816418,0.28377150337,-0.83166988534,1.84984794708,-0.27792761235,0.10149483074,0.46361693661,-0.16699426768,-1.07893041921,-0.79366508595,0.64012855946
-0.94828371784,0.51526703980,0.40803494973,0.27184374869,-0.05144719681,-0.36923553953,-0.92508996320,1.12489197650,0.22637004044,1.00382797517,0.15702949847,0.05718115656
-1.42842026448,1.10898113451,0.49075395674,-0.10146411630,1.19245097454,0.00704713532,0.63174900065,0.19756339950,0.28283429244,0.04102584875,-0.81170326942,0.11771250568
1.22441925551,0.52437793063,-0.79709903812,0.79439764133,0.21273418193,0.61199783298,1.33431362609,0.20656631877,0.93324728309,0.01774094352,-1.44295516260,1.20794949500
0.64996200734,-0.11255075050,0.96187811754,0.87476951389,-0.59002019599,-1.16864413527,0.96558110806,-1.13713451179,0.38732198231,-0.05085823402,1.48891231707,0.19732734762
-1.17583884408,-0.07598181775,-0.30172405197,0.97405651097,0.26366541052,0.43900693679,0.90131553190,-0.25692162220,-0.19518590162,0.61816709576,-1.11052270604,-0.39201252805
0.25643736654,-0.32796342337,1.21510171701,-0.03020164776,-0.10745572879,-0.99141482202,0.87560898118,0.80986827696,-0.37694838175,0.73170059147,-1.65512265345,0.10683782838
0.75697574072,-1.14533481988,1.46335563608,1.41435413177,0.28945226625,0.57825897548,-0.13184184899,-0.79172047691,-1.35028678556,-0.26967087236,-1.91801845205,0.11135059567
-0.13087490034,-0.07775206341,0.11738005604,-1.21392821528,-0.94940690085,-0.40203605263,-0.78080745796,1.03339166097,-0.10594709788,0.22907650814,-0.13637642042,-0.73270130129
0.98324024734,-1.34701807386,-0.11810755631,0.23258769500,-2.19759971906,1.19667296662,-0.85247294135,-1.53011785879,-1.76773089001,-1.49339274561,0.01462159546,-1.88141784351
0.45215884184,-0.82109094056,1.72199977212,-0.14412571554,-0.05223337789,0.47361337535,-0.37969370743,-1.91879007844,-0.52281474241,0.13293846287,0.15290381591,-0.79454798407
0.47134214944,-0.02547955477,1.08480180493,-0.19906940432,-0.16394560406,-1.19973090716,0.34178155839,-0.23280683275,-0.06809637688,-0.65245681386,0.70063791838,0.15197875286
0.04022227364,0.80090623243,0.23760775545,0.29643733763,0.01771411625,0.55429643925,-0.41938843670,1.32489476288,0.63470683590,1.45304591036,-1.50804598431,0.59225454214
0.69473389325,0.30408098618,0.42067513542,0.98493801295,-0.90201061754,-0.27279207498,1.50269072895,0.23098165549,0.40180491643,0.80413099323,-1.31505522046,0.29039731141
-0.73594993578,0.45832533158,1.21297670994,-0.04276379792,0.24877232444,0.43562072671,-1.34512253421,0.02339539775,0.13944854296,1.12442333719,0.06437806182,-0.19369445691
0.04175859561,-0.62523690021,-0.23566304197,-0.11117582355,-0.13386160366,-0.22273958693,0.65493203394,0.04696541400,-0.21138213906,0.00892429325,-0.76188776505,-0.27757222062
-1.61574599389,0.68915597455,1.62197060791,0.21595679885,0.85489588961,0.31050733975,0.40100049411,-0.34469482152,0.10487879812,1.78270016270,-1.23448271416,-0.45730803995
0.50674787665,-0.14875678621,1.29117234796,-0.32693468298,-0.56211899710,-0.10928445961,-1.02278421331,0.77918502569,-0.07494869324,0.91269969317,-0.86524277433,-0.08985515502
0.06137952248,0.10996253657,1.31566342715,0.81877391383,0.22872837353,-0.82750902134,0.00155643724,0.18379011650,-0.16040140051,-0.21527465614,-0.13696361140,0.48463342465
0.69693504701,-0.08056247867,-0.55050287510,0.50753887289,-0.11139769184,0.90876838447,0.31295185188,-0.28419540824,0.49736553862,0.28393157983,-0.87550157399,0.32560137313
0.07651118577,0.49892757963,1.13533718362,-0.13590891770,0.81656167250,-0.09877450228,-0.76914654585,-0.31380989199,0.50285019965,0.02511507077,0.66067618026,0.57429585924
0.59707077691,-0.06370907813,1.35532779762,-0.35832244316,-0.91917985011,-0.23848459329,-0.32437873158,-0.26275111539,-0.28891005698,-0.03223432911,-0.14065935757,-0.45077997201
-2.25678514715,0.96069516027,0.09737353205,0.61188415755,0.67403821771,-0.43570550741,0.58627202729,0.60255717721,0.42155468602,1.06404582610,-0.14602312071,-0.22703733669
0.57226713754,-0.46263377520,-0.12584930568,0.77352192924,-1.14699030351,-1.00687359615,2.31630559906,-1.49400618094,0.60415504380,0.52725159684,1.10816013395,-0.32086070601
-0.62827712100,0.18056529599,0.53186381572,-0.57931188478,0.14058361772,-0.57274120188,1.62645409070,-1.10100284329,-0.46115940047,-0.97310099480,-0.07316947350,-0.70855835882
-0.84712333537,-0.29680257358,0.44101481657,2.19305629396,-0.86983141072,-0.38888119887,-0.99099704821,0.45389860219,-0.87741375344,-0.09740729024,0.37648485011,-0.28086250174
-1.40665532075,0.76701447198,0.64893790826,0.69527475132,1.36613314232,-0.62287394962,0.36989341242,0.10554865499,0.07651015349,-0.39651564491,0.09573928006,0.44468112157
0.37491620027,1.26791075901,0.10568292647,-1.01952467521,-0.35330147112,0.14602225349,1.11021090418,-0.76795152319,1.71224607510,0.82283524315,0.65729569015,-0.00277783909
-1.71788761502,0.81885472880,0.35340828638,-0.50786338944,0.99988173364,1.00137167710,-0.23907077908,-0.77001099282,-0.21590726271,-0.37972945962,-0.40518880549,-0.69673237652
-0.12011812991,0.57345337992,0.17024386705,-1.46381155628,-0.60661652331,0.03506667404,0.48646865719,-0.21543027424,0.47126276467,-0.06726030890,-0.14427456721,-0.77766377301
0.46273015152,-1.42993617328,-0.55896131552,1.05695157047,-1.06972949806,0.55814634077,1.46563864147,-1.95430140130,-0.60157341551,0.19260568596,-0.33096026603,-1.04634867604
-0.36705197296,0.26290943504,1.66607443159,0.82168156378,-0.99356852931,-0.70121944609,-1.12021313604,0.31180316879,-0.92706849862,-0.81777454374,0.40726425144,-0.46676033257
-0.53805447606,0.52392767850,0.83072914288,-0.01890248942,0.80837474684,-0.08697272020,0.09886492242,-0.52742039965,-0.65925471577,-1.54349638799,-0.13429770947,0.05194028854
-1.77871306494,1.37642762833,0.34784434819,2.30492450162,0.66054107539,0.32145221362,0.27756647042,0.14842706500,0.58015406989,0.96123851499,-0.19500167916,0.48680584413
-0.22385324958,0.20933421136,0.72928877887,-0.02508814284,1.46985205531,0.60510916028,0.16299159185,-0.38533464843,0.64638719674,1.17401500953,-0.98772193677,0.53266454892
0.15254983165,1.43702239058,0.92388345882,1.09130587424,-0.65460994547,0.44957295526,-0.03746374428,0.10700136654,1.14649510194,1.43321816139,-0.14745759515,0.47817164505
1.55476317659,0.26587499478,0.59466090823,0.34502165014,0.92545769839,2.29660950813,0.55398864882,-2.27250126695,0.10885884899,-1.28086912516,-1.75744005792,0.50142050799
0.23892140725,-0.60082311141,0.51923185694,-0.21426464156,-0.46719174767,-0.96521300912,1.41117069573,-0.10991561647,0.17868937502,1.25117202304,-0.45840866685,-0.27837356605
-0.22038633845,0.83362188427,0.45239755939,1.07357140301,-0.97326142886,-0.11170586721,1.50675587771,0.69470961286,0.80998390056,2.07591886376,-1.57190796164,-0.01349131508
0.90417840473,-0.67348566299,-0.40774853583,0.24948025432,-0.26037073261,0.09692815562,-0.17620480419,-0.18867609396,0.04085029099,-0.53123933322,0.02945205718,0.18663282317
0.74470397093,-0.57038383374,-1.03389676968,-0.28236761899,-0.38869722110,0.25804589417,0.78702359788,0.06328260875,-0.39437607692,-1.12057392812,-1.16280321264,-0.20131252731
0.24831659814,-0.10254927498,0.64056636041,0.13234242690,0.14088924350,0.57369832312,-0.00306558252,-0.25592486114,-0.46211080733,-0.38151200236,-1.37232671961,-0.04698354173
-0.28934552340,0.40049228961,-0.42977243569,-0.71812241211,1.77427698194,1.15016216380,-0.08123189780,-0.24864626104,0.38615115242,-0.77215732792,-1.13921924099,0.45318560158
0.07849036589,-2.75319389225,-0.19572927682,-0.83404511073,0.06149708546,0.39242925003,0.22685774557,-0.82452512253,-1.10636257270,1.40027253747,-1.41043675945,-1.42686965637
0.78932425836,1.66123125830,-0.49579930345,1.66318128706,-2.48954520550,2.26746917600,0.06390234794,-0.53197380427,0.65306484529,0.05984504297,-1.06207470882,-0.36170464511
-0.61504606980,0.50903541470,0.89628417353,2.86121906899,0.79824802104,-1.01687610880,0.34596460800,0.23916346617,0.32606877211,0.27130564580,0.53964411110,1.28912529162
-0.33102055580,0.14493064368,0.34864132798,0.79412131356,0.41788648257,-0.43474420598,-0.18557610715,0.05730057150,0.49536610555,0.52686285357,0.64548612745,0.49639627499
1.62591249844,-0.08421295072,1.15044546637,-1.40062183190,-1.40335457554,-1.52865475762,-0.06149135739,1.75925886149,0.21668263627,0.55548988220,-0.75995000798,0.17036521594
0.46532740996,0.11253903851,-0.40350232153,-0.00409890473,0.09476642204,0.72758479179,-0.96122001231,-0.80053425644,0.36064874168,-0.97567162349,1.17371105415,0.14867576560
-0.15155576847,1.52110511284,-1.14427216491,-0.54082462626,-0.11388572392,0.38390314137,0.94059969908,0.53827108812,1.50565026732,0.05747415255,-0.20524567201,0.31141423554
-0.12242339674,0.70379067159,0.24739646595,1.09484440260,-1.21396023810,-0.06683368141,0.27658130884,0.56948117674,-0.44631076571,-0.75311856983,-0.83476565963,-0.14992590297
-0.41711984349,0.65127921768,0.32657319809,0.66515171030,0.58633768332,0.54708039583,0.01964763930,-0.84581788414,0.00749018825,-0.92411817906,0.11511681952,0.21422803678
-0.52759506503,0.28532157811,-1.50621914438,0.66751682949,-0.43937955865,0.03128420790,1.80542784723,0.00697315527,0.36061390561,-0.45204669605,-0.63766032475,-0.28352633809
-0.80920961855,0.79661239712,0.52500187329,0.04516632153,1.12459962480,-0.46162609277,0.54913098266,0.15723890704,-0.20111876285,-1.08805871687,-0.39753829704,0.41933720598
-0.43901346290,0.81732329481,0.87603328220,-0.42407963753,0.70416899370,-0.42615693296,0.40156637829,0.55103068961,0.37060121314,0.45577383519,-0.70793339028,0.38655652631
-1.29174490131,0.00637755826,-0.22146050431,0.76386384178,0.69967209601,-0.31251358035,1.02701278713,-1.15633172296,-0.05374658740,-0.26874544226,0.88128682719,-0.26358097956
0.25203839520,-0.62448590322,-0.76601907948,1.11419867836,-1.48604532090,0.08254369799,1.30759350281,-0.51967156210,-1.47397183662,-1.84650623526,-1.09113835384,-0.96763296931
0.85707101011,-0.33403171731,1.27791133962,1.54036989468,-0.87354143149,-1.35398987953,0.09079751411,0.66090232741,0.16019288284,0.85187514183,0.10877245497,0.63652819877
0.94371284947,-1.03120309657,1.77254623892,0.69112668852,0.59415709851,-0.49785871104,0.15685749469,-0.22726414645,-1.09533611444,-0.42167337869,-1.54080515411,0.49777163372
-0.74077465516,0.76186829945,0.07159074901,0.17622844081,-0.71831848961,-0.86003123265,-1.19820615975,1.34421946555,-0.11749724801,-1.02313316246,0.98710336379,-0.14191123099
2.09798431516,-0.12821145413,2.29442201446,0.71339608857,-2.21658768148,-1.93592039451,1.16051627307,0.43386761156,-0.17407983658,0.41057374441,-0.49137046363,0.27377054128
0.55137120571,1.10556099415,0.37223700674,0.12582873830,-0.18897354893,0.15569107834,0.58162777274,0.26240698627,0.86537143670,0.05215186433,-0.67490499357,0.58706250889
0.94931944224,1.16057298443,-0.11247298633,-1.43897758746,-2.22115475998,1.60942966074,0.88832418282,-0.96492249389,0.59739253739,-0.26315276351,-1.21965591251,-1.40842505476
-0.19116331970,1.21180583201,-0.13134171000,1.29353535308,-0.13575740410,0.62084618527,0.82761784518,-0.91436744126,0.33181657302,-1.13838027956,0.07963791946,0.29753929702
-1.15748928170,0.38284487656,1.10387195124,-0.39971088952,-1.27036579111,-0.29981468347,-0.81295353547,-0.28798749862,-0.81768782388,-0.41554731141,0.85996215631,-1.52489638167
-0.44620129120,-0.62888625117,0.25174099625,-0.00137591537,-0.54517354486,1.36021570174,0.90714010110,-1.63487461022,-0.32456957954,1.11083441855,-1.43447494071,-1.46639243196
-0.67598642232,0.04743170057,0.21121749668,1.32769530939,0.22354781900,0.11977052109,-0.08144047395,-0.28789000984,-0.27521617886,-0.13565016498,-0.01471348254,0.10062169122
-0.03919279027,-0.12240846648,0.83044590530,1.95102537780,-0.24442412693,-0.47194428405,0.89831547859,-0.97065364241,-0.28242813727,0.02900047928,0.28470099180,0.22982579644
0.50555089219,0.56142369900,0.29996988228,-1.36943450068,0.38380732283,0.72212812063,0.90590981519,-0.80358488788,0.54908013570,-0.42039553554,-1.07248347358,-0.14139625788
-0.22527639595,-0.39100667480,1.18804921843,0.59490462024,1.25504341091,0.15320192366,-0.62431190931,-0.15409980903,-0.39880461352,0.37284057563,-0.79587924078,0.49719329987
-0.82753923039,-0.52163699051,0.93149607719,-0.09547776714,2.00702072795,-1.04403945324,0.13843475301,0.46061363115,-0.94889976196,-0.68901300505,-0.80956859848,0.51568706823
-0.70019864077,0.56663540440,0.82235773731,-0.40471304414,-0.41332612372,0.51592300923,0.17206346834,-0.97448254523,0.30504349694,0.78047806960,0.05490913635,-0.89741544056
-1.20732178072,0.82311307701,0.02121045846,1.17836410016,0.18510590681,-1.06633156268,0.17039528757,0.63167345824,0.59620298661,0.04681054562,1.13219790381,0.37668780286
0.31270979727,0.86729100161,0.80671337626,-0.21781960385,-0.18083786285,0.42476204376,0.24419223883,-0.91740055050,0.68332821376,-0.03067142028,0.20560301624,-0.00444102912
0.82128364243,-0.27163500764,0.51250271533,-0.81295098687,-0.11769688184,-0.35673820271,1.45353334523,-1.44306117392,0.83376501977,1.05771099062,0.57632680199,-0.11017548044
-0.08118754548,1.54200896545,0.62318972830,1.38711751916,0.82683444537,-0.59500058550,0.86994664911,0.49003051653,0.93609636378,-0.26689192395,-0.09846953156,1.46939776357
0.49600336684,1.82235010943,1.21072446819,1.30265896093,-1.91733975223,2.55689033881,-1.00314451046,-0.54047397298,0.99285224934,2.10333149857,-1.30655039771,-0.38942924660
-0.53545345278,0.71514315243,-0.24251233814,-0.24573782780,-0.68254618273,-0.01630360930,0.18923488670,0.78363254739,0.12013157115,-0.10461333928,-0.59700659129,-0.37207055202
-0.39296482989,0.68507312933,0.46953415867,0.13408120231,-0.04987005642,-0.07581018792,-0.43381703036,0.18942735534,-0.02803612623,-0.59086387446,0.18218334052,0.06207892127
-1.32578964015,1.40667993577,-0.08556770077,0.18367544759,1.53975549953,0.39391199979,-0.31342254767,0.85017785228,0.10219475382,-0.92970232656,-0.78123056151,0.68360182158
0.18086866220,1.29153754082,-0.59821373371,-0.73690565843,-1.38679900240,-0.11857801871,2.09121827457,-0.33863847412,0.77769386750,-0.79532216500,-0.27645526223,-0.61566556990
0.35138278438,-0.40773774001,0.11072055827,0.14432653147,0.23479647653,0.19038789619,0.85161764775,-1.08604421404,-0.12323144171,-0.28189994314,-0.26949916391,-0.02130516467
0.45266528953,1.30099462251,0.17201908192,-0.98425496388,-0.24329243581,-0.75601506514,1.46919187209,1.23323461093,0.95440370546,-0.11424079080,-1.24113960560,0.45740515995
-0.48094293269,0.88664985344,0.32243897170,-0.58217978835,-0.57964522471,0.00448307279,0.10028440304,-0.00368864294,-0.00726889151,-0.60847722538,0.01998867201,-0.51945261634
0.51339222091,-0.31411575450,-0.63264797178,1.20549366112,-1.22629596494,-0.39465737993,0.11125491100,1.03146865488,-0.33084552825,-0.57666531644,-0.67025197078,0.10198255747
-0.06498003949,-0.08925307090,-0.44916706592,0.72910947623,-0.62473489163,1.72869273737,-0.66124177375,-0.50643821107,-0.57215336099,-0.23159143804,-1.09934928635,-0.58977363838
-0.12592642734,-0.55132003468,-1.12330612133,0.08436844014,-2.25911551417,-1.14546220003,1.97345549145,-0.15542429341,-1.07618524097,-1.60530180876,0.07960376586,-1.58708911109
0.09177891408,0.01275494645,0.83139282771,0.98532511726,0.24190488010,1.41380706371,-0.92364339333,-1.43161724096,-0.98017556185,-1.28774765576,-0.36323810827,-0.21179412973
-1.05662127697,0.20255920734,-0.62949588807,0.48972174845,0.47530067196,0.34373165810,-2.33632871275,2.64387067966,-0.39428786700,0.68731958384,-0.92422372186,0.53607497948
0.21744257802,1.04074570149,-0.82767252848,1.78797603141,-0.22116763659,0.94890976091,1.48828248204,-0.44386266357,0.34976926515,-1.03104297481,-1.20937173193,0.57492467018
0.32470635423,0.34553408302,0.91231755488,-0.92856805277,-0.88510531180,0.05774203888,-1.20809130365,0.26761568347,0.45977518586,0.59772321959,0.36720896955,-0.45819416606
0.60507329536,0.82231002015,-0.48311347194,-0.04434487862,-2.31241005325,0.25298627126,0.54512923791,-0.82645312122,1.20292401004,0.18688376572,1.32451092264,-0.81855954117
-1.00746420252,-1.66165201131,-0.14453689144,-0.81214962333,0.20607234003,-1.36186492319,0.71502285322,0.11682010407,-1.04861651794,-0.00502625873,-0.12839441702,-1.18689052373
-1.21482875212,-0.62842707587,0.49907712959,0.40809290449,-0.07169066659,-1.06844734820,0.46634347097,-0.03919533766,-0.94476084596,0.01701136193,0.13952619219,-0.74384393173
0.32934424948,-0.15564582670,0.19219714105,-0.36104285724,1.18446892407,0.30724960138,1.39934312681,-0.79056738086,0.18951587848,-0.32529718790,-1.39488329570,0.35100022680
-1.80917920474,-0.28928692939,-1.56093455225,1.70201711826,-0.51717770798,-0.35904590754,1.22624124810,0.29342695714,-0.42133297047,0.06669294055,-0.16636347667,-0.76479578728
1.44652703339,0.40766467664,-0.67109418502,-2.05331580319,0.51639532216,0.94955226631,0.50041445134,-0.26780479595,0.99866395847,-0.91206909510,-1.03232311285,0.35534887566
1.34280733782,0.33983720643,1.71330709758,0.70193864052,-0.33382646799,0.48758214937,-0.15192963122,-0.01731171910,0.00708930781,0.52839269803,-1.61160078657,0.64882249236
0.38990077123,-0.84367415094,0.09963349391,1.06433252384,0.87427670327,-0.40016071962,1.23519585641,-0.35003449918,-0.67528209325,-0.78622638483,-1.22039294046,0.59696486456
-0.82180370890,1.16449818666,-0.32037917944,-0.06921355600,0.30343639049,0.22798446446,1.36186564782,-0.49344740345,0.67864599022,-0.46815551242,-0.24210926953,-0.12172659141
-0.89598506766,0.13280399230,0.92790310048,-0.46459123829,0.22561983671,0.44816805836,0.13862904681,-2.13608046569,-0.07324774861,-0.39329901618,1.05640666691,-1.15258079958
-0.17431421515,0.32588976276,-0.12441251037,0.51528724062,-0.47186566393,0.50216250079,-1.40504435528,0.81640241147,-1.11653117610,-1.74976344789,-0.49218706770,-0.13271330083
0.52235549211,0.60311913407,-0.79000071899,0.17539885191,-1.07155041606,0.23323648350,1.96359801426,-1.51635438652,1.08617219451,-0.19877484436,0.73124000207,-0.33212224570
0.62965133511,0.53638978903,1.49526727822,1.14439683207,0.49137008173,0.74533434760,-0.84991660644,-1.10583753186,0.15630431850,-0.41967633809,0.23326043903,0.72588664634
-0.80842477430,0.61350657861,0.70915223964,-0.19579421303,-0.27818671055,-1.35153132046,1.46863132857,0.30703046290,0.27146701736,0.29614198738,-0.06585711979,-0.31841914773
-0.65518160261,0.32926934313,-0.28438394678,-0.97122761738,0.33145771377,-0.79111392670,0.57599948262,0.96489259175,-0.11990205443,-0.52605533142,-0.46065779403,-0.10213239990
1.27846402930,-0.40138872952,0.61094843867,0.10475278017,-1.46588355660,0.05208444273,0.61176905017,-0.10979731802,0.24539920954,1.23332872816,-0.99450719899,-0.25472403497
0.33343960130,-0.29139537151,-0.76782835327,1.14162864276,0.44192328318,1.43401792009,0.88651443666,-1.40934829654,0.06223317838,-0.32824370036,-0.99920310634,0.16660823887
-0.64983534918,0.59704950586,0.88374718880,-1.48081738198,1.25320637843,0.12607827049,0.01213699151,-0.11835645064,0.84971653189,1.29805977347,-0.36885416273,-0.00441290598
1.01946515978,-0.23395479826,0.28920035171,0.54565786613,-1.44220596596,1.97723582452,-0.68344929418,-1.46393058040,1.11644567054,2.82487452381,-0.01320625199,-0.62789675114
0.52494679299,-0.74337706595,2.35427961180,1.04302586091,0.23112812873,-1.10815480948,0.77184415226,-0.21162352772,-0.57088923889,1.05593219565,-1.17554598679,0.37046374309
0.38781104908,-0.23179336605,0.96274781234,-0.00484295977,-2.70250593894,0.03821086223,-0.21923685510,-0.84937750011,-0.17866505681,0.87613787149,0.65682596538,-1.63643232612
0.71833682134,-0.92305860096,-0.12975800510,1.91185993404,0.70602814588,-1.01323016829,0.83383024468,-0.90500382396,-0.11869549752,-0.97328708646,1.11750605978,1.04735321422
0.72368989890,1.52276050211,1.01548874998,0.46285978916,-1.17123303554,0.97223545993,1.76037858704,-2.00286379441,0.46612249305,-0.89216621815,-0.60782688153,-0.41867291160
0.32784442634,0.76502355823,0.53826390415,0.95690884788,-1.61368385912,-0.01337844202,1.01101854457,0.07751395521,0.63516343503,0.96599757541,-0.73021355933,-0.24005243776
-0.27518800913,0.22225923596,-0.14431598303,0.87676092824,-0.06767233130,0.09680487978,0.30583445161,-0.83997880590,-0.57702695140,-1.86566284044,0.40445505358,-0.19448569866
1.15235175013,1.28507733621,1.32987652335,0.32741314542,0.39860305188,0.09161220163,0.03147828377,-0.16018810181,1.01687979020,-0.15691616729,-0.14193356569,1.26480491773
-0.33276591768,-0.00972579395,1.21256797733,-0.49373212904,-0.45859872472,-0.54790343007,1.45491992562,-2.19202074117,0.78736087459,1.72122572813,1.54357631368,-0.96407813275
-0.22913517692,0.19869421442,-0.72648060112,0.50922124767,-0.36216834343,0.19256064168,1.34199106858,0.21537831402,0.56805990853,0.74658507814,-1.07716261503,-0.09281334375
0.04230346123,-0.65735086695,-0.47843073988,-0.39568922185,1.64085285659,0.16614329646,1.17109969887,-1.35617233833,-0.08030382931,-1.13502007165,-0.22228784390,0.20430324058
-0.52998436048,0.99148016899,-0.07352891687,-0.02038917272,-0.03646907599,-0.58696448225,1.17048956118,0.53184038446,0.50173236789,-0.33965731192,-0.39315451198,0.12850882391
1.14287655470,0.52699440146,-1.26959703152,1.05606170243,-1.12880548708,1.31647468477,0.72251715942,-0.57690034032,0.60410146728,-0.58402035286,-0.59379555533,0.26795576432
0.83500350361,-0.69255757526,-0.25167328568,0.11798669735,-0.56674328246,1.66779335179,0.08407374232,-2.57327292574,0.28429915860,0.32240514401,0.62595715354,-0.79760289721
-0.20409905905,0.41670679807,1.51381447176,-0.51634558210,1.25206941710,-0.42383935472,0.23431956870,-0.83850343527,-0.15986046453,-1.02085011611,0.08855715646,0.25887608660
0.62997375054,-0.00110159095,2.09462585796,-0.39982329363,-1.17988321726,-0.52705861419,2.15221359374,-1.70876313597,0.16078309534,1.53665121550,-0.58813369387,-0.92637346675
-0.31773600635,-0.51321346882,0.34081396941,0.60398705729,-0.42776538993,-1.01897382163,1.02770657552,0.82363275797,-0.11354240955,1.34464401883,-1.00583892717,-0.11992336637
0.67353442007,0.81431932866,0.25934901715,-0.19403672079,-0.14700046030,-0.65425113181,2.26673728125,0.15121966889,0.50855278723,-0.78067393638,-1.36427787738,0.42352107350
-0.64727843696,0.67864168796,0.22036639092,0.40538203376,0.04365670380,-0.42261669173,0.71749138144,-0.57151728190,1.04463461405,0.87026354504,1.10050284237,0.04264875360
-0.60783542142,1.40723578786,0.41364318528,1.07476452679,-0.01653416920,0.37506925370,-0.12799262980,0.16165499820,0.68804730197,0.26090270384,0.02173876915,0.43202341226
-1.12790710460,-0.32791127095,0.99159298346,-0.32939488589,1.14724734857,-1.03421533968,0.57191202715,-1.05162169148,-0.36788274993,-0.27187583077,0.98717373622,-0.37097075703
-0.01808285856,-0.12583140822,0.19540896178,0.79711723343,-0.84518253441,1.65821135392,-0.79773108112,-1.40271040181,0.16380093932,1.14536580341,0.17326675957,-0.75764592115
0.24576845428,-0.29294371014,0.63311088437,-0.19869758733,-0.80908707086,-0.96433294130,0.22632998614,-0.04369759322,0.40781410963,0.90132153695,0.76495837322,-0.28519971126
-0.79450148123,0.06622005783,1.40407458010,1.39262247051,1.30354282047,-1.08670634167,0.09638449525,0.87706440284,-0.38524410962,0.57875732614,-0.78646256068,0.93783766690
-1.36739909078,-0.36770097064,-0.53835455570,-0.76100951731,-1.43573832060,0.20086711951,-0.82983897797,0.15698173208,-0.84538394240,-0.31534461912,0.35410366948,-2.05248233702
-1.22959971872,0.63359612123,0.52362800179,1.27545943020,1.51322197549,0.43613897661,0.51661823912,-0.43316797049,-0.25259748446,-0.48654933623,-0.99345348553,0.45986546982
-0.04354318675,0.21035466077,-0.49713420394,0.00411175976,-0.85085913190,0.63241433944,1.35638250526,-0.71352923708,0.72057226004,0.89945944514,-0.69328013238,-0.67750982103
-0.25059617200,-0.12432721724,1.68330051621,-0.26701448295,1.03150026281,-0.97711365257,1.43839034106,-1.18296677773,0.17401508489,0.95181974087,0.09624416690,0.11941282716
-0.55745758886,-0.37540977964,0.21281540355,0.57512174647,-1.20643425437,0.79527469111,1.91790970654,-2.22269365078,-0.32898632605,0.83049627141,-0.62292580399,-1.65403695848
0.62912415028,1.29198537100,0.04114048608,-1.83015980783,-1.76526132846,0.19657709328,0.51699510699,-0.33424927157,1.18284388376,-0.27064864730,0.45600144304,-0.93712521011
1.52830916195,0.51799090401,1.08343890836,0.02418594202,-0.04617881207,1.14013846472,-0.62326748188,-0.72109429738,0.05898480513,-0.76796837724,-0.81416216707,0.58821825689
-0.21493233648,0.61226553571,-1.08677382640,-0.32238116557,0.66565902254,0.25714214137,0.92769891897,0.92502841818,0.49902150092,-0.41099208893,-1.41346489570,0.47990407675
-1.34808861061,0.76221127752,-0.36513268677,1.01762047683,0.14772981697,-0.48590146771,0.41117532338,0.18704563725,-0.27017105422,-1.21175688217,0.49439821595,-0.05797496028
0.35094502088,0.93013174419,-0.87362277607,0.37318505436,-0.63489947798,-0.29673540479,0.22146219546,1.25758637869,-0.22556665455,-2.09275191539,-0.49487037959,0.46269572610
-0.63767592278,1.30424726927,-0.21068160803,1.14143051265,-0.78502330480,1.30502785770,0.26100497389,-0.76990859565,0.28718440398,-0.31306267626,-0.26827472694,-0.37362481063
-0.18950665336,0.19697456065,1.29578090671,-0.45237101729,-0.81314334685,-0.52780121113,2.36006415257,-0.97169923136,0.30563932096,1.12922234718,-1.16265985123,-1.02781412141
-0.24618133471,0.72320193577,0.36158654337,-0.29751557385,-0.02760438875,0.36573575626,0.99425961154,-1.27842486194,0.25583987198,-0.69103569837,0.04806889297,-0.40830293413
-0.49660878693,0.54638712743,-0.26992401562,0.44102996342,-0.25371651942,1.05887152878,0.18033491834,-0.75164283114,-0.49755652821,-1.28077501163,-0.62795520827,-0.55350982687
0.03704128338,1.16020263614,1.87922846302,-0.46215660595,1.71890781968,0.53505844605,0.29036953149,-0.56737135375,-0.17416751093,-1.25923473678,-1.67984595620,0.70183376041
-0.12893192054,-0.30481304300,-1.97867343361,-0.15020507760,-0.64569967540,1.46929380026,-0.16325240923,-0.16413872344,-0.18003527160,-0.56792282789,-0.62172952051,-0.78016701910
-0.74506541844,-0.17550104497,-0.04591768259,-1.87417399687,0.41886464233,0.19045613315,-0.44748076643,-0.56811959263,-0.40438388047,-1.12941817701,0.36581081133,-1.14725111575
-2.22216402525,1.40053489353,-0.17877681423,0.31542739178,0.44973511126,0.59913577281,-0.04866503602,0.02746719181,0.22223958055,-0.05343316117,-0.02825191384,-0.53390103193
0.24142098662,0.68206793990,1.11479417130,0.69732514079,0.48783955020,0.71252472701,0.50623386953,-0.61614089410,0.61342849137,1.10615636848,-1.05909608602,0.51619931828
-0.50997084137,1.09491614964,0.29677381363,-0.51740071268,0.28417045255,0.66914119840,-0.65918855614,0.60757438508,0.56075674071,0.53697627799,-0.65666528707,0.11056414674
-1.23034204239,-0.20093575451,-0.65553909403,1.56432641388,1.55999600360,-0.05457765245,0.94021301668,-0.57136247131,-0.17145153802,-0.54434951359,-0.08944694209,0.45542087895
-0.13859211544,0.65254338909,-0.21134418050,-1.66275954570,-0.12838818622,-1.78551080734,1.99807816357,0.03437107310,0.42336227896,-1.55640514581,0.83486480902,-0.31830465846
-0.67271044845,0.97151936969,-0.83218998251,0.39545475955,-0.83890337876,-0.82745170684,1.64655638357,0.11530964578,0.83711769801,-0.27358686115,0.74786413400,-0.22485061596
-0.17526860781,0.11775728103,0.92693808245,0.64777931051,0.64525313618,1.29241915103,-0.40309784444,-0.67575325949,0.34941658749,1.93327549746,-1.06285516684,0.16296957207
-1.55516588158,0.11916337190,0.59690259584,0.66168335701,0.65606101226,-0.53090180760,1.10990297415,-0.92286902994,-0.19365560991,0.25655682317,0.27746404194,-0.43938456805
-2.05361528863,1.08693447940,-0.91838535786,-0.92791792730,0.48831922959,0.22909883083,-0.84204219243,0.80904607840,0.49188565197,0.00264087671,0.74443973572,-0.55918041508
-1.53067321076,-0.78047347262,-0.83197824264,1.45726366239,-0.15560699303,0.27854900454,-1.26915696144,0.00509024875,-1.47094373674,-1.20303507774,0.60229293820,-0.92797294175
0.56831655601,-1.16629444452,0.77276965825,0.29779489015,-0.20366447450,0.05437195988,-0.26505227062,0.16525492223,-0.85209323288,0.41253851927,-1.50988676630,-0.17862982526
-0.03260921208,1.21968898554,-1.48134609681,-0.34621271725,-1.63179062389,0.21530686232,0.80116163478,1.02335679109,0.48378660952,-0.92056190757,-0.56521447668,-0.47422026049
1.05966686720,0.54152194408,-0.07098237111,-0.33036216269,-0.80990219743,0.56553955646,-0.46803832349,-0.14252472943,0.46789456188,-0.86375338224,0.12191673591,0.11207999321
1.20273365744,-0.60775051745,-0.38305856943,-0.02450427922,0.66433292048,-0.27122265116,1.76568343061,-1.51296871394,-0.11819745034,-1.81671513046,-0.00985616416,0.43083557630
-1.32269781324,-0.83689907294,-1.09239583780,1.35699579965,-0.36200499978,0.02988377009,-0.41288150902,0.74696674451,-1.45648129715,-0.83693949336,-0.67254637871,-0.78635537267
0.46767731455,-0.12571561296,-1.03781260462,0.49048596948,-1.32057199743,0.80610147256,0.74123525848,-0.06182593210,-0.06577063157,-0.06029387983,-1.15415365473,-0.48925488997
-0.24876071623,-0.46354380975,1.22846881155,0.88103623693,0.40254777853,-0.86018260742,0.76486429725,-0.49372362190,0.19131949777,1.44662149404,0.04100078059,0.18421274538
-1.14894428820,-0.02097445892,-0.13282843369,1.21629560858,0.89666897991,-0.45792959773,0.03295898338,-0.29271205964,-0.60129225571,-1.41279857506,0.61653537636,0.12734545847
-0.43069609112,-1.02481522940,-0.96336877277,-1.49268847327,0.07009192354,-0.17703591556,-1.12804772547,-0.03684415819,-0.81415947208,-1.46099890887,1.15351397364,-1.10449793842
-0.54388199351,0.72849338404,1.00289019078,-0.76094406164,0.09540206094,-0.30159711337,0.43013040439,-0.34994844043,-0.64355100424,-1.70868925211,-0.41558143167,-0.55489780988
-0.50094265327,-0.10175692816,-1.30930817074,-0.06315671731,-0.49082042480,-1.01428134412,0.16855058056,2.32086644643,0.13810300420,0.38801575265,-0.59349577939,0.10175176932
-0.78749154623,1.60460357629,0.39269415388,-0.41647686565,-0.15723069697,1.26807374324,-0.11186385886,-0.51471610008,-0.19696521250,-1.33402247189,-0.79935952391,-0.59444117721
-1.60312649298,0.14582912270,-1.09216189622,0.83040567869,-0.00066892769,1.11846551823,0.97881984551,-0.98467995945,-0.09381490139,0.13750585010,-0.60166364908,-0.98503801071
1.25997494964,-1.29639031646,-0.44247976536,0.79645577397,0.40154736178,0.08352927334,1.65743642591,-1.60763174792,-0.00269475999,-0.39411746817,-0.41475363064,0.36857905884
-0.62766237145,1.80053937095,0.04762217006,-0.99728146586,0.45260147011,1.02154845365,0.39663550321,0.21889078814,0.72097133366,-0.27782799179,-1.26608236168,-0.02673828566
0.04389481777,0.66164785836,-0.08278982257,-2.02764283017,-0.12520128349,0.16364283667,0.89353042853,-0.16049105543,0.82789416415,0.07465118080,-0.55786152936,-0.57778248161
0.94480541676,1.74352821621,0.52626664818,-1.47645142449,0.22182777841,0.08811726910,-0.82862514529,1.18506350644,0.59354858185,-1.59660752640,-0.43475675132,0.91834345503
0.51808338070,0.61350086706,0.23707801546,1.38072053743,1.38285913528,2.19626943979,0.72901694564,-1.08347277553,-0.31190730744,-0.88710084877,-2.80583497998,0.93053471700
0.10704293455,-0.59709471866,-0.09281705887,-0.93587351985,1.06873722581,0.87696879509,0.38698302840,-0.33242016623,0.13984343318,0.63440027466,-1.74687220349,-0.08993861122
-1.39269455617,0.93451288744,0.74912118115,0.69458165516,-0.24696516322,0.18639296314,1.01630829360,0.21022045766,-0.24787796189,0.54774548329,-1.64499741480,-0.58615264525
-1.03249435419,0.50392678331,0.03212736639,0.88950209097,-0.94385310769,-0.97025753412,1.00408191471,-0.12391283390,-0.30843011098,-0.74520412393,0.69018376963,-0.62204318624
-1.36037784875,-0.06804040029,-0.29824037657,1.58880492017,-0.38945598966,-0.94007322490,0.84873542718,0.11486498242,0.03994116475,0.63378535083,0.66768181877,-0.30210719644
-1.47069174174,-0.30315658808,0.24344833615,-0.98271046674,1.36683389782,0.43526233193,0.42997960397,-1.20577310684,-0.43340871787,-0.30213968530,-0.39043176551,-0.94099107724
-0.54259571208,0.83681832942,-1.35801903919,0.98534436820,-0.66416455538,0.46259161171,-0.03557820009,1.39303878220,0.12605713805,-0.42790577477,-0.88129425609,0.17311259239
-0.32201616595,0.58935169952,-0.91491881687,1.58715464598,-0.62060415306,0.45357329504,0.96800377613,-0.12088390108,0.21701789204,-0.46418051864,-0.47936864185,0.06512300296
0.09020810480,-0.65286368965,-0.43129147312,-0.27224082292,1.00203851925,0.10042231753,0.54632540762,-0.22750644855,-0.28631627468,-0.90580092378,-0.93153845744,0.13387106456
0.55222302990,-1.33501099435,0.81410865588,0.39482497614,0.09186348502,-1.18696822941,0.09008505408,-0.43671289126,-0.17198857832,0.40118533254,0.73031836645,0.10056580960
-0.61231844190,1.09717538257,-1.42161529680,1.90012906140,-0.98425055577,0.27379110337,2.60960040392,-0.09660231820,0.91815034914,0.21859358563,-0.91957754424,-0.07049211754
0.35239365462,0.72969408182,1.48005435515,0.60698515762,-0.27164592692,-0.27202179081,-0.38812004488,-0.56556610640,0.49413811767,0.26402905711,0.93932363789,0.38229591454
1.24407975124,-1.37660652267,0.01436437964,-0.00317218772,0.08074114114,-0.53828526455,0.82300355008,-1.56844898515,0.19750941083,-0.20529896148,1.05495484330,0.05813145854
-0.19436585161,0.66547830940,1.55623565354,0.02319857662,0.09085267082,-0.73469282507,-0.21478938312,0.46752489643,-0.28007377796,-0.25177569134,-0.28210547339,0.25822540019
0.48040181889,0.27975384077,1.63218973089,0.60625832657,-0.20099218360,-0.46395551414,1.72039217582,-0.40787694139,-0.52561099116,-0.34445157311,-1.85727722061,0.12451718712
-0.62090199313,-0.51003508171,-0.25251857061,-0.08947564890,0.53670231909,-0.05273980695,-0.17895130927,-0.69678076207,-0.19644540527,-0.36468181475,0.81352083289,-0.35447868510
-0.36742528782,-1.57318634686,-0.14356523447,-0.03113298525,0.65965315187,-0.35212778834,-0.21042350441,-1.16080812166,-0.36539796597,0.09283050761,1.18642038182,-0.55832578617
-0.21668766579,-0.45161426253,-0.12977078605,0.11721937224,0.78046778928,-0.83334722740,0.16566403788,-0.17384303158,-0.24380951334,-1.08047582747,0.74407798136,0.25148042136
-1.63983636211,0.33560563575,0.11954013229,0.22584695382,-0.05727209820,-0.19501374063,-0.18636029987,0.31155112196,-0.11974180494,0.44764850917,0.09821191977,-0.67323775674
-0.07184401209,-0.33472308609,-0.68924402875,0.24975755054,-0.40697629012,0.03909399881,-0.09637778813,0.26897818773,-0.67290444093,-1.00910531430,-0.27798171866,-0.29225775491
0.29558017332,-0.24069802804,0.66356001939,0.12451488556,0.80073987278,-0.01638435798,0.49577222820,-0.60774772948,-0.25157164394,-0.58705548480,-0.69553749299,0.34690938192
0.20925419799,1.86224615513,0.37100190160,0.31711909284,-0.21612577808,-0.05489798763,0.21938255956,1.06345133703,1.40672346369,0.63225371012,-0.33246649330,0.91942458655
-0.28891703949,-0.01999978525,1.10917401834,1.09790673029,-0.72874498464,-0.42965089252,1.05102921684,-1.29360694003,0.17700749828,1.11987258556,0.57601776206,-0.47489474054
0.16104634365,0.70905512604,0.54241781015,-0.41439931365,0.63003567501,0.70746971769,0.57527681732,-0.33484203020,-0.64992155791,-1.79659690033,-1.77965510222,0.11654174061
-0.96032396850,2.04124390776,0.46622535953,1.38807149065,-0.22270598317,-0.65132012679,1.30054153552,-0.80791426106,1.51490678542,0.26274299146,1.88180744655,0.39819603222
-0.48750400358,0.22068387522,-0.03581615502,0.60584065183,-0.94194760190,0.35793141481,0.10637539580,-0.02965735405,0.02713255134,0.54470555510,-0.36498315770,-0.56906649226
0.43426051112,0.34779662215,0.38438910789,-1.20507000662,-1.24454037702,-0.23089528159,-0.01894788917,-0.01723573259,-0.13543855061,-0.80189246189,0.15357804788,-0.76246303695
-0.49626177334,0.84193447461,0.08108740020,-0.66748420590,0.31432118959,0.15211815719,0.16745076836,-0.55043750536,0.66687678162,-0.21376164293,0.67535994320,-0.10906987649
-0.54546089224,-0.49493133257,1.11401062791,2.04642998149,-0.07872286773,-1.19387562038,1.23158536896,0.42831536167,-0.12411740799,1.94493646906,-0.90763916501,0.26504261963
-0.27066999807,0.70634906850,2.16429728203,1.15368252819,0.96150742668,-0.44113248810,-0.46754332418,-0.14262086607,-0.08479854663,0.13799526484,-0.06805850105,0.85761437851
0.52934114208,-0.50108113857,-0.16527794947,0.64532869307,-2.54105336374,0.88823757906,-1.97006729307,0.74405306111,-0.49540658437,0.54668923279,-0.24249311158,-1.06047826323
0.75368527598,0.20461194263,0.10163152685,0.05564688701,-0.66264813604,0.45674913035,-0.60269264349,-0.12959677050,0.21309732956,-0.23042229854,0.16291169683,0.12422103186
0.91076628734,0.46359752962,-0.32738180591,2.63003226465,-1.47111174747,0.54666151096,0.72279900070,-0.68329945319,0.79339681167,0.38923350007,0.21171652317,0.50172888882
-0.66157782609,0.70954904542,0.01509789195,0.93198197101,-0.16156234347,1.09928147556,0.08587751980,-1.01701108648,-0.71293527448,-1.46530318326,-0.40139705226,-0.45941042534
1.06915561573,-0.24332910347,1.61695944113,-1.89496193331,-1.01176385743,-0.13653149592,0.38486852837,0.03317232114,0.30286078146,1.81918060255,-1.45386874780,-0.77193226271
0.21351434706,-0.43057117688,1.18636296572,-0.11787350132,-0.57824730465,-1.19362842767,0.83727055668,-0.25540074272,-0.95796928562,-0.71497001495,-0.22647024454,-0.43406254186
0.95442476825,0.31307294414,0.71048274044,-0.97687301994,-0.83318620383,-0.78398814930,1.19162467106,-0.63877924860,0.48377647584,-0.54784880074,0.33667052845,-0.22322437536
1.00322836191,0.34907364732,-0.77280892021,0.55007169687,-0.08025529992,0.55994828011,1.30083182388,0.55158225420,0.15013520694,-1.02884208116,-2.28993095608,0.67069046516
-1.21786449142,1.89157115897,0.95377560875,1.53484722405,0.31343500213,0.86847978817,-0.13158278963,0.14021221818,0.86230307346,1.28823781160,-0.64603899296,0.39842879988
-0.59619626054,-0.47951271958,-0.31058981869,-0.70691761981,1.58343909102,0.54291195862,0.94801173282,-1.64989661147,0.22565950421,-0.10670663483,-0.00109204695,-0.25837413347
-0.18024764040,0.36148242256,0.56900090299,1.80267597271,0.10803441931,0.22290959668,0.22898859768,-0.22918435985,0.04983717050,0.06646840898,-0.52783536536,0.49229376819
-0.58808530709,1.04931581087,-0.16543048967,-1.15083055764,-0.47726583255,1.08017465723,-0.20617447059,0.72265342916,0.79237942703,1.33654795870,-1.37148094086,-0.64357388573
-0.93224087768,1.30740893583,0.37830813791,1.61955768766,0.52337491526,1.06565011282,-0.55089387290,0.11187930642,0.02921105641,-0.35390669282,-0.80153867038,0.51308514951
0.35229091590,0.17166028368,1.82826667128,1.14654290829,0.81236268650,0.56242802245,-0.59299937396,-1.07656281332,0.14592705481,0.86547422299,-0.10212682879,0.68620982534
-0.41414541474,0.19243254737,0.25440621528,-0.12770620442,-0.18753061214,1.09232487284,-0.82660752625,-0.19943447810,-0.30831377449,-0.36619373467,-0.86679286941,-0.64134377935
-1.60806647157,1.48231895248,0.96055805824,0.80817695548,-0.26662997729,0.77702249599,-1.19981770951,0.19894220010,-0.02721372701,0.47630873560,-0.04496563835,-0.41191955828
0.11990947723,0.78313039531,0.53515943878,1.41837526945,-0.72855070286,0.35165140757,1.81053081774,-0.98131078230,0.73789808775,0.94995592719,-0.74732220433,-0.00663973645
-1.08925154112,0.21443707276,1.09835695700,1.63577615586,-0.25249091321,-1.02297618922,0.49636962774,-0.72524402170,-0.33899588900,-0.07370541505,1.13248516767,-0.25762703469
-0.26370212505,-0.76648212312,-1.51990307468,1.11756582036,-0.16210244355,-0.13092402872,0.13328808506,1.60191126762,-0.38266883941,0.36370826642,-1.29405545423,0.28765514055
0.76169787723,0.29996911642,0.76119302664,0.78766981015,-0.86942311411,0.53382304882,-0.19280156821,-0.80221558854,0.15422189479,-0.00372132003,0.10382881667,0.02440826797
-1.68355852881,-0.63153620722,0.81868047801,0.47576529741,0.51038279126,-1.47209537377,1.86711722413,-1.26812461186,-0.56582574024,0.76174020437,0.77975079033,-0.82304929254
1.48999437534,0.14742592579,0.46251830749,0.69881855285,-1.52509566875,0.75663062698,0.60970768311,-0.62129884501,0.23500787312,0.35209811890,-1.04846928463,-0.04765083017
-0.70380367273,0.70161029558,-1.18863131565,0.03628059135,-1.94309850947,-0.15596468021,1.30304139486,-0.65722652950,-0.03046178329,-0.92332304520,1.06474109471,-1.33009471765
-0.91962122298,-0.27795537399,-0.42803887804,0.08200510830,-0.37635717212,-0.25483269757,0.39732655473,0.05023295961,-0.59959176468,-0.53202957018,-0.21625055891,-0.82670793860
0.45152517568,-0.44167088925,-0.28397243299,0.23556016858,-0.73215241936,0.22162821321,1.13316505422,0.46959631331,0.30273831294,1.61476206506,-1.83063633397,-0.17545151747
0.02831181837,-0.00471747369,0.46106381069,0.39651618174,-1.24266044826,0.60475969943,0.59606984224,-1.19712295468,-0.85789247774,-0.92833974915,-0.61634383963,-1.12316822745
-1.29733627496,-0.52107566011,0.85277501421,0.91779501642,0.24048648471,0.61684450650,0.54030638414,-1.62502222431,-0.19146080105,1.76322301055,-0.26648264359,-0.97684503017
0.95135512911,0.76645686534,0.60777256233,0.35830668296,0.68798622967,-0.65170298843,1.76165085072,-0.32587857967,0.69588047948,-1.02403586129,-0.57704779626,1.15311638752
1.56987830916,0.04732694428,0.24192723984,-1.98917059201,-1.15545375914,-1.02839389455,1.81393747667,1.25502741708,-0.08317250932,-0.67146846414,-2.27079256955,-0.20127000441
-1.28560605355,0.55391761674,1.01222359458,0.85991359239,-1.02033408593,-0.39140384663,0.20147196638,-0.41678413943,-0.16367755090,0.65261909629,0.52786561441,-0.92693223372
-0.69342963598,1.38209850856,-0.14110948922,0.91037966995,-0.16543978107,1.29318674447,-0.44749443670,-0.11529488383,-0.04153149949,-0.98282813019,-0.58773631373,0.00587750264
0.31464067181,1.05953304468,0.03282983850,-1.14862055405,0.90104455297,-0.03873048928,-0.16129271418,0.89177782982,0.78568005611,-0.52021967755,-0.44206619529,0.86628673100
-0.80726115383,-0.80762585937,0.38929540045,0.43250732002,0.14740289631,0.03454191646,-0.65254654998,0.13677165980,-1.38951940717,-0.20890185956,-0.68978124085,-0.58256741069
0.29724717906,-0.19262183790,-0.19215101755,0.93563513125,-1.06283292833,0.36641039900,1.39342797184,-1.88215751739,0.08445910686,-0.08802757296,0.51902073885,-0.64366610619
-1.54121436235,-0.20372272240,0.05709543965,-0.87421540285,0.82801713401,-0.80316272144,0.07435292425,0.18684217053,0.07400936646,0.77021559640,0.60036410471,-0.51682240166
-0.50857117733,-0.61374276865,0.77107696046,-0.90443515273,0.99275983720,-0.45603596828,-0.18175302623,-0.82150684282,0.09723714340,0.86713746764,0.87678215426,-0.25069823056
0.28983785422,1.39478849588,0.85203718107,0.21676980127,-0.84430163520,-0.13668089248,-0.27536494734,0.58207579225,0.63297857268,-0.03781320783,0.02737595201,0.32362064041
0.44066903671,1.04098234054,1.13573027296,1.16124938931,-0.78936204965,-0.80913963453,0.02885984895,0.69932173813,0.75555548266,0.49328830653,0.28786521292,0.72679033260
-1.90419793904,1.47398549244,-1.05634237433,-0.66660390957,0.28823376212,-0.11610527720,0.82864133158,1.64284845121,0.78069359841,0.67769767029,-0.95635322532,-0.28475862242
0.15771597175,0.15903652063,0.62470101717,0.19668096607,0.79994681888,0.66772905702,0.27883919943,-1.04158103245,0.28312641004,-0.02871096533,-0.48310002104,0.27410742828
-0.33297878962,0.22338502095,0.08097084976,0.89511414537,-0.45789060529,0.35865625803,0.92824288515,-0.83140434044,-0.13429149371,-0.18579351265,-0.45196071025,-0.36705854077
0.41821465305,0.02574402045,-0.80693994365,0.22260131898,-1.15497865050,2.09456404482,-1.15574515968,0.33447797974,-0.46623964335,0.15326264294,-1.71940482156,-0.55177531291
0.38745289440,-0.48384294472,0.57006860146,-0.09967756246,0.61017228926,-0.30678739473,0.02904167708,-0.19484311995,-0.11670988668,-0.02359702912,-0.23929007099,0.37860673316
0.33472109013,0.03849210216,0.37739879162,-0.71969123952,-0.32937978435,-0.00286660862,-0.32297046022,-0.11621634712,-0.45902825435,-1.18144832853,-0.10553514666,-0.35233712570
1.10523402054,1.51339988666,0.88521315855,-1.76353360313,-0.78535049537,-0.69112560910,0.56671305009,1.56704839904,0.79256346788,-0.06986612807,-1.26827309533,0.40796433794
-0.04253226583,0.13446052731,-0.83450176346,1.65571486149,0.27474944524,0.17305913184,-0.19343293060,0.53930945442,-0.76363676210,-2.04068529668,-0.54695485200,0.65425776591
0.36590462602,-0.92388628821,-2.29546102217,0.16675319907,0.28746099803,0.61169190082,0.90081278170,0.26176177037,-0.33862634070,-0.96916580907,-1.28462780308,0.07004453585
-0.04912114047,0.80765935303,0.92295061684,-0.09187938796,-0.84481341413,0.42262437650,0.27575754199,-0.66513681062,0.15738429165,-0.13559667725,-0.35281261948,-0.59300207817
0.13186971355,0.88782145326,-0.22842408192,0.01292251833,-0.08858417287,0.89341973051,-0.71306821533,0.56666124033,1.19327676722,1.22048960849,-0.29665623917,0.42873281941
0.62407181033,0.73060095642,0.32629573599,0.73664980700,-0.29953477480,-0.62272752560,0.19235701588,0.26939834790,0.33608237015,-1.11286012364,0.46005053861,0.77976709184
-2.09298969396,-1.02388919531,-1.45211044946,-0.15882808818,0.94498938927,-0.11415691908,-0.59031737139,0.64633456000,-0.84008401155,-0.13681355803,0.06187052171,-0.88367002319
-1.44230648838,1.01340934640,0.40078789252,0.79582442303,-0.15411839526,0.20368581042,0.83443328701,0.30208116254,0.34107307329,1.19874827276,-1.06764625164,-0.38729778665
-0.21187680583,-0.44724916474,0.43639246464,0.36763097812,0.28544343684,0.42329462726,0.79987220207,-1.82960212044,-0.43066411173,-0.40683309719,0.03463561887,-0.54262714090
-0.62305151175,0.73704776757,-0.01039276366,-0.37366501806,0.62935285236,0.16346612267,0.50659159418,0.64730375504,0.36370493907,0.24873222239,-1.20946679523,0.18186217819
0.86896582015,-0.61671234812,0.35160801011,-0.17083435920,-0.76778640668,0.22520702745,-0.12929452901,0.33401731553,-0.39787936835,0.10980970793,-1.39507257178,-0.24920484473
0.87297814415,0.44057477366,1.85806421164,-1.61348535131,0.77692740069,-0.72446593241,-0.10403105861,0.01367160779,0.66254677123,0.44085081207,-0.09842024670,0.56977202475
1.16875940387,1.82825236715,1.54466608114,1.38603305977,-2.17606990382,0.46439617795,0.05818682190,-0.56751869512,0.69777916556,0.05886489555,0.23348442305,0.18504798247
-0.08658950087,0.83914413990,1.46716008795,0.45762687247,0.16113219863,0.83306144157,0.37955163964,0.18279681199,0.02651685316,1.15821494241,-2.42103814123,0.13628295038
-0.13010130219,-0.30687240262,1.30624875733,1.05658770198,0.29261377805,-0.54140945580,0.80461225999,-0.44482672610,-0.19695626825,0.79927537832,-0.65874672680,0.18301170822
0.10338999156,0.85900485744,-0.24867307274,-0.04292047335,-1.68442598016,0.99976577464,-0.03760541478,0.49085100567,0.58959275001,1.18983575381,-1.01764216386,-0.61774954316
1.34210611574,-0.67045034932,0.41866032899,0.53476560921,-0.50957671270,1.02089112270,0.52357209463,-1.20930962336,0.70844959335,1.91554622332,-0.82750102640,0.03902269790
-0.94325707705,0.47718032846,-0.02488457546,0.71256619153,0.72647497256,0.24142312733,0.40508570761,0.33658482284,0.27334906175,0.53947714288,-0.91771121503,0.25952054237
0.07720999752,1.08867537585,0.24056657950,0.20984112118,-0.87705327005,0.04965254895,0.39385960116,-0.93005311322,0.49587368963,-0.91495308115,1.16053401140,-0.21186666747
-0.24950970749,0.75275114790,1.11931191985,0.06004792509,-1.07721342526,-0.35422113853,0.08757579534,0.40928088184,0.42519177310,1.09837833177,-0.30423013876,-0.42367252036
-0.49348700782,-1.14454611691,2.02714709945,1.37226597090,-0.51583466868,-0.80446010061,0.53703027546,-1.25267224042,-1.00312470379,0.93767416393,-0.07887773989,-0.92028648220
-0.43997360369,0.06362320040,-0.07724789509,2.45323432461,0.26743841310,-0.02687884296,0.43081567368,-0.82082155222,-0.28989027537,-1.02022241358,0.46662175265,0.45313116016
0.21553293936,-1.10670611135,0.46805987427,-0.58131802183,1.02369890372,-0.10248271783,0.53879501764,-0.49561449837,-0.46558692274,0.30226471265,-1.07908432530,0.00935320424
-0.36559840826,-1.43265481771,1.11919807771,1.31906228233,1.04710336957,-1.50714940963,0.67423236122,-0.87597805102,-0.65438595310,0.48795607512,0.76244625654,0.28574869310
0.04621548186,-0.77475987296,0.97164682534,-1.19376688048,-1.49534644914,-0.93042813070,1.02760778031,1.10688772704,-1.56692078296,-0.24002146045,-2.68135772604,-1.44973067611
0.63813643249,0.31921714634,-0.77036853054,-0.18569489019,-0.39773086381,0.49668524099,1.48778411656,0.01110221215,-0.38074285303,-1.58502936842,-1.88566909161,-0.08340504866
0.40685999597,0.48336972484,-0.18791834199,-1.22998180545,0.23369350457,0.91000912498,0.66541606727,0.21977384428,1.10800448348,1.40154200268,-1.65061626410,0.02055737772
0.03065977642,0.16276358900,-0.20356602213,0.12826183666,0.17155281072,0.34175197090,0.92496372434,-0.31132986526,0.73591469123,0.93793495607,-0.61718506568,0.13391765981
-0.70881725588,0.77284462976,0.14735531554,0.07478128262,-0.56043221546,0.68739372434,-0.52750473650,0.49926697250,-0.31792370692,-0.31962671904,-0.94634841841,-0.49116278489
-0.51308240814,0.99493168536,-0.34979214597,0.76998273086,0.39946801976,0.32137322003,2.77721216112,-1.94050701625,1.02454384108,-0.27478904876,0.05598920210,-0.02689405507
-0.22748180142,0.45259646433,-0.79928746613,-0.30292051409,-0.14685258777,-0.04755528875,1.80846911001,-0.03753524965,-0.02402678458,-1.34204677553,-1.20429341109,-0.35951556294
-1.55496066777,1.83395869039,-0.51863755962,-1.02143300574,0.72845267930,0.80035955376,-0.45360764135,1.13320426851,0.76565725841,0.03875024868,-0.75733937680,-0.07428144540
0.31601680350,-0.73025889379,-1.43706855246,0.78222970466,-1.30891265446,1.01667511185,-0.01186417117,0.65829607450,0.07726227705,1.44014198481,-1.36218230356,-0.40514098550
1.56761943373,1.39366379421,-0.44659676897,-0.95867411009,-1.61846882382,0.31577308618,-0.10526868501,0.64687058837,0.58822613377,-1.72836794662,-0.10193547316,0.19427159747
-0.90844221305,-0.56607859579,0.84500658213,1.07796210866,0.78601708761,-0.84842205364,-0.54482831262,0.71127935547,-0.52709210966,0.74641890871,-0.22274013209,0.30797388646
-0.22094365208,-0.30076044512,-0.10447007637,0.55789261960,-0.16035718134,-1.32292675947,0.35984079167,0.74944033295,0.04083116222,0.20616650878,0.56447568009,0.28459928454
0.60126850838,0.51220643352,-0.33646745272,1.07087618335,-1.43952143172,1.41655904460,0.49438693622,-1.37226976298,0.35529074407,-0.25255492116,-0.21522798449,-0.49114755975
-0.60899032020,0.38619439062,0.37967819384,0.05851500629,1.63771400633,0.72432756246,-0.38576143763,0.59802084372,-0.24462469420,-0.19681517248,-1.87175258942,0.62220466619
-0.56470523464,-0.06865363037,-0.17546249760,0.77336601666,-0.14017708778,1.44872708363,0.03178923717,-0.87823346448,-0.11715875844,0.68098776873,-0.97015096462,-0.58117455165
-0.18643075667,0.72333310955,0.78590373848,2.13812892419,0.01512485778,0.03224173557,-0.35263976388,-0.05855034692,-0.00333290771,-0.56499619347,0.10466757987,0.71664214549
-0.05374238967,0.97638092012,0.53964387663,-2.24852602828,0.54063281840,-0.24932807043,0.27249208566,0.49008064627,1.22745876652,1.10004798730,-0.25206589802,0.02751612740
0.43891692571,0.23240080766,2.08878567564,0.80555097491,-0.83619585027,-0.56998137924,0.35202555982,-0.96383971417,0.02239689709,0.67005216333,0.38660962309,-0.15874684411
0.50841376101,-0.53087871837,-0.99138552346,-1.11967163560,0.05918328062,-0.40223560530,1.89580435620,-0.93111017790,0.46390988137,-0.79230808151,0.06510436397,-0.38914935649
-0.31485393708,-0.22548799817,0.88233056721,-0.91216767264,0.04284374614,-0.20779571773,1.28955122208,-0.48751093133,-0.85976836173,-0.54617732404,-1.63176225538,-0.83914689265
0.01096444032,-0.04855507134,0.22136454717,0.88211820786,-0.54895897003,0.37762129345,-0.10656350741,-0.37706638542,0.15165789547,0.28758600263,-0.16201560563,-0.18015211734
0.19718194041,1.80749469750,1.01301772152,-1.02824231535,1.03382559275,-0.33964196083,0.51502637951,0.70039394304,1.09035465728,-0.33036589704,-0.70023715615,1.00595643058
-0.46302086573,0.50160161097,0.75153898077,-0.06748044246,0.70274095221,-0.26230304907,1.41673263176,-1.26451285363,0.39601546875,0.08449838589,0.20717400159,0.01017528947
-0.09910154166,-0.06488353617,-0.49006566993,-0.35596536797,0.76523057306,0.60502965236,1.44360780224,-0.49087116865,0.24476828828,0.03861612952,-1.56260379860,-0.02219965101
-0.70973028101,0.96230786464,0.79379984527,0.19652713148,-0.44986621297,1.04334437572,-0.07810000793,-1.82545215616,0.36889585090,0.07160514463,0.86351130652,-0.86745839164
-0.89463924014,0.98868750031,-0.19595607236,-0.35473122912,-0.90394379664,1.56012741490,1.49032756969,-2.60183717555,0.17167210013,-0.49783669629,0.13893143812,-1.71597624146
0.78571482109,-0.08449979893,-0.29346808264,2.19820910767,0.20260533002,-0.35745828571,0.85878476779,0.15568268824,0.26624641538,-0.37970425102,-0.38150543336,1.30096507348
-0.49357662593,-0.16618429060,0.93910493109,-0.27189518342,-1.47657649443,-0.38998297877,0.47206784328,-0.94173804939,-0.02554434670,1.17572991615,0.67605035465,-1.41874155558
0.27307674618,0.30439745431,0.20778524155,-1.56351854118,-0.22856940187,1.22490461342,-1.43455682653,0.61711320101,0.36149119098,0.96060915487,-1.11043107588,-0.39257991464
0.37431328167,-0.10355138936,1.25184341587,1.71038057758,0.01233917039,0.14534135811,0.41138856037,-1.23663525496,0.08305868601,0.64747298327,0.01605571828,0.37462890426
1.14178565512,-0.45531187635,0.82587628053,-0.89473510360,-0.53187270577,-0.98188696022,1.20351514517,-0.76381125764,-0.66813200324,-1.30001327970,-0.02960120012,-0.25910770538
1.09729066548,0.41781339701,2.68798210088,0.22400580008,0.34119296248,-0.45243034849,1.65159591601,-1.79934418095,0.39106088743,0.72454827687,-0.45112246197,0.44849663327
-0.77680036371,1.64350173446,0.50131522658,-0.18207925922,-0.45840765473,1.14883359444,1.96260765119,-2.04986527933,0.36706484307,-0.55635082637,-0.60714099509,-1.01435734398
0.12935034981,0.13350224418,0.34653763332,-0.63771800126,-0.92338226496,-0.67588661359,1.53919754031,0.07896166028,0.42713043078,0.74417386163,-0.72938878792,-0.56577944205
-0.48305921644,0.46947890395,0.43231338377,-0.26967830750,-1.17530377870,0.15255039600,0.88323098850,-0.72989092069,0.27563379021,0.82713286688,-0.09265688262,-1.05691123713
0.40223497250,-0.24258697097,0.64455733242,-0.86100342845,-0.38464191310,-0.90606142995,0.76373352023,1.23835763451,-0.70553157903,-0.23763299768,-1.91107668538,-0.12300698874
0.02168845033,1.17995126356,0.42284852546,0.29078206603,-1.06949660780,1.00583352155,1.40440652443,-2.06543404719,0.18940141281,-0.86286746543,0.00712221742,-0.83437935232
0.17628702491,0.36150408120,0.58694677425,-0.65154331308,0.79113462853,-0.48465387504,0.52862662054,-0.69312496736,0.40368217883,-0.70645214322,0.61219122494,0.36645896818
-0.47426268171,0.53365298840,0.87758189388,1.59246888773,0.89214542408,-0.70452150108,0.41299909348,0.00807718422,0.57387811312,0.65223959844,0.37317998618,0.99520006653
0.27912300011,0.69248893781,-0.14141128732,-1.01954117007,-0.21851752467,0.09660946060,0.35722766126,0.19283202573,0.62083674523,-0.27958467096,-0.28172895179,-0.01402112647
0.16907244504,-0.46065420380,0.74103470225,1.31048687692,0.49181792714,-0.68713567400,0.06538349777,-0.74825906980,0.53676241896,0.75883544925,1.18849728616,0.63070367154
0.25938977607,0.05045183006,-0.10224951407,-0.92842516686,-0.79711954200,-0.16137686496,0.63997160678,0.19700108276,0.11420524882,-0.10045633406,-0.63985785585,-0.53904287578
-0.28964658918,1.05911520686,-0.25308700811,-1.89227569816,-1.15437057379,1.48327078693,0.01999108357,-0.29221459783,0.82298926916,0.85383593244,-0.88038017414,-1.37844694060
-0.07181296960,0.67399398176,0.89110568184,-1.05414997072,0.06734712474,-0.43039461167,0.91574727250,-0.16400293216,0.61554768148,0.48721518882,-0.36838170934,-0.16892639791
0.11098042179,0.55877765323,-1.56857544755,0.87037847569,-0.91237327395,-0.80451046756,1.21391397473,1.91527337641,-0.21519069802,-1.52717949069,-1.14552444530,0.39520510739
-0.89109208333,-0.30869741756,-0.01429537018,-0.64870742865,0.92036584863,1.25045914542,-0.86757513126,-0.54292993182,0.26295130622,1.33985139626,-0.48605143662,-0.52430542084
1.43696911503,-2.68892290265,-1.27971103063,-0.13688186628,0.43222200533,-0.09300400988,-0.52135999705,0.73427066036,-0.94209493110,-0.10175314727,-1.19590839720,0.29138513795
-0.29528070921,-0.82373493479,-0.67333229381,0.29022268720,0.51681633746,-0.05623831000,0.05378823702,0.59825330354,-0.52724467436,-0.47183592646,-1.07725614346,-0.01296821535
-0.11631940178,0.84080427686,0.52817872987,-0.48591448114,-0.14500414459,-0.57124477507,1.63656473481,-0.62596486803,0.79460035421,0.01600147423,0.10203760883,-0.14606247810
0.89413540297,0.71536123326,-0.43475861056,1.34982088717,-0.10494623338,1.09812302457,-1.15934952259,0.46899855842,0.26261037825,-0.91930878495,-0.35465803135,1.12805710230
-0.58432337301,-0.44245035220,-1.21853551686,-1.52510208725,0.30291840983,-1.16388332241,1.33225084074,-0.57109917915,0.63704139563,-0.41744642797,1.65470913954,-0.64571113879
-0.11251073740,-0.81979770384,-0.16834825419,0.22328518861,-1.14326700858,-1.22303770024,1.26225815863,0.15032931559,0.49593978763,1.52438265302,0.26467042407,-0.64515885357
-0.41694241661,1.60828925307,1.21556690139,0.34649159238,-0.79915804956,1.01383513417,0.81187714292,-0.89722068937,1.43915748949,2.50409857033,-0.55252967955,-0.49447062407
0.32019395811,0.34089910256,0.75287226852,-0.52879330063,-1.06540120899,0.46268917123,0.10392673431,-0.32375878599,0.06031461299,0.05886647821,-0.83513992298,-0.74856144324
1.20910397013,-1.06084400837,2.59224190439,0.24390746956,0.74612582472,0.74436087621,0.39254287438,-1.62772577184,-0.81356897370,1.10213563077,-2.20668767417,0.03786364945
-0.68433921795,-0.20316870369,0.79715290333,0.20921137092,-1.55237948633,-0.44880113167,0.96753900243,-1.10749752133,-0.44978791261,0.67074278808,0.45159204391,-1.48511914399
1.09807882635,-1.07233447628,-0.08825284442,-1.61496635134,-0.71705949075,-1.23304190011,1.32859824898,-0.07481025892,-0.28067027314,-0.44405865512,-0.18404024287,-0.53256600936
0.51159477410,-0.93443928924,-0.27700744574,0.40286874216,-1.08769689767,0.33732002713,-0.26947998925,-1.00122917787,-0.69231126140,-0.61056962900,0.57455049912,-0.81680108101
0.16114352053,0.80976161650,0.51663417450,0.27186225538,-1.05767807189,0.41431001086,-0.46868735951,-0.06129301794,0.46366946434,0.15357128875,0.12058050107,-0.22497828331
-1.58242462575,1.55301161586,0.29122263914,0.04677812431,0.38908597969,0.47790376636,0.99322730661,-0.65468079181,0.71566484345,0.31987984171,-0.16549253000,-0.42657368722
0.01260107298,0.55303102971,0.80046328965,0.16587906752,-1.16091206180,0.48395540150,0.65187181182,-1.24273054783,-0.05128125223,-0.21076990302,-0.12186952449,-0.86661369149
-0.88530620960,1.25775819053,-0.63674667313,-0.45504276859,-0.22649540356,0.57140787223,0.21387566055,-0.05307730829,0.22400484205,-1.03268943373,0.05607499016,-0.44839538742
0.75498831951,0.24266466975,0.79181458979,0.96042872072,-0.71951210424,0.54520751639,0.62096225119,-0.56713676935,0.09800768945,0.43397949536,-1.09128793778,0.11235942599
-0.52989645417,1.16010430807,0.66053586370,0.06814080902,-1.46787863621,1.38287598829,-0.93375668296,-1.07422510233,-1.05799309395,-1.96938358967,0.08402239863,-1.43784727893
1.16968462267,-2.61035665086,-0.54592587392,-2.14450950296,-0.58066243988,-0.60872738555,1.42602547913,-0.39050190903,-0.71959567909,0.30778596726,-1.46086213583,-1.37677393488
-0.91577334755,0.27073439781,0.14914167251,1.70836705733,-0.54253735727,-0.49746599264,-0.06421643207,0.15569524056,-0.45166166977,-0.53156546314,0.49431254975,-0.12514731355
0.05798291665,-0.61786047052,-0.25352233668,-0.91225050593,0.25957088493,-0.15842407863,1.87054036881,-0.90022674100,-0.60260679490,-1.14702640918,-1.20884062950,-0.71450248146
-0.53393388996,-0.47912766491,0.45125747362,-0.34911087467,1.46682752184,0.05426384223,0.11999729133,-1.04559121224,-0.29856773155,-0.51024391138,0.08044538527,-0.05583830221
1.43074314885,-1.07696681477,0.04781684782,-0.35980200056,-1.25052055159,-0.79153319823,-0.06193751931,1.01628762447,0.02782340672,0.54569743845,-0.67608684868,-0.02893548863
-0.04141862904,-0.36364549698,-0.91820742289,0.24028136071,-1.24085263603,1.15893090736,-0.95330081884,-0.27654188829,-0.67021703839,-0.79874106128,-0.09002565220,-1.04949153772
-0.70098964669,2.28649449578,0.09585252208,-0.76154307094,-1.14772597024,0.20221973612,0.25677486675,0.69453591170,1.01735533492,-0.12340782718,-0.02939129922,-0.46036278607
0.85380057956,-0.83173408688,-0.04906024995,0.48298200297,-0.74082588985,-0.34793381044,1.16813670869,-1.17972704507,0.70023775488,1.06845149145,0.64884228220,-0.15041612930
-0.93785104179,0.71772428471,-0.63810463573,0.97895834109,-0.08287578724,0.84310259860,1.74905362103,-0.31809656575,0.15910961098,0.19224199042,-1.72186515395,-0.34235144238
-0.12061679705,-0.66225833502,-0.95580880643,0.12958100864,-0.86402185075,-0.25582634178,-0.23982757556,0.52344397638,0.00954703349,0.23869760571,0.31081363216,-0.47066756404
-0.32060565845,-0.78024945640,0.48448181196,1.19769070263,0.08922566568,-0.47596359426,0.20431920138,-0.41046566673,-0.46434640441,0.23463506834,0.04018625609,-0.06854641579
-0.52315892184,0.37495722215,0.71497940874,1.28012195542,1.05391529547,0.05725547197,0.67845722055,-1.35567249770,-0.21320108003,-1.32592476530,0.18498575149,0.34892152018
0.07145347257,0.56179686391,-0.15747666654,-0.33244503099,-0.77663877486,0.74692167413,1.18168671947,-1.24449543415,0.47524644795,-0.01807240852,-0.24006363697,-0.70783672711
-1.84584858844,0.39582243214,-0.07946794932,0.76034007553,0.79823487361,-0.78138874556,-0.65879236181,0.29069484703,0.35946826608,0.39575172966,1.74271133634,0.07860491271
