0.69355695578,0.22999402013,0.59341156507,-0.41848124804,0.25743913837,-0.64035723231,1.78875298908,-0.30198027305,-0.46535229723,-0.83430204429,-1.01014158901,0.12134385946
0.70058653748,0.24418572238,0.33533174500,0.28788311731,-0.82766586881,0.28171185509,2.34358453100,-1.83876832815,-0.51733479614,0.92534620478,-0.04758567172,-0.23594796194
1.06156053458,1.01780419783,-0.31968067477,-1.07404486209,1.37943886777,1.79077494697,-1.99556017393,0.38960408154,1.17391475158,2.42408859990,0.10208294582,1.88440918252
0.14599498275,-0.43138770471,1.24682754435,0.10651150961,-1.76335067178,0.03908351965,0.43369827854,-0.72705305276,-1.02012155253,0.59635884714,-0.61934306372,-1.35162589417
0.76895651456,1.59073221922,0.59551278599,1.06786315582,0.25403270457,0.01343971044,1.21064145838,-0.98632009142,1.35853312014,-1.42464373547,0.85114674343,0.32258389948
-1.72840042247,-0.09582111583,-0.54778343001,-0.06816620166,0.34476530658,-0.37078030867,0.76509802381,0.73945630550,-1.13116598586,1.51177105034,-0.08461644563,-0.07551738915
0.72254005402,-0.75753202157,0.59656712999,0.24062671144,1.34498537394,-0.00212156876,-0.11878244007,-0.26224976370,0.32777695860,1.28956721458,-0.38239593184,1.42154518361
-0.84182704286,-0.92456196578,0.90075493609,0.44153621541,0.19841688386,-0.57536043460,1.13670275934,-0.57919306586,1.08039574856,1.23515186663,-0.65677035092,-1.72756379262
-0.09566489391,-0.10416747046,0.27854617835,0.27419423708,-0.44692319128,-0.37252837681,-0.04632991524,-0.78318217970,-1.23446643446,-0.25676376218,1.26043600965,0.60240305325
-0.52274053087,1.22911854553,0.77915973602,0.62075903524,0.42152233651,0.73581723467,-1.82143461036,-0.07936375420,0.15589300349,-0.39454886835,1.00565312190,0.01428370559
0.89705693481,0.41713478189,-0.17625116930,0.59312214756,-1.05447426717,2.12395023639,-1.18135957548,-0.93460604690,0.60088414396,-0.40604480863,-0.93115439182,-0.30883092274
-0.35390019675,0.69352987771,-0.96365599971,0.71030235962,-0.74835322969,0.25345545321,0.23226308014,0.37692765899,0.45189088986,0.45129748461,0.37781892590,0.53814356140
0.73896905187,-0.16480726743,-0.00265907540,-0.09391029961,-0.66985003074,-0.37759314592,0.85110680721,0.04604403133,-0.02473646952,-0.12007436611,-0.62460766452,0.00256987301
0.72999699799,0.16972942848,-0.61900399638,1.37229545474,-0.06727190107,-0.01590316493,1.32668180144,-1.40930423336,-0.31866657796,-1.41772587831,-0.21259488894,0.49153442141
1.80448308132,-2.78326854661,-0.82355719035,-0.19201060665,0.97975119465,0.27059802891,-2.04591117034,0.22472077446,0.18608357423,-1.58186766959,0.85212896241,0.45027192615
-1.66587755600,2.10596870846,-1.08492144491,-1.70268508022,0.73787694833,0.54142463272,0.31588381586,0.17207408904,1.13527124592,-0.29963391566,-0.10782261342,-0.31353189987
-0.02884629593,-0.67722264155,0.09990329472,1.14313908104,-0.91980425242,-0.53077501781,-0.43126505508,-0.38094043107,-0.57096112910,0.19531237794,1.14648061787,-0.05671104497
-2.23314693490,1.52914729043,0.05407430798,-0.13838353176,2.01879719683,0.01924997730,0.69842471370,0.78577053829,0.75863142915,0.99047155106,-1.09302902099,0.34720431694
-0.53150058628,0.36279576326,0.02963112586,-1.36941800535,0.15418605160,-0.21831999084,1.04513113440,-1.16490714524,-1.66616874555,-1.48482439494,0.13994451885,-0.35904409190
-0.59331435646,0.06729425958,1.27156710200,-1.41343369881,0.82403429490,-1.26919523445,0.39483404263,0.26040177624,-0.45108190632,-0.84251236499,-0.61324237181,-0.64660862632
-0.36197692344,0.26518044505,0.26145629953,0.07322462586,-1.89767115658,-0.96728000105,-0.03051814714,0.36140099821,0.17171309454,1.34841533577,1.30162518343,-0.05944945699
1.26105376163,0.30334660563,-0.78600809643,0.87372154092,0.33672336315,1.62421942811,-2.25979050224,0.80991649364,-0.28526793129,-0.51791015587,0.58325459318,1.01132563172
-0.03540521047,-0.63163925213,-0.06314646390,-0.72554002977,0.77490413271,-0.76764107473,2.13110901320,0.39674070482,1.19762986953,1.79171571547,-1.52194017933,0.16996095399
1.17247335427,-0.01210797434,1.87470825098,-0.10196713799,0.30238178213,-0.36376241283,-0.22955400177,0.02676938969,-0.08145089529,2.81009259370,-0.02426618299,1.55806854223
0.65222350185,-1.66535851685,-0.59989783781,0.38021196375,-0.68290121081,0.78931562725,-0.24991736376,-1.72821536513,-0.28775999991,-0.76761762004,0.91562742417,-1.54115614449
-0.75680412391,0.25676455307,-0.42863713995,0.16832530258,-0.75361275839,0.02050208134,0.52560743286,0.90050488585,-0.28390670102,0.87245067796,-1.20646378437,-0.36750626135
-0.69304551222,1.70060496680,-0.62832210278,-0.34366760564,0.19072301276,0.80009986792,-0.88298683629,-0.20265118431,-0.13132479417,-0.83060946454,1.37939014900,0.29726967444
-0.36928915983,-0.42489255095,0.90008168921,0.49737785018,1.55902951711,1.71713900385,-1.01069733337,-1.51779019018,-1.23040528348,-0.81835019358,-1.22131673814,-0.14747004701
0.00859938670,0.28740311879,-0.09794756099,-0.14370980061,-0.50417954705,1.00627306566,-1.01074957514,0.03328328516,2.49724467061,0.71709146153,-0.80001812113,-0.26790997545
-0.89052569821,-0.15796527378,-0.35501375958,0.92652049705,0.54370253904,-0.09316593312,1.17602674409,-0.72327533714,-0.59724801525,-0.40558044908,-0.87168202303,-0.17876433008
-0.37580363065,1.33524125185,-1.34235462137,-2.30223138079,-0.80805128748,1.71853904250,-0.06796785667,-1.15176071278,0.70461013510,-1.07012344098,0.46992241366,-1.04400093734
-1.67347896320,-0.54728074293,0.49909459539,0.22559789775,0.73711409835,-0.68669792567,0.40352439809,-1.16802054546,0.22216321452,0.42766864559,0.91520927869,-0.98738001250
-0.84704442237,1.12412287201,-0.18824377580,1.49929723224,0.76133446424,0.20661274921,-0.47425716421,1.15135398441,0.45723972581,-0.82429046850,-0.60141540626,0.78282926504
-0.56843063066,-0.49573913202,0.76776408422,0.49514053185,0.96140304018,0.15876865151,-0.28284907851,-0.74637858688,0.05139782238,-0.48002672460,-0.78812798988,-0.11494764471
-0.59157650614,1.24167957320,0.40297923196,0.34890386417,-1.02436180734,-0.69008686453,1.52847569695,0.01105510117,0.14609438419,0.55864319773,0.24241218622,0.08388356441
0.60928655346,-0.66339636096,-0.22462908366,-1.31529514791,0.59727918599,1.56362795909,-0.09467781783,-2.70192689606,0.46727294531,-2.56646703525,0.69569701723,-1.32900777388
-1.52266588948,1.91391236371,-1.26494982347,0.81432974259,0.23013454580,1.00213664249,1.06074716804,-1.18653251935,-1.35893103197,-1.20576497837,0.76841977272,0.17157601220
-0.73368698782,0.93856423168,0.63455124631,-0.31017522467,0.52519871302,0.35555280033,1.45036675176,-1.53896148070,-1.38510001359,0.01975370875,0.38957241070,0.71804271633
0.26219816603,-0.26601274512,0.29642660718,-0.28762025582,-0.94979505746,-0.27513734442,-1.40951732346,0.96517308351,1.12768127133,1.58027469909,0.31472597728,-0.06570640243
1.64345395616,-0.14664289638,-1.66557072649,-0.33638121816,-0.68421885979,-0.27312851368,0.60782284474,0.33743905108,1.64942465336,-1.74702092051,0.76824862522,0.29364410032
1.94038826472,-1.21589181919,-1.95902464693,-0.33419670618,-0.43063930471,0.82643803277,0.73629876062,-2.99426615265,0.53513460763,-1.93360476301,2.03921229026,-0.85979610411
-0.15942022752,-0.72638320292,0.03620495039,0.10812482770,0.04228626436,0.64097632346,-1.01181490891,0.29182818954,-0.85970405819,2.49500353974,0.18328705895,0.46752191581
1.40451318909,-0.50028450027,-0.01646314345,0.52724991458,-2.49902005504,-1.04952700676,0.59595683920,0.86999241633,-0.99748332228,-0.98625638082,-0.72687357193,-0.70859966975
0.49187247436,-2.28005338117,1.33499875297,-0.09742723791,2.39678641774,0.92822642920,-0.58544393516,-1.68762262858,-0.50572655703,-0.29122808428,-1.85884924645,-0.56939568198
1.03001457284,-1.05363877279,-1.72371990251,0.63924999584,-1.06348359837,1.13757885124,-0.20589702660,-1.36186369005,0.73726147696,1.14136228343,1.38986438337,-0.29320233958
-0.15035870499,-0.55010799152,-1.37755503620,-0.37799617704,1.00524472245,-1.26020390643,1.64794501529,0.24274367213,0.40212699660,-0.11020880149,0.39476160161,0.71688364208
-0.94753031978,-0.01958459104,-2.09845933015,-0.20944655028,-0.28317270347,1.27232748774,-1.07398619170,0.25197108186,1.27464460993,0.07272332506,0.69861283588,-0.45409108268
0.49151068013,-2.75943604669,-1.02176518370,1.46740666060,1.11442450286,-0.11931085305,0.64497272654,-2.12846359843,-0.34559163905,0.15112420518,0.91332108369,-0.59408058102
0.36098616957,0.59284993511,-2.35431615494,-0.55221670610,-1.24927244016,1.10182980503,1.13935942067,1.36443246872,-0.21679070557,0.73136327058,-1.11988640257,-0.20736651046
0.45387474792,-0.59839651551,-0.52751861791,0.75181268870,0.80781143799,-0.06107354566,0.63441412268,-0.87222771134,0.94411907256,0.10010628955,0.45078958454,0.89688415417
0.56480438291,0.65683232973,0.56889312370,-1.00146584720,-0.86066775600,0.26855781443,1.23661969620,-0.67320008264,0.69563044623,0.92156218570,-0.49067123154,-0.63167706246
-1.61736984589,0.46051744022,0.30278217403,0.74173650182,0.95100810718,-0.03422014121,-0.93053717046,-0.07062005487,0.95720241585,-0.95739752073,0.24048320677,-0.35480122998
-0.35441455362,0.57145932830,0.48975813841,-0.34241851515,-0.44374418312,1.18302130779,0.03251431650,-1.30329979511,-0.97270704372,0.90042738563,-0.01251245436,-0.57551791952
-0.65942907216,3.00156088016,0.93710112991,-1.26655872956,0.14073076191,0.56057210447,-1.80705036203,0.04099905882,0.60516565057,0.58012943484,0.95712480746,-0.28430523511
-0.93268967914,0.64506314859,0.83415010949,-1.57609944155,-1.01075365735,-1.44884578937,0.51481129826,0.81940824885,-1.36748378693,1.44668300086,0.25018767820,-0.07069248219
0.69420526303,0.10181896115,1.43678184030,-0.46429147680,-0.51220525817,-0.24919311236,-0.69181410025,0.31908868338,-1.58521786809,1.59560818051,0.12159279840,0.91276341765
-0.24005366334,1.08137552999,-0.18775503705,3.11204244147,0.53573981296,0.99167433795,0.54386541590,-1.47171054396,0.83241482699,-0.58287598723,-0.16513267765,-0.17077795368
0.12005572540,1.33868474915,0.86087531220,1.12009090576,-0.84086930890,0.49876135517,-1.45417539421,1.01723543951,-0.10272899033,-0.24036901303,0.10253966864,0.16234217447
0.62598409542,-0.40595553561,-0.01686623656,-0.01882300250,0.02939348172,0.13991811938,-0.99460227389,1.49515715001,0.42928932503,1.62172216330,-0.96501815839,0.92252477594
2.38473765051,-0.51963133976,-0.44979780476,-1.20499556080,1.16180989362,0.15850285151,0.55732719546,0.09677784563,0.60734298102,-0.69511442520,-0.80444891656,1.37049344619
0.86979951975,0.33796992131,1.81596946944,1.11079758419,-0.33720203701,0.58788042266,0.20757965103,-0.69931932539,1.37748706704,0.26026992754,-1.46657061928,-0.56896783966
0.73884580142,0.12850930310,1.52690146699,-0.21482490968,0.30232207490,-0.44967700083,-1.12637833659,0.88482851542,0.11590714416,-1.17072623648,-1.19310040484,0.64675596874
0.57168368109,-1.22465142347,-2.70808133802,-0.62480754355,0.38046060376,0.67188590577,0.67350271788,-0.18660474639,-0.81232490959,-0.02433803700,0.14858517113,0.13037100402
-1.73508715987,0.47204109186,-0.43540210313,-1.49486219286,0.46212726326,1.95854499535,0.22993487939,-0.82731534969,-0.18790536680,0.48808139612,-2.03402940442,-1.93910674972
-0.06109864502,-0.38246678490,-0.06888616845,-0.42978432529,0.44214093025,1.21274277113,-1.37129691035,-0.87454176783,0.77878200708,0.86037224962,0.28499029463,-0.53636603038
0.83464742197,-0.02152813691,0.33302329450,-0.22084874392,-0.45033718482,-1.32398924642,0.08326718006,1.21003438739,1.61443023104,-0.26977270717,-0.20928389312,0.38825485512
1.00122540454,-1.31067904002,0.31655897048,-0.85809033843,0.18169699130,-1.80026688929,0.75500641572,-0.64364319262,-0.02376338238,-0.40764115257,1.58097239298,-0.25649722663
0.32602346961,0.14958875030,0.81805791847,0.36312705627,0.73569068002,-0.19744193718,1.09526842208,-1.26303823562,0.10185471267,-0.50051150260,0.15800625725,0.24200174086
0.05289326402,-0.85225253800,-0.77705235050,0.30838287083,-0.05728311888,-0.72717999039,-1.42617842414,2.41682359175,-0.55911393600,0.55989128986,-0.38333544033,0.33102138822
-0.29031184712,0.61825481549,0.81078115974,-2.72095140995,-0.81218193874,-0.25449943438,-0.29050219182,-1.31748755848,0.68093410247,-1.32954841705,1.28073886986,-2.15826626531
-1.28117689294,0.43765878912,-1.36674039719,0.90453055362,1.12123130663,-0.77800888597,-0.21668107098,1.41502027596,-0.27954591734,-1.77728965501,0.36330229555,0.47955156510
-1.52345665375,-0.88829350593,-0.52543915244,0.83967796547,1.14576804079,0.66560656894,-0.49333103186,-0.78873493973,0.41193886769,-1.56084359204,-0.91162840204,-0.52487756127
0.17676779986,0.17625726712,0.77424489728,1.13022263716,0.95149458001,0.33417475138,0.45574219029,-1.46295681680,0.29435981417,0.26236447713,0.54420457869,0.59885839597
-0.09927638397,-1.41809780127,0.30111998854,-0.56496751687,0.09384098375,0.09731749756,-0.43662051661,-0.17931451915,-0.25059494419,1.25441936915,-0.64487327428,-0.84194580911
-0.91454441225,0.32964629097,-0.45971022637,-0.07729410192,0.92017733270,0.83680465106,0.34369788365,-1.11800507532,-0.36212943168,0.56670227276,0.39617454226,0.37761627908
-0.24960751549,0.16158410221,-2.14535198661,0.12676280914,0.07919468936,0.20312124503,-0.07129259511,1.59714368874,1.19993542458,-1.28624257529,-0.52694646018,0.49987692976
-0.04809119167,-0.64891085454,-1.36764299107,1.58465772088,-2.60589068081,-1.12328808185,0.91161526189,0.41811513219,-0.77867865412,0.22251265604,0.61662940887,-1.04402918276
-1.61660443109,0.30491375700,0.17415055523,-0.20576159000,2.02758005444,0.82020312935,-0.35416568039,-1.13557042271,-0.59635600324,0.22645880204,0.08451823114,0.42046417393
0.82897374494,0.73071554516,0.50343916732,0.23067954362,0.80671726793,1.26548657648,-1.46492984594,-0.66677532776,1.93918717964,-1.93164688556,0.69183957385,0.18868211401
-2.05007874351,2.59402454804,0.51344729653,0.16047725505,-0.48686716185,0.90863442295,1.03643962732,-0.59005458621,0.26202133615,1.08981675361,0.16907541865,-1.05206632696
0.62893088743,-1.51111727189,0.08181389375,0.26097746087,0.24580616533,-0.37647071149,0.59081394966,-0.35406168944,0.38009628719,1.17145251282,-0.20966478649,-0.10589248597
-1.76318151122,0.20143175696,0.30808243353,-0.28323694364,-1.25979915317,-0.66678667482,-1.91387242598,1.19979412656,0.87944694693,-0.09804049936,1.31023096660,-2.61596158951
2.42976789935,-0.81670093395,-0.04757006482,0.05630916458,-0.79619117791,-0.34640571110,0.44548555046,1.35503399412,0.05466896129,0.79103296321,-1.19052106570,1.05331442208
-1.00565556565,-0.46051137676,-2.67909787787,0.19593386794,0.90343047184,0.39048156849,0.15191224387,-0.07387209069,1.11593265517,-0.78307127773,0.80163022669,0.07574828067
-1.62492608349,-0.12668337595,0.66208336152,0.73182610915,0.17815071489,-1.29915730911,-0.65610861469,1.17465583409,1.36740831880,0.59074662518,-0.04021416491,-0.90833414541
1.16394733760,0.97530545679,0.17718901418,-0.49441698981,0.12545574878,-0.88071276621,-0.84708180799,1.51663533195,0.84545258081,-1.57991203332,0.86850984477,0.75467682070
-1.17627953655,0.50774805476,0.28540249179,0.75740735752,-0.19893117224,0.81458601167,-0.32097431101,-0.80518397927,-0.93196142471,0.84590248045,0.29690330638,-0.60918990780
0.97937047538,-0.33285675945,1.61043058856,-0.02579104918,-0.97283573652,0.24388731698,0.30465225130,-1.47749094027,-0.84519424331,-0.90129493069,-0.21112331118,-0.79113345660
-1.86152867669,-0.16596697620,-0.11388183659,1.39760611488,1.85057551132,-1.02132964038,1.11576602906,-0.02871478686,-0.63138191973,0.19437864406,-0.22512677874,0.97635943259
0.52110529806,1.87154468696,0.95376920281,1.95859997863,-0.26459595513,-0.02405751090,-0.05105957591,0.52766831925,0.93455943619,1.26233876373,1.21008002536,0.80970628830
-0.28461791670,-1.32883842730,-0.39053373098,-0.75814176020,-1.16859136725,-0.52999199111,-0.76092323991,-0.02288297356,-0.60912750134,0.02846602732,1.29162294056,-1.60040841848
0.00468872791,-0.04922812337,0.75273106099,1.16128129001,0.00630696417,0.14895411042,0.14542007676,-0.95684781694,-0.64745962724,-0.83977027261,-0.66212606350,0.06126261618
-0.48942280982,-0.37442057142,1.17177479156,0.12925936991,0.23300061123,-0.23986958731,-2.07492865536,0.69051220060,-0.23967735241,-1.00990506161,-0.08630354490,-0.35623165844
-0.27817399597,-0.74498845069,0.28372930928,0.76880774169,-1.36962993874,-0.02116718064,-0.64909202319,-0.35917081168,-1.91671442115,-0.04181242523,0.24535898799,-0.99116704039
-0.42983453277,0.96033304951,-0.12446837838,-0.04244305507,-0.73102873196,-0.20434072979,0.27714586061,0.56367322420,-1.27994781987,-0.71951038915,-0.14939500943,0.10719038440
-1.22270381969,-0.69332047591,0.33224025192,-1.82289352634,-0.25341036448,-0.31234688589,0.47258787136,-0.40475574953,-1.60929503123,-0.34066377083,-0.73227479516,-1.84221442685
-1.22241588783,0.61871440302,-0.97560917431,-0.21756493057,0.13508191535,1.01910492702,-0.89248541919,0.08209823108,-0.60027932707,-0.51064410632,0.24992675737,-0.21937582772
0.56431219244,-0.11628502786,1.42423263166,-1.03876635605,-0.68837941117,0.06092246859,-0.69880656335,0.19146367215,-0.50092706643,1.26593316804,-1.10739166055,-0.56147701090
-0.00327099079,-0.97016669363,-0.70793773530,-0.48666392412,-0.49574947481,-0.02748220120,0.10998741354,0.48197134680,0.05491424341,2.22565066371,0.23415694329,0.10688298432
-0.24517294709,2.11142497239,-0.88956824903,-1.06257259075,-0.45490929876,0.69056257938,1.55576425866,0.55484654639,-0.03911055286,0.62920422362,-0.67615704890,0.34228937872
-1.05655538333,-0.27906303454,-0.67223156011,3.12791713924,-0.51722549086,-0.32751602977,1.27810723964,-0.27311705601,-0.96507732787,0.16050932296,-1.44216185858,-0.89259541319
-0.04159600295,1.03505601611,0.05099615584,-0.25464142727,-0.01508808612,0.64662899503,1.04733638156,-0.70532135786,0.66608781147,-0.07808668505,-0.36507554922,-0.01650453065
0.41615022137,0.64636273337,-1.21323592683,-0.24359427862,-0.37345119685,-0.47403438221,1.21904103936,0.19571244918,0.27764896004,-1.98327125862,-0.04267042044,0.00575664467
-0.48888722461,-0.22186950580,1.29759431139,1.53705414941,0.71901662709,0.79758911496,-2.13664878309,0.36321094625,-0.47265562081,0.38232044289,-0.86920523236,0.24149054353
0.37034273651,-0.05420605814,-0.10163927950,-1.01495586817,0.85729984650,0.20226513172,-0.27307650575,-0.47526489826,0.91678779810,-0.91075458294,0.33814279980,0.18253810867
-1.21286910009,0.03184370709,1.36352963838,-0.82322482478,-0.29628453394,-0.83825929789,-0.47469043842,-0.33653670643,1.28630937071,-0.18313357140,0.64119799190,-1.88160969957
-0.95185523472,-1.09661557323,0.73293880622,0.56841189118,0.58390853527,-1.26414871852,0.01149163695,0.33996101007,-0.01000598621,0.93985617598,0.02720994770,-0.32718494092
1.50402087577,-1.18460411901,-0.64666329850,-0.83232811098,-1.47267614283,-0.57766560110,1.83696370085,0.31584743755,1.95205376386,1.01190147932,-1.40480148298,-0.58301657326
0.98001535687,-0.67098997484,0.38160339313,-0.06051141102,0.02013446671,-1.04007869357,-0.60965973142,0.39240877962,0.55164108732,-1.73002474108,0.78107479070,0.10964380280
0.61468290113,1.76363440383,0.94525883562,-0.19928830753,-0.24466330143,0.46493399936,1.28628561451,0.36779673703,0.19761993183,-1.09188687754,-2.26137546238,-0.08040969415
0.05749552818,0.81845712053,-0.61253806160,-0.33173950256,-1.23841674029,-0.59538000555,0.71788337705,-0.41193860136,-1.15152042988,0.09615546514,2.27398623303,1.32756037843
0.10627918406,-0.02381392019,1.91807835195,-1.33004207640,1.25054960300,-2.45065634720,0.90489093405,0.04574829808,-0.74950905457,1.42179978906,0.38129861501,1.17219561479
-0.99832114440,-0.04211289937,-0.40770841611,0.73533279708,1.04782709130,-0.51011328982,-0.35171598845,0.54884008541,1.59742898961,0.13868739286,0.15508934718,0.56822188051
0.19915626486,-0.08326949446,1.51498170214,-0.35218851654,-0.17489580484,-0.31513719815,-0.98342794964,-0.55421038103,-0.21888951000,-0.78632744018,0.87573511591,-0.23723511226
-0.53112757518,-1.49683248627,-1.91323155238,0.70840211780,0.24015008962,-0.85783345232,1.35563626440,0.15872302784,0.12823220170,0.59998408328,0.29424079621,-0.50921498135
-0.02255394909,0.58254459190,-0.73425953544,0.08666604079,0.35551055618,0.74137832938,1.29860099873,-2.09481649975,-2.31865942114,-2.27345107680,0.03754985545,0.19591517742
0.11175611526,0.29025941802,0.80569383957,0.08360330145,-0.15131597729,0.13758920973,-0.23862183873,0.94475749576,-0.53216225611,-0.24317646788,-2.24780805945,0.15537891087
0.49595117920,0.11254467961,1.96146619502,-0.96905471321,0.09244041776,-0.03585155229,-2.24955633480,0.47445760659,0.16934581822,0.11018832395,-0.27813885577,-0.31635140894
-0.36411923539,0.20015000010,0.47667839069,-1.24904142420,0.30899918520,-1.06857889719,1.08393556136,0.85980018690,-0.83410114447,0.11009068018,-1.21607177935,-0.31258324533
-0.29589411586,-0.24610570607,0.88806882146,-1.11647444338,2.19960659087,-0.12996466754,1.62559301225,-1.89812933146,0.45921620811,0.74712625655,-0.45378589333,-0.11949320768
-0.49950877882,-1.13052477923,1.08675514359,-0.69028956407,0.51061393408,-0.70997022431,-0.46234587919,-0.48485579158,-1.12998299126,1.06551662255,0.42104449817,-0.19551005562
-0.09731187820,1.08423490262,1.13454444650,0.83235904845,-1.13299043185,-0.47032054848,0.08107327420,0.80830976218,1.01865763584,0.72542763575,-1.10632359696,0.04189772629
0.87157960086,-0.80616490084,-0.15580377159,0.74514195593,0.46486127845,0.39467469249,0.54238901440,-0.96062377326,-1.10202418047,-0.83768811403,-1.55046129531,0.16323096399
-0.22860509036,-0.06498808072,-1.12376322020,2.44222479538,-0.07633412105,0.20760320628,-0.20650010221,0.03225340623,-0.95939617503,0.11245213478,0.39389358923,0.59210189313
0.16666849552,1.01331013489,1.51246222022,-1.34680520255,0.90696086147,0.34409264882,-0.27677279323,-0.71085770514,-1.40220278544,0.36481362416,0.11550751007,0.98164763137
1.81065357460,-1.08068096997,0.44744322570,-1.42481426355,-0.79792918230,-0.26343952097,0.10890786749,0.40600430720,0.36767037084,-1.01544727313,-1.56283020988,-0.71552523940
-0.70188169038,-1.98326741605,0.56522338234,1.14667650387,0.39453620629,-0.59135245140,0.46000258915,-0.69354044840,2.24853617224,-0.54397992381,-0.62651012678,-1.84905958194
-0.50150436797,0.80962469553,-0.35050523328,0.48818329210,1.10966199219,-2.07518804202,1.73069918517,-0.42084006764,0.32860995379,-0.46785032872,2.08673276048,1.40519054285
0.37213296770,0.02321531844,-1.60089363831,-0.27884033359,0.32237978985,1.09522490161,-0.40598081365,0.55282208284,-0.71682847394,0.15935868772,0.02707910360,0.56348517784
-0.34542468346,-0.90072794050,0.09694955194,0.47381687218,0.14728620818,-0.24102966893,-0.38410236076,0.05542712540,-1.16775718768,1.17847677367,0.38493733780,0.47496207250
0.15110080791,-0.43788235549,0.00690815927,2.63299560949,0.45538399036,0.52214809449,-0.13048278336,-0.24874076186,-0.63278615204,0.11197635329,-1.57279744293,0.66524805077
0.57905881285,0.74010070391,-0.78835288168,-1.06894884840,1.01734722955,0.09121352323,0.29523913632,0.12536741323,0.67238222781,-1.75115935081,0.26333601061,0.82044059948
0.55790523425,-0.76362423184,-0.12514546952,0.51604673450,-1.41472044972,-0.07642372727,0.86572556952,-0.54399549193,-0.76152416343,0.53492695059,-0.53579011521,-0.69191246274
-0.60058372920,0.15902609651,0.76402883674,0.35803974389,-0.38050753450,-0.68756123848,0.14902855233,-0.06510743691,0.52746314554,2.13191128346,0.77293566480,-0.07584844998
-0.74798808857,0.43878077277,0.12003539580,-1.34432011571,-0.28567681353,-0.74362785211,0.23619263508,1.25396093813,-0.34192817024,0.71365645237,-0.95942965116,-0.49779737287
0.67020659471,0.81749233824,-0.69746054828,-0.80597170873,0.12154898112,0.05442763392,0.75108646435,-0.77873518222,0.22404497912,-1.23086679251,1.03291329209,0.69253826213
-1.11094693205,-0.39455036016,-2.06548091836,-0.15418282546,-0.20026292613,0.55162421556,-0.87522372014,1.92840102691,-0.90581964664,1.36396632900,0.12577597891,-0.40064370911
-0.02691075459,-1.18730290297,0.47886125088,-0.26880116851,0.58279285118,-0.24593214071,0.25365038399,-0.29534768094,0.19848924955,1.16766671711,-0.60930266717,-0.41127682646
-1.10894743393,0.13600786630,-0.39120037748,-0.09657434819,-0.07449267807,-0.42410374108,0.20895333547,0.35926425628,0.59129457477,0.90087913970,0.31046651013,-0.10466910585
0.06795471708,-0.25307891803,0.45300579540,-1.69721422008,0.86944357308,-0.15752955193,-1.35948862562,0.39996470745,-1.30220766778,1.06619262619,0.57481578232,0.93313210170
-0.77835402273,1.03720138553,0.42390672717,1.00362707460,-0.97437703319,-0.81973972716,1.16014876415,0.84571132207,0.26512784552,1.66806546343,0.12886406128,0.04821306820
-0.09470716089,-0.03858140582,-0.39085645074,0.99780047827,-0.39591963350,-0.68886456265,-1.37183542972,-0.18174996504,0.11662435199,0.69660956261,3.02655774925,0.92026917196
0.11542755673,-0.55820235342,-1.11957472072,1.16329568710,-0.89130080110,0.45636635099,0.72268638499,-0.65461855270,-0.40466710833,0.02735664891,-0.81482958588,-0.48554000017
-0.32780796181,0.32190280215,-1.05708937212,0.32189574347,0.35295399481,1.10239104345,0.71900792307,-1.61320309684,-0.27631041269,-0.79152293870,-0.06207974305,0.01032948462
-0.18592743942,0.28141469964,-1.03405719741,0.14299643919,1.16682486212,1.35172683665,-1.96639270059,0.29091967593,1.76995051643,0.09483723505,0.65113713527,0.86705445909
0.27252128486,-0.75376660082,-0.69844856877,1.77222470397,-0.85380001423,-2.13003282696,0.43759010514,1.16006963158,2.13664588322,-0.21879175613,1.28945766632,-0.43259887029
-0.11923165870,0.50698370656,1.38532180509,-0.60679112317,-0.76754765044,-0.78797810153,0.32399482407,-0.42900990806,0.07433649347,0.53137942658,0.66368258181,-0.33654209111
-0.34212400483,0.32126591035,0.19495207761,-1.22621899033,2.16099256213,-0.48980146317,-0.21884764693,0.74495282274,-0.64143857305,-1.12215341211,-0.45467793259,1.11086060069
-0.84690660969,0.32825158444,-0.00074800938,-0.03834082785,0.05907533987,-0.48261493193,-1.46943839527,1.47401071096,-0.36762487753,1.56957822460,0.83640674425,0.62069135353
-1.85840912197,1.21994912626,0.76000139511,-0.29634198757,1.31325877545,-0.27101907451,0.30273486910,0.32469150737,0.12902387499,-0.06290239046,-0.80597494756,0.09770420837
1.99076796255,0.13808663049,-1.33294031228,0.23477656540,0.65355027928,0.99816007573,1.22238082589,0.71119728074,-0.02911318586,0.59564969503,-0.60923992952,1.84434047776
0.68964970436,-0.61292030040,0.56738705604,0.69027528414,-0.37112271263,-1.24719047094,0.35308837726,-0.81304984175,0.75662041110,-0.20875490510,1.73208313687,0.28298702643
-1.27348434589,-0.13559617788,-0.74458567253,0.81251153416,0.46164350511,0.45310074658,0.60663169792,0.02353278906,-0.77504383260,1.07300641589,-0.71461136689,-0.27175705634
0.08095906683,-0.25433394103,1.11162930070,-0.17784591805,0.05189933636,-1.00398819884,0.36353938047,1.08161732172,-0.81623178853,0.78798451569,-1.36139419922,0.12833410521
0.52817631779,-1.69933485218,1.47062503316,1.44307256113,0.31976807565,0.33461164662,-0.68532204927,-0.84793484534,-0.87645481512,-0.31230768564,-2.03350674308,-0.35436034998
-0.00906597256,-0.47512725033,-0.04168564829,-1.36055796022,-0.71729066106,-0.61537253430,-1.29707503596,1.36172703485,0.13303477414,0.28178303479,0.12919831136,-0.76870607380
1.44142410772,-1.68097239058,-0.81260355224,-0.03115299745,-1.53957048883,1.00154903841,-0.97716891026,-0.95273994505,-2.00059483537,-0.60334267050,0.99134391528,-1.17046679027
0.43770977444,-1.32257541955,1.66942575168,-0.28157993855,0.28703055790,0.40603983840,-0.95953534306,-1.39895426596,-0.38091523401,0.08746018237,0.21528707225,-1.01765845061
0.58455911606,-0.19742734851,0.91099918558,-0.51661166767,0.13676527678,-1.33675717204,-0.19116231057,0.09869562175,-0.10162745343,-0.71798374131,1.01686055315,0.31314661274
0.05488126568,0.13357526883,-0.36037040395,0.20771838618,0.21590644245,0.48828658196,-1.10585382010,1.60138399767,0.74029905438,1.64339012301,-1.25400743520,0.79841763057
0.75468654577,0.19583074819,-0.04726122081,0.55758087494,-0.75630617493,-0.11654220123,1.13020309123,0.57512469410,-0.51312658041,1.20126721991,-0.65990538110,0.87146773017
-0.74023399360,0.30355212584,1.13361935354,-0.30217892684,0.50404403449,0.14659100392,-2.03537476520,0.34671044099,-0.33055000629,1.51893558845,0.47299112760,-0.03408810402
0.02242419182,-1.04617040093,-0.40335172761,-0.21559654925,0.15058988873,-0.45616754309,0.16239195989,0.37050406821,-0.02563735710,0.06364343957,-0.41712078743,-0.26153860954
-1.77264288200,0.83986170555,2.37532480129,-0.10079182109,1.11034496860,-0.15515399696,-0.19098179472,-0.12571903702,0.19737004387,1.67623974190,-1.47912578973,-1.05740268004
0.41983879544,-0.86066528717,1.42620748403,-0.48291150316,-0.31688081726,-0.45066175211,-1.65911464355,0.95389271838,0.75271789406,0.43648254948,-0.95866353454,-0.31635604876
-0.06089384963,-0.61364229899,1.63758774657,0.68192511850,0.43857878927,-1.28949200535,-0.64057672426,0.51305792851,0.88308729480,-0.84888580815,-0.27668993035,0.08344859951
0.67293581572,-0.60158547189,-0.93115119642,0.20363974406,0.16187750680,0.78115092279,-0.13500581761,-0.10118093342,0.70569115104,0.45738684346,-0.41338134910,0.59806613173
0.09428088186,0.01266607560,0.79183287136,-0.25192475917,1.22011017980,-0.29400984077,-1.62330172378,0.09027918657,1.12825313645,0.00719938249,1.01944849521,0.65127275555
0.58022952998,-0.28342049955,1.24138671283,-0.70051012509,-0.64571708093,-0.42373406399,-0.79415259644,-0.00598526854,-0.50921615242,0.01648362725,0.09241068280,-0.29129538120
-2.72182375222,1.13084441762,-0.09113865554,0.69755216725,0.78689628353,-0.79825683808,0.28960750124,0.90949754744,0.37775889610,1.59056354773,0.28163315773,-0.54244479946
0.81936873412,-1.05279869181,-0.72213679755,0.37550719231,-1.01773296209,-1.01853466339,1.74721081388,-1.10252433061,0.23858655468,0.83077474929,1.44776111447,0.29462060676
-0.67499399437,0.15294556820,0.70596681935,-0.91204784239,0.10726325089,-0.77515152602,1.41199570314,-1.03176301726,-1.38157031997,-0.88071412482,0.16905403007,-0.37871847402
-0.36295091744,-0.67503319192,0.77298982574,1.86280590645,-0.41322093631,-0.90425416903,-1.27309289847,0.58437602075,-0.70235905229,-0.43523620182,0.33796410040,-0.41457172496
-1.77644586451,0.49284459616,1.02350008099,0.79836785742,1.57569654272,-1.36607498436,-0.17829312090,0.23850877101,0.78600787966,-0.94381724961,0.09453920000,0.01557990865
0.52948903675,0.65853314090,-0.82523707810,-1.53781760975,-0.00989282558,0.17048872454,0.63085311597,-0.79632344829,1.52290549227,1.20110525928,1.11930032637,0.92343233757
-2.09315565761,0.86457135879,0.07165357086,-0.77682674014,1.36941250071,1.00317070168,-0.95166968850,-0.76476349968,-0.33411461726,-0.38163549081,-0.26654514588,-0.70723531843
-0.15958403929,0.07047869411,0.05667323646,-1.52379464162,-0.43819437464,-0.20442460536,-0.02191777549,0.11995762242,0.78079612200,-0.06667135062,-0.02435809309,-0.94415666892
0.73078075550,-1.47670338756,-0.99471182293,0.76323193254,-0.81048760555,0.33171245811,1.00940633182,-1.57523943163,-1.24881060433,0.72611399696,0.18378101881,-0.81916588885
-0.04926086037,-0.21758530473,2.23265717200,0.19558344333,-0.63925125611,-1.04976232403,-1.42468467174,0.57538941783,-0.61916509908,-1.40033389677,0.16242318932,-0.66654372485
-0.53076353290,0.65808730259,0.69534547426,-0.53283011709,0.86207409313,-0.18295124291,-0.08820177884,-0.38803604455,-1.89162316171,-1.32051515996,0.41256312520,0.83406171550
-1.28102695372,1.37103156339,0.16650081044,2.72733246861,1.10052093370,0.45712628604,-0.08768896961,0.78576173296,0.06599222147,1.63192125144,0.31460804849,0.52326472189
-0.22816357253,-0.72802189063,0.31799614807,-0.16322120618,1.94930883394,0.43639955674,-0.57503641334,-0.38502351925,1.75395225288,1.40200924310,-0.91579260081,0.57833256491
0.30758653376,1.09930660966,0.23132943871,0.92882900211,-0.32293895438,0.59316658942,-0.64387566405,0.42778065194,0.63555978876,1.95146319739,0.66027004017,1.11232107128
1.75895318092,-0.18884709491,0.71233217883,0.33843481949,0.87446737449,1.89478713312,-0.03725999173,-2.07190029959,0.86250768008,-1.31276657666,-1.60424408375,-0.00973106748
0.38158527151,-0.91188017459,-0.03074693797,-0.69360778395,-0.39801813235,-0.88817781103,1.10286045872,0.23349854746,-0.68697686950,1.82862097976,0.23746360108,0.52303278087
-0.28840005811,0.39035588033,0.21378146307,0.91257770336,-0.79710265317,-0.06428956471,0.91496049688,1.12245863089,0.82427606097,2.13180228426,-1.39861351778,0.30193605131
0.88616658840,-1.27491055443,-0.51874003378,0.08402285775,0.07350453151,-0.12446048037,-0.75011608793,0.15651506550,0.88551332797,-0.76893916271,0.33994017946,0.29930906270
0.79309851088,-0.74470154264,-1.16391111323,-0.42824711322,-0.20888856032,-0.00403284115,0.32609290370,0.31220525846,-0.55405568457,-0.91179352031,-0.69182982460,-0.10808995175
0.08609471065,-0.49945144157,0.57602243871,-0.01108429064,0.20754844552,0.21730779836,-0.58492411576,-0.04731696499,-0.29262996901,-0.45314249694,-1.24686234990,-0.08697095182
-0.44290048557,-0.68465851270,-0.27527405605,-1.05021672988,1.76429049929,0.81057935243,-0.79399014126,-0.44317623301,2.08982314450,-1.50025972374,-1.41983409780,0.81193170963
0.43366258883,-2.96191145106,-0.29251648558,-0.66489374038,0.37329843938,0.32537700348,-0.13645750994,-0.32243429136,-1.27309304847,1.81280412742,-0.72044867034,-1.61761464346
0.85747383576,1.40932410107,-0.44225924398,1.53456056750,-1.94211218834,1.86182380538,-0.61576059704,-0.18361047136,0.41157978716,0.01387713720,-0.71056236141,-0.21569515112
-0.09492414322,-0.20521498921,0.45134155699,2.99888141481,1.26010300469,-1.44256552214,-0.48737530503,0.40756649258,1.17446444867,0.44279580713,0.87840383047,1.51656012340
-0.28073359269,-0.55133737043,-0.20630421676,0.68169592208,0.82033863440,-0.53255837570,-1.03686257053,0.41356780121,1.27277722158,0.63709590749,1.24079668536,0.83936886657
1.55066364198,-0.30937248893,0.88469266948,-1.44583650371,-0.96796602955,-1.37476974799,-0.52585622300,1.81415293996,0.22384450680,0.56319727697,-0.34860368841,0.13505367172
0.46438741681,-0.04424109346,-0.99029876988,-0.05872869502,0.53938994272,0.74708981753,-1.72361446984,-0.33916194217,0.83956510948,-0.91907109917,1.80334136131,0.39448835837
-0.08304307477,1.10669141652,-1.79272755162,-1.00683560701,0.37426976258,0.63744542531,0.55556641270,0.49269566845,1.79136597406,0.24996576369,0.31694993551,0.96431045474
-0.10019468452,0.84254474597,0.10060336955,0.77217623199,-1.13029315354,-0.19914239880,0.09317607638,0.81238853445,-1.44410262560,-0.46148997536,-0.48549951400,0.14833658881
-0.58847354039,0.46683878020,0.06294579867,0.45101454976,0.78510563846,0.40805382376,-0.50354419309,-0.65829930404,-0.06571175378,-0.83799911163,0.49419134864,0.52378168602
-0.81149702195,-0.24724306103,-1.67808114750,0.55709122481,-0.36840802532,-0.25003830933,1.28927884397,0.18649401420,0.81596537272,-0.53672566737,-0.54355465597,-0.47492240647
-0.83605194451,1.12038910808,0.43388512306,-0.35550085587,1.14054270946,-0.46707738261,0.60325499546,0.31223027122,-1.59251429080,-0.86016965558,0.18117197586,1.21498058710
-0.38967845287,0.87892465171,0.40158850203,-0.95913427550,0.76786767958,-0.31696497891,0.32029755451,0.70611104041,-0.87315895918,1.10814837601,-0.02249678939,1.34811086329
-1.51784331879,-0.32880477440,-0.73582000148,0.38000051286,0.66598221338,-0.46594086200,0.81498564317,-1.28048505260,-0.87620669928,0.12269138361,1.50274570682,0.56412580466
0.35057242271,-0.56046574016,-1.39487126739,0.82910597989,-1.18011528745,-0.05185699540,0.65297980019,-0.23125520383,-2.27157453582,-1.19894677636,-0.47276053284,-0.59697044449
0.96727527187,-1.13769702500,1.19867930206,1.31855482356,-0.33831858697,-1.55468309570,-0.61446253766,0.79375076092,1.48876000985,0.27227403008,0.10281712482,0.39270250406
0.68240052322,-1.41916432251,1.72111074771,0.58974936298,0.72331790215,-0.69141890625,-0.53141988036,-0.05147566452,-0.82838276710,-0.60203768999,-1.46278351951,0.31752729790
-0.14270152702,0.27667441142,0.62432137972,-0.00102433116,-0.33257847992,-1.35989960504,-1.73585714703,2.00046173749,1.11338355362,-1.82840240241,0.88917527136,-0.85168566748
1.78202441935,0.01293702846,1.88740431775,0.19253406207,-1.83416814988,-1.52681766900,0.66366343506,0.36849749419,-0.68548052178,0.36607955525,-0.01592444342,0.62298926836
0.42358058146,0.60934544893,0.15053952640,-0.12652380784,-0.03920457334,-0.03821180610,0.06556520733,0.45505929537,0.94511750163,0.14384533427,-0.34986359950,0.76404577679
0.97974939319,0.67828921743,-0.13913731555,-1.49488276538,-1.85480602335,1.22910622627,0.30297006065,-0.75908369295,0.62147261436,-0.32754029988,-0.83018684499,-1.10482996754
-0.09483365965,1.40938627496,-0.58596731578,0.98924664470,0.02784799808,0.74443842570,0.57853671053,-0.71635690663,-0.59903874837,-0.69412584371,0.75145632115,0.96126416993
-1.01528843652,-0.02744576186,1.32084647527,-0.97779426755,-1.26745588035,-0.63997135353,-1.38349947555,-0.19052609082,-1.24843087739,-0.39245137573,0.78374697216,-1.37350091484
-0.21666656615,-0.89913533404,0.20502659197,-0.13609985668,-0.36929232284,1.14143615797,0.42744971961,-1.22760843297,0.04579991388,1.00761103577,-1.15958449726,-1.77110395369
-0.78333335274,-0.17314655362,-0.11474121809,1.09262021012,0.37266360903,-0.02323278403,-0.50208728442,-0.12004533282,-0.69996980857,0.15121085281,0.43282700513,0.57740976601
0.12969256760,-0.17900852422,0.22332673840,1.34862094728,-0.40207278413,-0.32282039561,0.90452142150,-0.92459954070,-1.81581334703,0.72508263561,1.15118131169,1.41786909366
0.82105537240,0.22108587820,0.34768928781,-1.53996575783,0.64327387252,0.40755372107,0.51974238707,-0.51284984014,0.51495460068,-0.37551814966,-0.78649882646,-0.08071154850
-0.44052570432,-0.98461930286,1.13735533887,0.45604947462,1.51346227927,-0.10322891131,-1.32547611552,-0.06289604545,-0.00866087938,0.35941679018,-0.80651160247,0.55612103194
-0.92267881544,-0.47673445508,0.93143995004,-0.34771531596,2.45225170847,-1.35517968859,-0.38259595602,0.68565897514,-1.77528823358,-0.91789691690,-0.51058164368,1.19610999181
-0.80175368552,0.37452478761,0.76120175503,-0.65438207058,-0.31658245886,0.25178727393,-0.36397371910,-0.66185563405,0.13725928816,0.85406284559,0.25419377937,-0.92990388509
-0.82390355104,0.27554217879,-0.02489047677,1.53054447110,0.56979910584,-1.80546821784,-0.51054053685,1.14765356552,2.17773654579,-0.42689038463,1.51874432233,-0.38002169563
0.25170423792,0.49008473525,0.55142635264,-0.36565483091,0.07661727141,0.23483547259,-0.29565191754,-0.58055979273,0.78106778119,0.01868338200,0.47787761446,0.00705388638
1.28082222719,-0.94607452778,-0.28465436558,-1.72089136695,-0.24571555226,-0.45632250020,1.21583259532,-1.14443703032,-0.57576461399,1.86916595650,1.10020611738,1.48456320636
0.35538744819,1.20446099048,-0.21261173000,1.15623797140,1.17011649244,-0.24260387658,0.51833662827,1.09917796623,0.52741908949,0.32448723393,0.77940088698,2.35826087063
1.10324301878,1.33554326721,1.83780508753,1.26090799799,-1.49619433809,1.70484518598,-1.41420769151,0.02363539798,1.02097793303,1.36268911814,-1.10125488562,-0.68057893921
-0.74148130421,0.58371344169,-0.51429541934,-0.51003099634,-0.66110441050,-0.17143605371,-0.18238355440,1.00608225511,-0.33263690574,0.20246018775,-0.25056572446,-0.19809449816
-0.39527490860,0.60334028235,0.25272987627,-0.16699586722,0.12304615148,-0.26646912151,-0.84021061385,0.43920410231,-0.42530305216,-0.40318863791,0.59197057435,0.39656939738
-1.45537856153,1.42674717276,-0.12165299391,0.16286378762,1.74893309025,0.38795175736,-0.89584417215,1.38582029102,-0.00971794292,-1.26480622861,-0.77271433664,0.73810204940
0.09393749888,1.10463374044,-0.51590038994,-0.89745608740,-1.37549820740,-0.35441571340,1.79225717539,-0.27982911915,0.36345136446,-0.62067430511,-0.05476378762,-0.46532290997
0.57015126240,-0.51643645584,-0.38890370819,-0.42014443245,0.31411255732,0.12899429251,0.76146452380,-0.86430183107,-1.30245020046,0.31921907824,0.41850493516,0.94752499751
0.15054433879,0.63188102585,0.38854721711,-0.86916362501,-0.28738939381,-1.38049903702,0.84912074236,1.36848552902,1.66253485319,-0.30241127501,-1.33621733605,-0.00981001755
-0.56217570193,0.91171198348,0.06163301498,-0.97846976228,-0.54680193296,-0.12457575602,-0.16416357655,0.12336388282,-0.91785290237,-0.16748463350,0.44546555869,-0.02012721898
0.40244887127,-1.11067636594,-0.37126495236,0.97862998090,-1.01626526446,-0.79339846482,-0.62113466454,1.29364111708,0.76403279556,-1.23286011291,-0.69127832648,-0.11772911523
-0.14608337100,-0.41272225065,-1.00891366345,0.55057672727,-0.45537126488,1.50284766235,-1.12898386063,-0.33855306310,-0.65546128507,0.00587269867,-0.58651629829,-0.31722395814
-0.01294578625,-0.60069229555,-1.50822343865,-0.09222170697,-2.07084565653,-1.11189513823,1.33617944199,0.12848986428,-1.66991188546,-1.04773011643,0.50012229620,-1.39979067096
-0.01318241941,-0.22284421617,0.52389583669,0.74872854347,0.33587346524,1.27086076073,-1.23427146141,-1.26540525329,-1.43331389888,-0.90470887115,0.12313859011,0.09578274905
-0.52647737947,-0.66615713755,-0.73026524375,0.36513062834,0.45809039705,0.14123792549,-3.22246298239,3.30807416961,0.20444492412,0.39651525641,-0.89352049270,0.26788095084
0.51120116352,1.22333059062,-1.07031163263,1.60490651004,0.06998102672,1.01901164790,0.97460955273,-0.04707385976,-0.42685207437,-0.79077505828,-0.91351941212,0.67725618856
0.34521475106,-0.29715986599,0.81704851587,-0.90221340853,-0.56753054727,-0.26159797596,-1.91064524642,0.66961232570,1.13650389661,0.35709343878,0.42356685390,-0.61424675737
0.42599508507,-0.03602855384,-0.65209926344,0.36231173675,-1.95243278162,0.00338895316,-0.23682540725,-0.30208898583,2.12784678114,-0.17920787343,1.32806021338,-1.10467066116
-0.96630827746,-2.18279761695,-0.13144070232,-0.55161405853,0.73133147671,-1.50038420142,0.06842715564,0.58128493278,-0.42908328242,-0.27716056055,0.13178702095,-1.64265813219
-1.35373961599,-0.69894657298,0.41794483789,0.02699779448,-0.05318225848,-1.26648859818,0.17925714652,-0.00670557510,-1.96782041799,0.29202889402,0.57101145462,-0.19162226453
0.53277989338,-0.58478144578,0.27191135595,-0.48845698646,1.40657407424,-0.06766399308,1.00962686091,-0.55632056615,0.24110944587,-0.24160949486,-1.15049736276,0.35025209418
-1.89701441167,-0.50196855706,-2.31261319839,1.65881546811,-0.43778051037,-0.28700330802,0.83558095840,0.83884742567,-1.02669366945,0.62327676046,0.26611953117,-0.99745489450
1.98890766287,-0.14335502523,-0.43683973660,-2.21066090333,0.72089050516,0.40653026397,0.27711043625,-0.16592767382,1.11984726721,-0.86027044281,-0.69836042706,0.55476730880
1.27250078292,0.25602215879,1.48943269757,0.31233616172,-0.25995465810,0.23952761187,-0.53308901573,0.21746756409,-0.49642403955,0.61538816306,-1.23821874134,0.67732025110
0.50533278244,-0.85485720606,-0.35325628402,0.92859353062,1.04174449846,-0.53581150393,0.89996572626,-0.14269542633,-1.55999331540,-0.37614499703,-0.69996294349,1.06377029083
-0.97361235859,0.99930797498,-0.39337898901,-0.24321810335,0.49346558602,0.02631467248,1.08859616925,-0.49328271959,0.90311086836,-0.60434603458,-0.01762072329,-0.10398949413
-0.99476241260,-0.63367449170,0.86472379401,-0.23217838029,0.46857687374,0.35970258708,-0.66585646991,-1.69790538788,0.75446142424,-0.83820710599,0.88169156783,-1.82652481144
0.18294171356,0.23951500597,-0.52705340267,0.28045973075,-0.28027594004,0.43445925948,-1.68304188724,1.26672134560,-1.60267833797,-1.55060655066,-0.01447685057,0.05370120323
0.67539332294,0.17024347117,-1.20058225539,-0.23198232982,-0.82046751888,0.12354905491,1.48186514832,-1.29584245333,0.82295831004,0.00664699537,1.00184216139,0.19968023103
0.59954176866,0.03294763466,1.47412475174,1.12787317763,0.65111102542,0.49809884042,-1.43767596940,-0.68403583150,0.53682333824,-0.36462533379,0.39339221936,0.40929243767
-1.02388971198,0.51098656304,0.94917937138,-0.07285915146,-0.27070353879,-1.82303925493,1.25310318788,0.49030043666,0.66205124958,0.02853543855,0.07416468145,-1.05060847287
-0.41631940103,0.65380025511,-0.82132574049,-1.38444960680,0.35319616661,-0.66447381150,0.69588389677,1.11880152209,-1.76262164423,0.30661668905,0.23700582195,0.65724752746
1.23377779835,-0.57136453561,0.15630542402,-0.32065247296,-1.17794565800,0.01169310889,0.24416368673,0.22243876052,-0.42523162562,1.49219620529,-0.27321300149,0.26756379391
0.48993059151,-0.44245604106,-1.14248806401,0.85127174810,0.74693203344,1.33739524853,0.53743364805,-1.43350061464,0.01082678672,-0.04562622700,-0.66192364251,0.36347684567
-0.63885076662,0.13017389548,0.37326136132,-2.16306084855,1.75202152771,-0.07020444132,-0.68311522218,-0.01293572623,0.85426896395,1.86690298119,-0.04597044349,0.49961138760
1.00431980755,-0.37134201742,-0.54430260633,0.41901395057,-0.95894390497,1.78229136009,-1.44363868745,-0.66138040164,0.56648114986,2.96585808352,1.09404910305,-0.02516979643
0.31073156288,-0.99571046173,2.34569692598,0.87439655283,0.58404328117,-1.15452848925,0.16163101410,-0.08181062325,-0.29104833690,0.89262087700,-1.09413804561,0.02985027181
0.52963679095,-0.65011232833,0.99230182244,-0.38577126405,-2.38212263297,-0.26795359291,-0.68630223802,-0.54534931149,-0.36551132643,0.73605857391,0.68769638265,-1.31321617957
1.25808453901,-1.12458091028,-0.96396241306,1.25042639271,1.08568079477,-1.10483066517,0.19269172409,-0.71095629807,-0.33939414774,-0.77560705278,1.86881894328,2.14310752610
0.93949937162,1.16092568201,1.34191472709,0.39468552313,-0.98484829931,0.64074818897,1.23901685438,-1.39185693331,0.44984074321,-1.07628197776,-0.32628506935,-0.80993670213
0.11440924966,0.11734770692,0.83575735273,0.98534791614,-1.46862925352,-0.49139496843,0.41460709328,0.15264653293,1.39879930449,0.44989490579,-0.85101985244,-0.70264599254
-0.39796343715,-0.09755710736,-0.25101793807,0.67507166034,0.14847516282,-0.20275930806,-0.32886433781,-0.59537592063,-0.35065776081,-2.09061225546,0.63342417629,-0.10633704677
1.15570436870,0.69798696509,0.89611470243,0.11120104984,0.62300387612,-0.05489215568,-0.59840159299,0.14770075651,1.32622222291,0.00093639398,0.25790432630,1.25939460603
-0.34733160445,-0.60034212509,0.97099866924,-0.72316514945,-0.71876727381,-0.71451114586,0.87575526555,-1.77543736271,0.74838457092,1.58651077856,1.61717920835,-0.86039775485
-0.39445885502,-0.39518533840,-0.99291788238,0.29295026542,-0.25134365016,0.08277145371,0.88270500979,0.46312918957,0.79873923862,0.89029046627,-0.79339818955,0.02631516210
0.35552147379,-1.17819597098,-0.44366716937,-0.64993568169,1.99299615736,-0.33183882462,0.88516301908,-1.37458164851,-0.12399027577,-1.16438480415,-0.06120273157,0.60561050971
-0.80168776442,0.81324065596,-0.10871465647,-0.18872832195,-0.02893258410,-0.91118182963,0.84308428254,0.69401850253,0.46552875430,-0.31386375990,-0.15536296469,0.12608648616
1.35388249842,0.56745167479,-1.85955641912,0.53239204499,-0.60287545817,1.46126637077,0.39742709206,-0.19866060007,-0.23074505955,-0.03653611489,0.20783919338,0.81131551883
0.86114315258,-0.76952883953,-0.88615233458,-0.19636497896,-0.28581468239,1.50941247046,-0.31884689824,-2.07571647306,-0.26404618419,0.70157296963,1.18450333770,-0.38945862307
-0.26322154354,-0.01231716329,1.69014065272,-0.75853284450,1.54733337308,-0.78690361047,-0.47046985162,-0.47402213592,0.12795929011,-1.36944572476,0.11013936465,0.10175426868
0.85772095729,0.13699097377,2.15239467154,-0.96547357303,-1.12726527625,-0.55102691110,1.57494675714,-1.24411856795,-0.61164090395,1.34350000819,-0.21268852052,-0.50439145584
-0.28432907025,-0.73588139024,-0.21053108296,0.28024506815,-0.26155636861,-0.90801819351,0.66761391345,1.17402935955,-0.71704106243,1.84027453473,-0.41090201663,0.35423677284
0.41855015373,0.45761785814,0.61839831166,-0.04517584252,-0.22098520467,-1.20034661870,1.67914839980,0.44522558904,0.74928601392,-0.97507748797,-1.21562702490,-0.06592899850
-0.68137944909,0.01723728658,-0.61938961442,0.47369995787,0.34398658824,-0.50391841983,-0.00691842930,-0.24896252087,1.71258759876,1.17103494796,1.79923371965,0.14745042267
-0.57579898460,1.30346949728,0.12198042033,1.04636002077,0.14956819516,0.35447300701,-0.63182806819,0.52773197485,0.28607560123,0.64311912947,0.61182189091,0.70018701821
-1.34062690283,-0.71722503589,1.14037263658,-0.46400327366,1.51293353648,-1.43768318108,-0.08184739461,-1.00487599400,-0.31761054773,-0.63554208966,1.13671014891,-0.49300410821
-0.02917045680,-0.17066216825,-0.33574987738,0.70788499915,-0.63031270114,1.45400624374,-1.30949747552,-0.90591083003,-0.51343952373,1.66891192725,1.02247509697,-0.42024317138
0.32709446646,-0.80995133268,0.23291606680,-0.39969182834,-0.48575517641,-1.08321153529,-0.41689182837,0.32885887099,0.67238796614,0.92896982443,1.12316346301,-0.05602445115
-0.83742059229,-0.09960296364,1.11328127348,1.25484612808,1.57192709926,-1.01646344648,-0.30103164561,1.22731180486,-1.08941222854,0.87228373622,-0.47032624117,1.78813851511
-1.09805586385,-1.40650719135,-0.87958903068,-0.80543706077,-1.30108734020,0.15959481963,-1.49321457038,0.72247588198,-0.02630826910,-0.28740705624,0.69960282890,-2.38637928992
-1.57503259013,0.55772949689,0.69171933395,1.36824167855,1.61811218585,0.26140192645,0.15111986802,-0.36533745528,-0.54340930925,-0.56769945953,-1.09926847634,0.48028237406
-0.10794731934,-0.40686477401,-0.65086545660,-0.12094054664,-0.69227470234,0.41520758405,0.87033494055,-0.41742097696,1.17766362042,0.85426272842,-0.43018290999,-0.69912391365
-0.19768292629,-0.51578140653,1.35770379657,-0.95922296058,1.10768252388,-1.10647157904,1.15819822361,-1.20086745111,-0.71800405949,1.48711519204,0.62771600667,1.04660990880
-0.26846142782,-0.33053390245,0.16421360861,0.29156825315,-1.18070885420,0.57735356827,1.53107256650,-1.82901345456,-0.74986326096,0.86224254641,-0.29512011901,-1.66161889707
0.58186214431,0.39332803134,-0.06948523786,-1.42575085556,-1.44927355961,-0.06658229222,-0.11943291007,0.07094136191,2.06960436966,-0.55630313136,0.39028268173,-1.35987237564
1.52237801237,0.50945936580,0.61914028222,-0.34610953518,0.05645542029,0.95505238191,-0.84108174168,-0.41605405032,-0.64389433392,-0.31857917203,-0.17027767132,0.93827829195
-0.25012955454,0.13530754465,-1.11381800363,-0.62428430475,0.77458407571,0.09825366003,0.61146645769,1.17062941892,0.69608481856,-0.52522264413,-1.29606223935,0.62435476150
-1.45424847911,1.04234930022,-0.57782978476,0.82036967104,0.21389964593,-0.69783766941,0.14380054795,0.40359257338,-1.06893470005,-1.10691614810,1.02708557575,0.25558498648
0.73448591051,1.15433482993,-1.18879191567,0.21534458311,-0.34409020840,-0.06188858446,0.06954645278,1.80168964188,-1.23471283465,-1.62475283186,0.07688079986,0.45125214007
-0.65029319672,1.46386057112,-0.57653227799,1.05557769678,-0.53177253373,1.35199200725,-0.16987729487,-0.40705562920,-0.38082294342,0.04707240629,0.29445614546,-0.00875138547
-0.09611890907,-0.41756153572,1.82370696010,0.15054637584,-0.78957277461,-0.81015852035,1.85594641934,-0.30168770679,1.86497684501,0.18035872473,-1.19526123725,-2.33438378329
-0.24869229142,0.48561185544,0.29831042861,-0.55804799093,0.16582640309,0.20665434398,0.61862822585,-1.03766161985,0.06868676661,-0.67787159230,0.31816643348,-0.27068144890
-0.74820359908,0.21753139522,-0.62272919662,0.20837476158,-0.12780025115,0.94856810973,-0.37681715472,-0.60071532131,-0.53173730053,-1.21042216075,-0.35803008223,-0.30877206197
0.07239416560,0.81785629124,2.35494405180,-0.59220134817,1.66938856592,0.10391692401,-0.44723254926,-0.00287101586,-0.20391326864,-1.58373929156,-1.82958553142,0.23272321636
-0.02164263152,-0.78135119611,-2.60540744256,-0.55086197227,-0.31899836863,1.46804036576,-0.51624656821,0.00111614019,-0.00612297764,-0.32832921172,0.09531308151,-0.48595367983
-0.54024827095,-0.72405720353,-0.34319023623,-2.07661062407,0.84902429380,0.25703224198,-1.09817527440,-0.14003769158,0.01909940975,-1.23787649282,0.69515544133,-1.16111721449
-2.79561765832,1.54174154762,-0.26675039097,0.53222313861,0.56552627541,0.52163043120,-0.67821535681,0.33456686799,0.34003090631,-0.02770641178,0.22571743505,-1.00885946752
0.46149517562,0.57933275365,0.55966104025,0.28007550003,0.78240348179,0.85012502575,0.19234585473,-0.27242377539,-0.07362294930,1.60136775073,-0.35068396432,1.02267933674
-0.66243624028,0.93554799596,-0.22854195981,-0.74064109260,0.45979349903,0.60070126401,-1.22513321210,0.81947088801,0.27426072390,0.90385420507,-0.20752818041,0.48796148183
-1.39614662270,-0.52042171038,-1.36411865359,1.51718207949,2.01286050735,-0.18771116724,0.52685424407,-0.78719241288,-0.47490147756,-0.28061228816,0.26571737374,1.12354487081
0.19309638648,0.40800953856,-0.05189051446,-1.20304082250,0.17612413866,-2.17946197472,1.77220412649,0.37416446132,1.14272978216,-2.00678928184,0.96033457601,-1.26494450600
-0.77123603457,0.73362664568,-1.24368403848,0.32623820092,-0.80063304302,-1.08608807735,1.30240980253,0.31971171884,1.02485909261,-0.17202286123,1.17173032138,-0.33792988441
0.04791632510,0.08524538926,-0.06959907839,0.11357510906,1.00944630435,1.65624581418,-0.72930941719,-0.19090271125,-0.76581029792,2.82252231808,0.08031757662,1.11228582997
-1.94131408981,-0.01266050241,0.70787361373,0.54773191909,0.61933909657,-0.87013293321,0.95709060428,-1.05306169452,-0.61058562329,0.29483162561,0.53742489400,-0.46320678007
-2.34504790595,0.93593601041,-1.71832956121,-0.94401544392,0.70432067791,0.23203422947,-1.83613581720,1.34072465591,1.12234912940,0.39839341309,1.37556804189,-1.00599284142
-1.17090287233,-1.61810439271,-1.00265866527,1.61992144565,0.50148581017,-0.09806626659,-2.19514638389,0.26705291938,-0.51766952572,-1.86234842194,0.91659438088,-0.98530663770
0.49061277555,-1.56839175265,0.62492989082,0.19949719994,0.04982962808,-0.19841528928,-0.85450484808,0.32731849618,-0.52480245889,0.28099289857,-1.29330595914,-0.24262409846
-0.31302133185,0.95476752627,-1.82884462325,-0.53055985558,-1.51146722620,0.23550387224,0.35750435249,1.20617002939,0.21604272407,-0.56052785759,-0.25782668257,-0.54078603112
0.95508507344,0.01915424765,-0.28981230809,-0.47138135132,-0.49225018828,0.34021932215,-1.00909993855,0.19060064134,0.92991495357,-0.88364696845,0.43337338398,0.18874623509
1.63998704078,-0.72188326461,-0.44048705381,-0.36860845668,0.85652061836,-0.71956410864,1.35271020366,-1.23420315803,-0.75548050417,-1.53774370517,0.39172794049,0.93201851647
-1.25287208387,-1.71290263297,-1.40283331803,1.41550747780,-0.02052917121,-0.33437284641,-1.28578514051,0.93954371407,-0.64483341639,-1.35413062582,-0.70615461823,-1.11057786784
0.55260689484,-0.13871010696,-1.55347264879,0.11559659548,-1.09090460363,0.71332844540,0.40594365706,0.28616577942,-0.92480444705,0.47068975821,-0.47157058557,-0.07286276668
-0.21494840246,-1.20188126481,0.67536249770,0.74869542631,0.85470117882,-0.95136500986,0.16696693243,-0.33288477015,0.61347383352,1.81210242432,0.48226847355,0.31096073965
-1.23416144461,-0.41223706830,-0.02142363331,1.21140707529,1.32817744597,-1.07064925585,-0.76776902554,-0.02167134699,0.19462098183,-2.30052437884,0.77434790616,0.10861485605
0.28218100473,-1.12015268265,-1.24685601618,-1.65908682476,0.74597963256,0.04596012746,-1.56533812450,0.59617871941,-0.68014521033,-1.51978486283,2.03557954778,-0.76991136022
-0.68286889585,0.32153159264,1.22427510043,-0.95817622094,0.22882306576,-0.52123257240,-0.22536518635,0.01271876970,-0.50934835855,-2.02597783418,-0.43802343901,-0.78218095710
-0.30465508754,-0.58740284708,-1.75085879291,-0.39363153195,-0.37382076977,-1.15750830896,-0.44685953860,2.89204925488,0.51285249653,0.60312576799,-0.27437295741,-0.13104303207
-0.85249472878,1.66645464157,0.21328204116,-0.68933487175,0.05811324602,1.38180087929,-0.57586750262,-0.25861149157,-0.69065425829,-1.25945415096,-0.47928517251,-0.35269852909
-1.89983949902,-0.30088122584,-1.72104758285,0.89500786958,0.25166384303,1.20678680088,0.48395010998,-0.89557310916,0.50646798159,0.19188425239,-0.40931587033,-1.33193154016
1.52888284492,-1.62717669220,-0.74424707526,0.59265974083,0.69734476838,-0.19084655641,1.17752016736,-1.35451848608,-0.19269691714,0.01329522979,-0.05382535210,0.54325782806
-0.38738833219,2.12817289348,-0.02104462032,-1.19739680816,0.91161745658,1.20676171581,0.10967123655,0.27592335618,0.28776006161,-0.31350275483,-0.98332887156,0.19286700477
0.19724346371,0.15858920188,-0.13277943474,-2.16150992203,0.01347350458,-0.16414185882,0.49345308032,0.00105236481,1.05557540526,0.14329062813,-0.47405020262,-0.56662723269
1.22975891752,1.59359625373,0.23827953863,-1.51430116841,0.45028988495,0.06331453853,-1.02623168071,1.38241140796,0.11984663327,-1.23055788771,-0.03821419728,0.86894313531
1.23752329881,0.85621122402,0.22667304130,1.49353567688,1.43850917019,2.17345836652,0.28810566522,-0.56966646973,-0.95842609992,-0.86790584099,-2.64772164272,0.47852743994
0.20392203580,-1.23832849526,-0.14408439326,-1.09228352607,1.21059167851,0.51163096697,-0.05313693887,-0.22946486997,0.61131104991,0.72945367819,-1.59989966620,-0.06129327457
-1.57450240006,1.58116389124,1.36385178958,0.51206469143,-0.36754684267,0.02293035224,0.87546617116,0.51904542931,-1.15318893207,0.34909662748,-1.74178056200,-0.77583770004
-1.23375257330,0.41783863731,0.14970560683,0.71030612942,-1.06883425003,-1.36553209535,0.74947659533,-0.05894840177,-0.57698570750,-0.86568036534,0.83771454024,-0.66583828822
-1.32739630309,-0.39535234395,-0.69195081032,1.49593242338,-0.26975147373,-1.19146900673,0.42680663491,0.33138968777,-0.10646064493,0.93371884352,1.21482610627,-0.15682633962
-1.67821037034,-0.94409806934,0.14267796615,-1.10294202900,1.80239442433,0.26088773837,-0.17946611736,-1.23776028842,0.00896507992,-0.45833867783,-0.49897824466,-1.29076655736
-0.54855654265,0.36605991681,-1.67456869300,0.88301290307,-0.53637953922,0.51381718383,-0.68751980094,1.99447419760,0.18522901631,-0.47864448279,-0.71107550934,-0.07309171163
-0.34094383623,0.44612514757,-1.35193866656,1.38866461978,-0.35802455505,0.41805065172,0.40404516317,0.19558902763,-0.10716866075,-0.21023606004,-0.11690132585,0.25116338641
-0.03787544281,-1.50630657155,-0.31239518912,-0.30424179860,1.17122442000,-0.32150119471,-0.05732769062,0.00980339802,0.70431806391,-1.30978645007,-0.85503590674,0.07890708528
0.68383278953,-1.91705174787,0.50498362818,0.31155558571,0.66750956158,-1.29191235079,-0.70515725374,-0.12603565605,0.72320336540,0.11726548319,0.97964823272,0.24219777731
-0.65376214707,1.03655120700,-1.72556947388,1.86022756254,-0.80740550090,0.30743683093,1.92782347176,0.20285380871,0.79299561255,0.32550784257,-0.93505303482,-0.05427145281
0.32516310729,0.48550616847,1.19616863873,0.27991013792,-0.17718171932,-0.37501183432,-0.90686696789,-0.31152470187,0.12374602982,0.51432260025,1.42243816373,0.73571568902
1.49990310069,-1.80760217269,-0.44522960819,-0.17670786187,0.52936183764,-0.63893825876,0.22304318285,-1.10154562930,0.32571773321,-0.08523966146,1.37528280164,0.34955546431
-0.18235781940,0.91955743813,1.54567462412,-0.48752530403,0.08565046877,-0.78047513725,-0.33129884255,0.56428808300,-1.50369397657,0.00537478255,0.16406410870,0.85742819661
0.44095155123,0.75951761045,1.72510562465,0.38487744194,-0.23107941289,-0.47589398794,1.38310106097,-0.04463309420,-1.70327715044,-0.22141187944,-1.34607893610,0.30103393776
-0.62874371037,-0.87132270608,-0.67513265635,-0.36002489862,0.86019562975,-0.17731813204,-0.72311406782,-0.43083070712,-0.30659094680,-0.19788203240,1.37361378636,0.06740974704
-0.24808140902,-2.17282180686,-0.39581306042,0.06313304443,1.23353176838,-0.46811050713,-0.88381033193,-0.82475815011,0.04495891010,-0.00606577228,1.60435180773,-0.42635589040
0.07256267150,-0.65984795304,-0.30312290150,-0.19789463895,1.31193677051,-1.17685043597,-0.47036886891,0.23883518327,0.20254835225,-1.49205170762,1.20215468308,0.55246266792
-1.92161583772,-0.10872939939,0.17998097784,0.20159382000,0.01851655598,-0.58136509997,-0.76422263299,0.64432014174,0.26324467921,0.36626836420,0.19592152012,-1.05840817202
0.15885755231,-0.24005930438,-1.25481491817,-0.07627606997,-0.18673621614,0.01588876316,-0.32504838648,0.57396970385,-1.56285687337,-0.51079991165,0.44678089083,0.26536965384
0.21767032352,-0.53993230094,0.48102323042,-0.11630379250,0.97601304043,-0.28531245690,0.03122180139,-0.38112599247,-0.38013765388,-0.48331601639,-0.37536009291,0.56492728855
0.14056995004,1.03541245279,-0.27375450662,0.25425997138,0.07456341811,-0.16818314820,-0.65911420192,1.30517526346,2.03094519327,0.85445371969,0.00041304156,1.22056654886
-0.28454900600,-0.29043284616,0.96948277210,0.77855356192,-0.72210490818,-0.55020559134,0.72735817585,-1.09959869682,-0.18724906817,1.23303048520,0.95317488402,-0.29289866911
0.44840616083,1.05420948095,0.38569217817,-0.55387060778,0.73098368865,0.71808828115,0.35704444873,0.07972568419,-1.89180531071,-1.51904981810,-1.26898438895,0.41964039305
-0.56407026374,1.93357775026,-0.17899487027,1.93303565669,-0.21973838893,-0.77978217725,1.07457704513,-0.55492246734,1.77208884620,0.55430516385,3.10879102326,0.15276335190
-0.59884655835,-0.04993319950,-0.29796752022,0.35532309284,-0.78514945297,0.15240209485,-0.32376859004,0.26106520287,-0.28941285890,0.79643302287,0.02236707486,-0.34683533112
0.53065178776,0.23520884006,0.12888909841,-1.45987612248,-1.01155451625,-0.36675695378,-0.40309086128,0.18016767759,-0.70500712785,-0.41439267950,0.49145654149,-0.46002721443
-0.58608136366,0.64384672807,-0.51180492898,-1.05153587952,0.56401251424,0.13420682696,-0.32002095310,-0.38910634200,0.40754039879,0.09157082415,1.20979473608,0.43778838621
-0.33574312424,-1.02293516131,0.38129084046,1.89720755834,0.37981170335,-0.89492617772,0.75833076189,0.77276820175,-0.32528196639,2.54715984626,-0.39662306295,0.85207233004
-0.27946065106,0.59246521656,2.43535743414,0.73078836355,1.10195143189,-0.72815854577,-0.85594961495,0.01990828705,-0.50298039665,0.19512378789,0.16900629179,0.94605881656
0.80725934527,-1.31852621536,-0.04323330523,0.44246765877,-2.03255995528,0.31291923971,-2.27024582209,0.80386156406,0.17798860635,0.19456457732,-0.06311068593,-0.91296737124
0.78519412287,0.13033338855,-0.58049399145,-0.37085154189,-0.46215043968,0.38652256724,-0.87598823052,0.11851698648,-0.58971877044,0.33066892162,0.91702446780,0.88131490114
1.00214398618,-0.00198321750,-0.71518072882,2.36695504568,-1.00977138210,0.50126321602,-0.11463202136,-0.42276112499,0.94183240984,0.61913155850,0.48865047501,0.59451913528
-0.74109115445,0.86461114648,-0.49825987125,0.62397579910,-0.07175519890,1.14822142076,-0.15987436265,-0.86554051796,-1.79521924215,-0.98265980530,0.23033730699,0.16565911456
1.12130127341,-0.21841970353,1.32193242324,-2.11057530344,-0.73264511802,-0.35067644361,-0.27685892603,0.28438541866,-0.25094225117,1.87288948833,-1.03509994175,-0.48165786244
0.26804754934,-0.24582400434,0.94340212824,-0.62690465358,-0.58770778259,-1.15449319549,0.63404309423,-0.15389997748,-2.31797385453,-0.27578062017,0.39297429828,0.47191445975
1.04473457823,-0.09088227839,0.56975093613,-0.90662902407,-0.47583668024,-0.96409376074,0.61510321360,-0.17623814482,0.69092510127,-0.59135411376,0.49983681513,-0.49746404490
0.19671657290,-0.56813697417,-0.27687583753,0.52252127821,-0.75007046640,-0.22724961849,0.18289830654,0.51787195124,1.21443185298,-1.74941137620,-2.69142658774,0.44753182187
-0.73817941226,1.80325104020,1.18800612582,1.82388037147,0.62054518691,0.59764415210,-0.70629221928,0.67559036944,0.74057733108,1.54188963452,-0.47155261870,0.11228812174
-0.30077886673,-1.10634525456,-0.46944534109,-1.15367152403,1.95604271599,0.25303421579,0.79298610896,-1.76222898259,0.12246497181,0.07757331594,0.13765190604,0.21852665945
-0.32728046131,-0.24834231398,0.73133330582,1.84305079045,0.20468284169,-0.21566486657,-0.39062418332,-0.14274771009,0.74847961701,-0.17638214877,-0.69957465164,0.13987067289
-0.94493683830,0.53259603975,-0.47101155692,-1.31971883210,-0.46848039021,0.76922808447,-0.89861379102,0.78309494757,1.26034462196,1.30529767798,-1.28438320506,-0.60242287711
-0.78784489082,1.06824849983,0.58280680509,1.78214957699,0.61592039872,0.82694674673,-1.09569869432,0.55805026005,-0.09116358183,-0.41067521232,-0.83295583290,0.23288598168
0.34444121169,0.03574348350,1.28762261469,0.75917792069,0.98725589123,0.68998808753,-1.01462264019,-0.85575226696,-0.65265612424,1.56567232520,0.64892083610,1.22289849615
-0.65916417053,-1.04750815356,0.33894322592,-0.06818397979,-0.13819257697,0.80604415547,-1.68407073893,-0.01226721877,1.19623655615,-0.94753786014,-1.06937894822,-0.81625374297
-1.31070118210,1.80380559478,1.43826925325,0.53684752458,-0.21430751721,0.49903414373,-1.31178659292,0.58136307098,-1.32373634346,0.82800857951,0.33727078720,-0.31081340250
0.27637949926,0.66427801218,0.35848713577,1.13370438314,-0.52708449656,0.26458843212,1.38873139239,-0.69060657768,0.43933793095,1.05731718315,-0.28509188843,0.17266223157
-1.10892262701,-0.04759494471,1.56599326009,1.56922907928,-0.27894033474,-1.56409693412,0.32012765100,-0.82316271784,-0.33469327764,-0.48531247100,1.18363456357,-0.59478081492
0.09774061426,-1.27066465645,-2.05428625003,0.94615402764,0.15035692471,0.02155250994,-0.41980775310,2.24698401365,-0.49776490873,0.48115619575,-0.84131374792,0.21749057869
0.68699286193,0.16135260450,0.39282795425,0.38279037156,-0.69174876965,0.38130312581,-0.54545801506,-0.53766650857,-0.44535877508,0.34053454426,0.63246340637,0.51369841598
-1.91853479358,-0.88783743301,0.91752795193,0.18191081398,0.10294354024,-1.70681739127,2.08733139177,-1.57479178346,-2.01820907046,1.09587710740,1.34220939414,-0.23469021587
1.45763898834,0.19871131951,0.04796527621,0.20641821119,-1.25440226939,0.54752299359,0.29228365088,-0.32513340282,-0.69338530944,0.74996133603,-0.34257547744,0.44621306737
-0.69928278731,0.60027392449,-1.78203861251,-0.59577964178,-2.35914332728,-0.23307686201,1.09178141339,-0.54521543682,-1.65242283411,0.01233935578,1.58012427557,-0.32126842442
-1.05811051277,-0.70607715733,-0.60103272729,0.02205003829,-0.16439753907,-0.45661219146,-0.10695683074,0.39231010759,-0.39432877782,-0.57253967923,0.01961850018,-1.01274040270
0.57619063682,-0.75363094884,-0.71536351759,-0.11875948126,-0.54341710109,0.31003019728,0.75536873713,0.95092457465,-0.24342304015,1.97862497616,-1.13836954809,0.15773007730
-0.06237354387,-0.37428360283,0.31890984032,0.08472509553,-1.10634445673,0.35787837723,0.07624654598,-0.96575920817,-1.05349659475,-0.76975777695,-0.32753141031,-0.93134282302
-1.18751960296,-0.68568247242,0.86367323901,0.76902931187,0.50022300139,0.52995696007,0.21485981251,-1.26094965403,-0.39008872508,2.07989707375,0.08267580243,-1.42723150261
0.98345419086,0.05417917483,0.64884832303,0.31695363950,0.78844321963,-1.21497412912,1.15298169069,0.06240699740,1.28329493788,-1.15253975439,-0.35194143814,0.77874474527
1.33787360703,0.34376937253,0.24720996551,-1.58135356539,-1.08416055099,-1.01273024546,1.12977994350,1.34578951573,-0.75774456724,-0.21476462767,-1.75789271150,-0.49540396682
-1.32100264953,0.39083360807,1.58516174914,0.57405164406,-1.08389427449,-0.83384788809,0.00362110839,-0.30600464866,-0.32031481927,0.38368931661,0.49171256862,-1.26772612052
-0.68659959516,1.30289835750,-0.40085510279,0.94318498183,0.05805682491,1.32691952728,-0.94874506608,0.34491506920,-0.35637102028,-0.85335082942,-0.22905350561,0.12527376847
0.65502930686,0.83414034778,-0.46197705581,-1.57344529848,1.24291192371,-0.05204942829,-0.39859187695,1.04870607518,0.46503683838,-0.17678856060,0.12209064089,1.38152839072
-0.60116578503,-0.71251040498,-0.19945065806,0.09413761040,0.19930856299,0.12804566714,-0.62559493073,0.39033270070,-3.17737110999,0.51210989010,0.23700892392,0.36978919694
0.38581692673,-0.39807640527,-0.62726978455,0.39916009961,-0.99975753304,0.20789188013,1.00918184020,-1.60889593214,-0.75872375146,0.34851504363,0.97182261434,0.04446221578
-1.65394418049,-0.60948595013,-0.28406794169,-1.35300816957,1.01171040337,-1.00439334670,-0.42858658821,0.54115354211,-0.24750702371,1.32604208336,1.22659061030,-0.20348271948
-0.55562004870,-1.09783757346,0.29335622424,-1.60996305914,1.09660623221,-0.55396231258,-0.82037644432,-0.61228603585,-0.83581305439,1.50010478532,1.55181436228,0.81399896766
0.22129351297,1.11085071779,0.83584171494,-0.01055416033,-0.71091625009,-0.38831918071,-0.66279085961,0.77725137653,0.40852310498,0.04880473594,0.27830240256,0.36561942922
0.56614370963,0.31189778836,1.16883668242,1.07219415040,-0.49221103134,-1.32077169131,-0.58901921221,0.89457018081,1.67597522597,0.13653739117,0.28056862830,0.29596691433
-2.23469860274,1.83801024080,-1.85808440908,-0.88300259328,0.45919627851,0.19405141674,0.66208788498,2.23063937112,0.47906381289,1.33674541495,-0.93221148552,-0.53596348025
0.09834220801,-0.36397238760,0.40158244973,0.06967439137,1.07841066048,0.45897915216,-0.24173070806,-0.82828239587,0.68800561636,0.02219687006,-0.27702904850,0.23334162540
-0.39885174978,0.17679650601,-0.22248754275,0.54106201069,-0.37693411313,0.18501663646,0.61990207231,-0.64545138475,-0.85246043202,0.16334790994,-0.00265232617,0.07751161840
0.60604886178,-0.06350840249,-1.51000452605,0.03933676555,-0.92427456049,1.91467557825,-1.31114565783,0.62664622474,-1.11095431085,0.55368747403,-0.86519624484,-0.26762644139
0.48084761896,-0.74068848781,0.04247267155,-0.55029523968,0.83835432980,-0.36335155795,-0.29306747223,0.05842501139,-0.65813197836,0.36884100592,0.40164521585,1.09852372447
0.42433711589,-0.08246918813,0.10394432469,-1.00156257416,-0.08026250211,-0.15896091354,-0.74034794069,0.17198451891,-0.80479266197,-0.95583471292,0.31617768982,-0.07455516925
1.08549246150,1.53889438061,0.59911273594,-1.72833745498,-0.69247543890,-0.62967595216,0.40216581038,1.41802923346,-0.37804581158,0.51005000466,-0.82552683900,0.65499166933
0.19457832889,0.01907821245,-1.03319045576,1.34034089761,0.40521982645,-0.15085471105,-0.92695148425,1.10736066689,-0.67700708209,-2.42780016720,-0.33669639289,0.80487026494
0.91199959001,-0.95317485400,-2.53086285420,-0.24511644342,0.61312382570,0.49326478743,0.76280689076,0.47229919391,-0.93907432723,-0.62079834992,-0.68399814867,0.33382553953
-0.14055223717,0.25918905047,1.09940531139,-0.17195815685,-0.66780561262,0.07318271949,-0.25823255227,-0.31287458480,0.57841865522,-0.37337948872,-0.35892836422,-0.91010098896
-0.03766629665,-0.09650329625,-0.99618235804,0.09492567802,0.29453172180,0.90739690689,-1.73213087252,0.76258138240,2.28512550629,1.31308764232,0.23926258789,0.77640139173
0.73509463299,0.50664109297,0.13619321211,0.34318212450,-0.09135886508,-0.82547252437,-0.27202333149,0.61707991336,0.34445638919,-1.07314319782,0.87289975781,0.94466736824
-2.17683374013,-2.02931447816,-1.84657794963,-0.16710788385,1.49949516099,-0.31116579187,-1.36304541443,1.13846287383,0.17834700623,-0.40740886602,0.54252557296,-1.29154356306
-1.67023196827,1.26454721390,0.65467465564,0.73151711573,-0.17535064030,-0.02022610131,0.57227377515,0.58770791996,-0.01145737349,1.24543429899,-1.01765252846,-0.59786220417
-0.26781581918,-0.74005215573,0.25440179735,0.06790212805,0.44489444682,0.31407967549,0.46959889273,-1.68365450821,-0.95020029444,-0.17943206978,0.39622243709,-0.26206735649
-0.71631241922,0.60964427944,-0.24339886425,-0.64150238468,0.79277038211,0.09016415456,0.16636549296,0.91120505587,0.04442757019,0.46659646490,-0.97855548746,0.36788908809
0.72305209828,-1.08405915417,0.26855870441,-0.29578066149,-0.58113631701,-0.06886109170,-0.69353599235,0.53157701063,-0.02733880220,-0.04127395058,-1.10588226431,-0.24891994223
1.04193637669,0.00542480358,1.34332224992,-1.94224098711,1.23464057652,-0.98555637633,-0.87055967552,0.28062314428,0.68218341925,0.70927469415,0.14501453602,0.68341603105
1.35505098811,1.78187091786,1.58897805737,0.74257386446,-2.02088511313,0.30056934946,0.08907811415,-0.43425100782,-0.64260969616,0.38622231146,0.75172059235,0.73389547296
0.06910493514,1.05425067301,1.71785382308,0.22778547643,0.18604596109,0.64312444005,-0.08604213283,0.60267048946,-0.60498704973,0.97521536504,-2.33901714997,0.14133747514
-0.24947962483,-0.58024234501,1.20323743436,0.87731856197,0.52482511442,-0.72037775498,0.35757698104,-0.30768061731,-0.25767360605,0.89083639858,-0.42777301994,0.16125631090
0.00964206506,0.80998895233,-0.83595345055,-0.41685533105,-1.54422975426,0.92454932738,-0.33264330761,0.75512112047,-0.52680861704,1.69532058748,-0.26225291589,0.13742501844
1.49192976189,-1.04912871486,-0.28174796614,0.06742483218,-0.08806733424,1.01110233246,0.10847532645,-0.70048135784,0.47856372652,2.17623537205,-0.07229587367,0.42375484739
-1.24526715248,-0.07897001124,-0.25799308498,0.66327828834,0.89204131933,0.04381634205,-0.21324725495,0.53482572155,0.75208195675,0.57662216701,-0.86330713242,0.27361444228
-0.01729780421,0.87372455669,-0.02751508819,-0.02621992670,-0.76004734572,-0.09686232774,-0.11676857165,-0.67808897936,0.21074149081,-0.74966327520,1.51345525831,0.06103317259
-0.33087230143,0.24615353821,1.48086859033,-0.01559091938,-0.88974938084,-0.77344328161,-0.38639964117,0.62821886657,1.02136740855,0.64370262387,-0.41744499743,-0.93458864573
-0.37310082588,-1.74705052270,2.49397639711,1.44151683293,-0.02724012135,-0.76955483508,0.25918233789,-1.03282987321,-0.25766655877,0.37437852390,-0.35491200184,-1.91889344132
-0.44500407467,-0.33514557629,-0.20432864908,2.50882662158,0.49549046922,-0.51602176475,-0.28017072861,-0.86097689559,0.15481701438,-1.14087749381,0.44147103591,0.37180228877
0.41292344111,-1.27451922227,0.11491373477,-0.90665664422,1.27449730422,-0.21678780026,0.31435042823,-0.23584496442,-1.31366616838,0.81850043459,-0.46226119663,0.64519654764
-0.44056820462,-2.20672170448,0.59878542575,1.20283835453,1.46577771934,-1.55981602976,0.11810384536,-1.15590291864,-0.96555920318,0.81034941399,1.35601820893,1.19247420242
-0.23577980510,-0.84397497820,0.74364714347,-1.01083609266,-1.40690438832,-0.67235555318,0.00933758368,1.39960562607,-1.32131595203,-0.36987951522,-2.51508710039,-1.86379752171
0.91241231356,0.72036837997,-0.98837589278,-0.27823156867,-0.22365307316,0.52354017591,1.22290127641,0.37241803329,-1.61420931208,-1.05890803745,-1.24467424972,0.10832744844
0.65351097688,-0.19098430821,-0.37158269623,-1.57361901510,0.45783668833,0.59520060351,0.29963816962,0.24711958408,1.39285341881,1.46175381968,-1.35675346017,0.37128087136
0.22081455056,-0.28060883968,-0.93157945529,-0.45661598567,0.43181541763,0.44225723246,0.68274790995,-0.05916816689,0.21702224608,1.52101698364,0.10651961586,0.94467279937
-0.88732514345,0.52096128535,-0.03588210281,-0.12530125232,-0.52477681460,0.46435918524,-1.00954028776,0.77545454949,-0.60179486893,-0.20231529723,-0.77119941659,-0.37122902096
0.03962334814,0.71371538391,-0.38230420343,0.83548072486,0.69053471655,0.15627493529,2.78293574897,-1.95321098473,1.42879069064,-0.55874254544,0.38694355242,-0.14963870475
-0.66983003313,-0.19354386682,-0.49944557475,-0.19141373001,-0.26301533963,-0.49883295028,1.21907328958,0.16807585508,0.75452808648,-1.78713706624,-1.28386616353,-0.82354289158
-1.97136170138,1.57064708361,-0.81491354979,-1.06008224937,0.99808816231,0.78272591977,-1.38344583044,1.24038616484,1.89918959335,-0.27617820220,-0.99206379544,-0.44631936691
0.63520723938,-0.99449250210,-2.11531961996,0.38209510394,-1.01201385679,1.10832521286,-0.30850502890,1.18272886679,-0.66237243905,1.93851024933,-0.42253606855,0.00442426745
1.57118778149,1.28923125174,-0.79137111145,-1.07089449743,-1.19540444904,0.34170275261,-0.25392002703,0.71342892041,-0.25899589408,-0.98387456769,0.41380712605,0.39562595561
-0.93879404369,-1.07177914839,0.79568121677,0.87452955272,1.19633891724,-1.11122899792,-1.20845486334,0.86272106407,-0.32507893190,0.72284236399,0.01926728940,0.62256287277
0.20462295733,-0.44654484540,-0.98180614699,-0.07596459574,-0.04609273865,-1.18939877607,0.05757481454,1.03920636620,-0.91569655684,0.87482130050,1.57647742030,1.50746334249
0.43789149711,0.09128294563,-0.54459849891,0.98022924662,-1.10028172623,1.11996523021,-0.18019154771,-1.09667845830,0.69390141399,-0.21613012983,0.00635325062,-0.51985285554
-0.99445270694,-0.32474747394,0.52844186484,-0.07154525096,1.43891199623,0.41927324888,-1.21896223607,0.75428741442,0.46524366077,-0.69479588036,-2.33752628909,0.64720828133
-0.60748049558,-0.29887951594,-0.60380701969,0.61484423428,0.11794287543,1.35100307361,-0.40409828286,-0.63078013492,-0.21912706934,0.97506525710,-0.53022752301,-0.49346276116
-0.13346344231,-0.03260605386,1.29767485770,2.10613042902,0.07099991248,-0.57786565837,-0.91769590340,0.21460795431,0.92539179001,-1.08348105662,-0.17407240954,0.17103128641
0.22446013360,0.47918137240,-0.24753532904,-2.88803336666,0.83102180410,-0.49971352408,-0.14709319899,0.37597022324,0.73372904072,1.89767291691,0.12914579019,0.84058596413
0.44016002279,-0.00400692317,2.19160812754,0.35888297834,-0.66706091231,-0.71189301740,-0.05076141145,-0.71413380116,-0.19859314212,0.51978721007,0.51922273776,-0.23034334108
0.91213511237,-1.16346797608,-0.86014537068,-0.97419377352,0.37443059872,-0.88951317822,1.46870910986,-0.55975554142,0.99949253442,-0.89930981197,0.19280723092,-0.55501155685
-0.38153273675,-0.06797753498,0.92467416542,-1.04857849616,0.13753114037,-0.37005767661,0.68882639183,-0.22287294970,-1.50494474097,-0.43018317388,-1.40184246108,-0.78142697744
-0.13698872626,-1.09925387991,0.36546082801,1.03127786851,-0.31420180285,0.06701157624,-0.75688475303,-0.10063395226,1.52852977775,-0.19388581356,-0.26273518262,-0.55990675638
0.26504899821,1.22821724920,0.99856568437,-1.13614120402,1.24848416657,-0.89445605910,-0.10163794966,0.92953368559,1.67957278076,-0.40548954190,-0.62830196761,0.82028083952
-0.39340446732,0.30760114172,0.52925388446,-0.67161579264,0.66942210748,-0.37440604812,1.35071628758,-1.27778886235,-0.53817975451,0.43076763476,0.70975271792,0.85872352038
0.22390021670,-0.21488277823,-0.50701159116,-0.69979201301,0.99853482484,0.42615364770,1.30530058875,-0.32560071462,-0.19977398162,0.27537517841,-1.18234475083,0.31912664004
-0.84367368705,0.77871028338,0.76635493829,0.27043663374,-0.31977088442,0.88008004764,-0.76056341880,-1.42553535019,0.36773826839,0.04070825233,1.13259238538,-1.11835383711
-0.70163862387,0.71668822113,-0.38086448570,-0.68530168434,-0.72803009297,1.67009930269,1.04190879920,-2.42614198951,0.28541933408,-0.80753509178,0.35913894752,-1.59616245668
1.09267302496,-0.50915364161,-1.00513300696,1.68692160383,0.46887261849,-0.28321200376,0.18839723904,0.45889173244,0.16441599240,-0.05812756971,0.08635362840,1.86628978994
-0.51731258531,-0.50488365614,1.04985857863,-0.69655457201,-1.55214994078,-0.62870388986,-0.04691011004,-0.64442081426,-0.33545519566,1.11672725558,0.75386938636,-1.21378333795
0.15648618335,-0.07018384269,-0.29482631317,-1.76909433806,-0.10596760047,0.91365466118,-1.94828191838,0.74018448800,0.21049297832,1.20491164271,-0.67643485034,-0.04362837528
0.39989709276,-0.35623883212,0.87749451227,1.43858645095,0.21595756641,0.11017117061,0.01919849672,-1.03995146012,-0.28182332909,1.02257779275,0.45667523795,0.53509175155
1.43505007186,-0.25736716987,0.44171690587,-1.33722192411,-0.59442609065,-0.91971217598,1.05990932179,-0.54175397689,-2.40630033911,-0.53029186790,0.70754127432,0.91055449892
1.28687063036,0.32317194609,2.38682329768,-0.22878814257,0.48687183153,-0.53511766603,1.14945334217,-1.40414611329,-0.25875178357,0.89095683327,0.07011962755,0.41933732724
-0.41178994575,1.89084369229,1.02747187149,-0.57713544425,-0.30659380259,1.18307111883,1.79124918989,-1.91500477589,-0.13778735697,-1.00578898052,-0.23606724418,-0.72134717826
-0.00786393684,-0.25606763498,0.31101111580,-0.65381541334,-0.81162738471,-0.87959349110,1.03706863289,0.40968314737,0.65030175726,0.72789047957,-0.47674788972,-0.78671923948
-0.54478055362,0.37798711112,0.32428103690,-0.71810385641,-1.21753520352,-0.03678658273,0.57468570765,-0.44523628401,-0.45388847353,1.09361001771,0.29979566261,-0.65113243097
0.48269510025,0.33845161197,0.25446744049,-0.86891449423,-0.28397559838,-0.61825742656,0.55960108745,1.52668565155,-2.17987566767,0.30665004570,-1.24340266094,0.15686282761
0.13056657975,1.14061635535,0.44266425927,-0.13039090321,-0.96706588051,0.86746496639,1.04724457978,-1.83601753187,-0.46325504757,-0.75301085291,0.37812565248,-0.45483173548
0.37154698088,0.09686928637,0.20713798455,-1.08480276928,1.09828896273,-0.67219686580,0.10878707526,-0.47270367988,0.15238598653,-0.53666729077,1.04071459374,0.84746083471
-0.33089283914,-0.17435459174,-0.04572143635,1.40122002445,1.28541379945,-0.58146056830,-0.30488323005,0.22128523746,0.91533948134,1.26118392491,1.22940295148,1.85993221489
0.33842083448,0.44997868387,-0.51636035777,-1.38103570688,-0.00797565915,-0.04430207700,0.05413297883,0.32971173919,0.17821705529,0.10382951286,0.15773659952,0.41391251494
0.40429924908,-1.48494448623,-0.01249672971,1.46494946266,1.09206746687,-0.72566370559,-0.96220977454,-0.44045926674,1.98199464591,0.82469186789,1.62483614764,0.74856379198
0.24453491408,-0.22166790297,-0.29396795614,-1.09954358609,-0.61372191586,-0.38633888347,0.20708526327,0.48545882315,-0.11120130605,0.14747093945,-0.28011706685,-0.40174933945
-0.34996815665,0.74610786823,-0.68295403849,-2.10094465862,-1.00366539987,1.22934450219,-0.48665847608,-0.17302105613,0.80039575703,0.95015243166,-0.57639320298,-1.09028951824
-0.06759956767,0.39456752381,0.78903714997,-1.28356038781,0.24178440377,-0.67654232830,0.49073117465,0.06489104637,0.52051174219,0.61668891712,-0.12394009633,-0.19190610342
0.27631677134,0.73907255867,-1.80536868010,0.84604757715,-0.75048235223,-0.61510715475,0.61381218473,2.63265530475,-0.99913891787,-1.42933740047,-1.09979682940,-0.12998138937
-1.08837572225,-0.91790410420,-0.60627913188,-0.83796127197,1.32729305796,1.22704580378,-1.64491058956,-0.28707649236,0.72951384297,1.71752581965,-0.00835642154,-0.36561794214
1.82357956862,-2.61245372761,-1.32778065696,-0.12610864970,0.82608146989,-0.41816913243,-0.88346320893,0.83190546165,-0.71267978751,-0.19452505668,-0.41376457245,0.48912728018
-0.62662835013,-2.08059656785,-0.45938248700,0.29697156138,0.50191330741,-0.53593443853,-0.77347421258,0.79383010771,1.19199412828,-1.31369728979,-1.26117750702,-0.12485231832
-0.06272098665,0.32260918873,0.50060210817,-0.37981617250,0.03704302078,-0.92409235785,1.28207052842,-0.29803375102,1.35993416132,-0.18981725484,0.30237958822,-0.61436649248
1.11337187733,0.30633541965,-0.69806627712,1.22021322966,0.14130954159,1.07127221702,-1.67460669802,0.94118547344,0.54008578008,-0.84337971359,0.12482384354,1.11911831139
0.13793041664,-0.93128240223,-1.57206299134,-1.61754905843,0.68800949679,-1.63361830085,0.98943795267,-0.18497171633,1.22945827820,-0.46620209985,1.87765778064,-0.82582461304
0.13302640923,-2.01321464047,-0.40303141608,0.58631198444,-0.71359078827,-1.41836631248,0.67616391795,0.67678708596,2.27161678067,1.06169662276,0.47841753994,-1.18509355303
-0.06514696292,1.52510614113,1.00436240734,0.21268639980,-0.30614343955,0.87221980996,0.18045370755,-0.34263331178,1.44931097147,2.36645128669,0.14325569215,-0.39608849686
0.17950475643,-0.42126480698,0.85268086331,-0.51993304686,-0.88337654379,0.11138256966,-0.53081656135,-0.03156383008,0.83867963937,-0.26595406472,-0.84937866387,-1.02563781086
1.34078328379,-0.69080647796,2.29782451056,-0.16683533980,0.99528446455,0.65482871883,-0.13711550609,-1.15315946574,-1.72497654497,1.47729778862,-1.55357330186,-0.13324398178
-0.69037499540,-0.37104610384,0.91730672463,-0.31964236642,-1.72645019149,-0.66385150845,0.60673507855,-0.94413243383,-1.22770448925,0.78228200886,0.65826827571,-1.09457018070
1.49010171775,-0.87054928148,-0.37543267722,-1.66976701221,-0.44201524942,-1.21164554782,0.92223451493,0.21317233352,-1.29857805448,0.20467332385,0.40792085596,0.08114859720
0.64039125205,-1.01086589541,-0.71151524097,0.04156925030,-0.88370320174,0.11875743151,-0.63847859809,-0.70463755127,-1.41839666956,-0.12060290075,1.17337841760,-0.18759666714
0.04412041757,0.12518739396,0.57767005866,0.26320069348,-0.81397165064,0.06302804751,-1.05878547830,0.28362824114,1.06714454352,-0.07155246370,0.18048230510,-0.41391679352
-1.89779619246,1.84552625427,0.39858052164,0.03172564376,0.47637468668,0.33094186742,0.70310334910,-0.66086320903,0.75627125211,0.20214750596,0.11264682676,-0.61880946120
-0.02881302219,0.21285941268,0.86893773945,-0.09782183670,-1.02219360465,0.21425133774,0.20493295582,-0.90780375905,-0.16245878569,-0.24602165528,0.04683102090,-0.87403616070
-1.00770929494,1.48405277211,-1.32931409856,-0.83300811560,-0.00845545884,0.77795552244,-0.05859029380,0.02574639633,-0.59175473656,-0.55538902715,0.65202892536,0.13459413222
0.79558138968,0.24056985439,0.46099848487,0.51026780562,-0.55336714751,0.42717068568,0.32742824240,-0.26958811141,-0.68379633330,0.77273689760,-0.50292658285,0.51316005600
-0.40214786569,0.51365741092,0.20861678654,-0.31280692639,-1.20185054268,1.32511043465,-1.42293288239,-0.68332113849,-1.31543883183,-1.48805046132,0.58395244290,-1.07637910657
1.47872713837,-2.63066901591,-0.36570820468,-1.56548928057,-0.24746268614,-0.61862267419,0.77211312252,0.22865081287,-0.39355343901,0.40083369264,-0.82300146635,-1.53208037584
-0.82278843646,0.18712762014,0.17774207420,1.41963895518,-0.41186683003,-0.88112275329,-0.40342805324,0.31471420757,-0.83937314090,-0.53313683627,0.75946434386,0.07968772333
0.07705309531,-0.85613780579,-0.15717634406,-0.79866989987,0.39443932727,-0.47577354585,1.31197527249,-0.64709444176,-0.67875762006,-1.11823741403,-0.99333778286,-0.81898890518
-0.65074351677,-1.00493546191,0.29946478731,-0.56444593135,1.91204809909,-0.16398291567,-0.45270135622,-0.93349143158,-0.13017001027,-0.58924808180,0.29684952797,0.14915318917
1.42179372595,-1.68487735725,0.09297858938,-0.40061986715,-0.77651820393,-0.92585851214,-0.64843160585,1.27793154410,1.02364059610,0.07883248995,-0.34833129445,-0.14866329052
0.02893571689,-1.03095989551,-1.34859353791,0.13877931663,-0.91718905589,0.97181123429,-1.49042968188,0.06008488393,-0.16731982881,-0.72216050040,0.46145841768,-0.89056190051
-1.03721465805,2.19655597932,0.14717593973,-0.61799518145,-1.15629288705,-0.17870857887,-0.27854226825,0.69743673682,1.12616007684,-0.12887940653,-0.02366510416,-0.84709376136
1.05230165287,-1.55652418976,-0.66509718043,0.29298072448,-0.28160434474,-0.36955536916,0.53017980827,-0.67843499942,1.03197736303,1.22849191672,1.02716015614,0.07645595488
-0.87625772751,1.06366995619,-0.76516231971,0.84728283933,0.05774333131,1.01315752846,1.47946354300,0.06879146896,-0.52325813870,0.27259343952,-1.51001453635,-0.24352025448
0.07039827001,-1.19581303061,-1.20764636112,-0.01240936629,-0.49598805349,-0.47151972398,-0.84802756879,0.93161295060,0.57780944572,0.19482440707,0.75742399226,-0.36721719036
-0.38910181119,-1.30744032331,0.33773185994,1.11624551341,0.42936372016,-0.68093339956,-0.32496195956,-0.22626064053,-0.20881925961,0.22834657057,0.27330557598,-0.02063205016
-0.75749196206,-0.52609211527,0.97747180534,1.66844800279,1.23553599750,-0.51741694772,0.01006378657,-1.22024074376,1.02905181712,-1.93629274574,-0.08438587102,-0.38811156858
0.16647947399,0.45522142062,-0.43592690283,-0.76804290785,-0.61746995070,0.61141552317,0.88933885601,-1.02592360691,-0.18260315994,0.28661142950,0.20984895839,-0.17374858335
-1.49895178961,0.25477770777,-0.30568795840,0.97668513912,1.26343642805,-1.11219932845,-1.62338824911,0.90153211975,0.85873699582,0.60865914722,2.85160037073,-0.02974255879
