0.60583754141,0.01303866395,0.43162722458,-0.25616567022,0.39087545916,-0.60088190433,1.48791355864,-0.20242090429,0.23382193107,-0.88343805392,-0.89754940712,-0.02438183239
0.65631017773,0.14279641139,0.23122977397,0.62392311161,-0.52561886749,0.32921683129,1.93561825342,-1.55750950056,0.38159612533,0.66573368217,0.02372163382,-0.62392817165
1.03068392368,1.13553791260,0.85433750499,-0.67189496674,1.17789705761,1.06658423531,-2.09143316032,0.57392557145,1.74928838740,1.69865865589,-0.64216181189,0.67410711503
0.30954309718,-0.61153825142,1.00647436183,0.26684557842,-1.42388325426,0.09683084760,0.19756034485,-0.56601531067,-0.28220673811,0.49046345045,-0.36139308272,-1.37674695779
0.84171542598,1.53585128063,0.46151919427,1.12064395068,0.38082141709,0.05262335394,1.03028686431,-0.76848756439,1.49664184030,-1.26910017960,0.92811500607,0.32840312354
-1.60570866575,-0.20517746599,-0.36981830050,0.10908061586,0.76126688580,-0.60729581550,0.42983837319,0.73001596275,-0.03219950989,0.98347643381,-0.20314581701,-0.49645998170
0.56418915990,-0.48001881580,0.99550108439,0.48111495925,1.31574889407,-0.11665433698,-0.31330816836,-0.11640125064,0.66893198350,0.93021861916,-0.47126317378,0.93966550457
-0.68849661462,-0.62780374548,0.64366196074,0.15241879318,0.45295823188,-0.42242581019,0.96430263799,-0.44813965442,0.70297289495,1.43942059000,-0.16740092168,-1.16600214076
0.00456615148,-0.21094028787,0.38832670684,0.58146600397,-0.04664845094,-0.41138929447,-0.34615840933,-0.52857290719,-0.17869837956,-0.57704624552,1.13143175099,-0.04780324632
-0.25247781965,1.03857901973,0.89806345708,0.63888083759,0.59729588016,0.53771349562,-1.73797668683,0.07694933604,0.58221609159,-0.48561775663,0.85919254098,-0.40791433630
1.13983918776,0.38367984709,-0.08091079193,0.57660987639,-0.85966289476,2.09429815874,-1.14208425052,-0.71873815497,0.82371256906,-0.47533658277,-0.77158838849,-0.46958891250
-0.18528389331,0.67332941317,-0.66816331244,0.84117632452,-0.53048412718,0.08060728160,0.14020526167,0.48303261931,0.99736983249,0.15480015009,0.26494249741,0.08379723708
0.74175165282,-0.22583368948,-0.03366231745,0.01133078400,-0.51098009839,-0.31673862565,0.64036401146,0.11636372478,0.51472375164,-0.25986894836,-0.48311119226,-0.06803687318
0.70972068605,0.03599057300,-0.61138762470,1.46362642222,0.06025945144,0.07006663051,1.13741727362,-1.20281578527,0.21720736610,-1.52161558020,-0.08199623067,0.33539531379
1.63975098529,-2.63281206524,-0.73176289645,-0.14625948887,0.86647559142,0.26332757882,-2.10636925550,0.09527945603,0.26221766040,-1.50042758617,0.64834125330,0.25547160019
-1.39645578214,1.85233884750,-0.92226982792,-1.62157274909,0.91140998038,0.46011939844,0.44817128940,0.41478111792,1.40947196556,-0.33777445489,-0.04988216536,-0.49609287789
0.14950571647,-0.65922915213,0.24908494683,1.26184650302,-0.63072297528,-0.55076550423,-0.54789631765,-0.18368248109,0.09615180131,-0.09419186505,1.11342003970,-0.40654208006
-1.97949966563,1.42090434488,-0.00599495578,-0.20044539417,2.22479956329,-0.06377919272,0.70186052512,0.82860480650,1.01537820948,0.99201003043,-0.86457090888,0.27361832870
-0.59415822754,0.04962635513,-0.12263753824,-1.10793619414,0.40545661591,-0.12095048978,0.74447278065,-0.91401772471,-0.61328285344,-1.68426936196,0.23646960022,-0.70217851654
-0.46218335697,-0.08117158598,0.89047064598,-1.31666423972,1.04202535793,-1.15696585966,0.26952918256,0.31834341666,0.00459573094,-0.61137744363,-0.24042007088,-0.57587268716
-0.06915809475,0.28400808408,0.35386094177,0.33199080264,-1.43779063153,-1.04099385205,-0.18299600523,0.55813218925,0.92309945269,1.00426050499,1.22132387367,-0.54273080600
1.21693946157,0.13602405217,-0.22940158368,0.79862364523,0.26529956115,1.24013124773,-2.30652789940,0.70749752723,0.28942367632,-0.85071266134,0.10360611997,0.57704534663
-0.26831629883,0.03142990698,0.00861337144,-0.47347143404,0.82058485756,-0.62700951688,1.89289955877,0.49417462582,1.03306864807,1.52660794133,-1.36738718768,0.00318515372
1.18216966690,-0.05919044429,2.12321105216,0.26459741072,0.55871907645,-0.57919387634,-0.52535585336,0.14123275612,0.94495232806,2.42273876670,-0.18279482760,0.83513900304
0.66042642278,-1.57111033835,-0.53743331642,0.37832891254,-0.57079446326,0.79322592728,-0.45254724562,-1.59500539843,0.13556744011,-1.01846491937,0.97238262331,-1.44890710339
-0.60547424258,0.07176226697,-0.46066934149,0.16577573960,-0.46115756782,0.00543886516,0.37149783359,0.88454861517,0.39298501228,0.68795650459,-0.96037155990,-0.37218266865
-0.49811243225,1.36640927656,-0.26651902288,-0.16010422339,0.34696877935,0.57610650943,-0.89220682474,0.05412371721,0.62545432828,-1.09553260008,1.06616742861,-0.33565126387
-0.21737458966,-0.52085965857,0.77054925331,0.46547346929,1.70875034642,1.58931477622,-1.16923820194,-1.41275143947,-0.67173911709,-0.84901704462,-1.05351870171,-0.24222222855
0.24876107724,0.70162492954,-0.05977928308,-0.25036413605,-0.33423142377,1.01546448904,-0.84103855534,0.23861280183,1.98387233793,0.83169046282,-0.52753065596,-0.32015475849
-0.73317470028,-0.23616573588,-0.46581312542,0.87744472630,0.77588871534,-0.03998534288,1.01483397256,-0.58157760549,-0.14197861538,-0.46046965197,-0.60725014375,-0.15402489825
-0.27889821666,1.11365263427,-1.20077170191,-2.21679986203,-0.73332542966,1.63852611552,-0.06626288998,-0.98596971167,1.11996849767,-1.22320227826,0.45476764521,-1.07273819151
-1.41584635901,-0.40304096659,0.39452388534,0.21712959960,1.03962003770,-0.63171582137,0.28115556321,-0.92776806863,0.40038093710,0.39475571116,1.14084504538,-0.94606472435
-0.60886610342,1.05578679579,-0.24094588388,1.35899597313,1.00741336175,0.13584482387,-0.34978264900,1.13075099480,0.66438130443,-0.65440324863,-0.36514051061,0.58030162918
-0.37325314670,-0.39421402077,0.57589186038,0.44908820397,1.17182387736,0.25697190732,-0.32148455800,-0.59209760539,0.18603604490,-0.36355339408,-0.42100656163,-0.05662494431
-0.34527970354,0.95921213102,-0.02659439999,0.46128527103,-0.56776886918,-0.70456763744,1.13392229521,0.20004934350,0.88272127104,0.62181062815,0.43981439509,-0.05323854601
0.63786442457,-0.76462825667,-0.20848242469,-1.42387355034,0.57763596680,1.60152901213,-0.15016611596,-2.62009421577,0.64747253758,-2.55740879455,0.74822893179,-1.05252704806
-1.46216648183,1.26109130958,-1.02755789923,0.89445024447,0.47998597757,0.68337323136,0.79793790806,-0.94999885212,-0.02118539072,-1.58066536579,0.50381570328,-0.36226485431
-0.76262966352,0.59391340620,0.49082177709,0.15906365052,0.96830102389,0.18402122968,0.88538894917,-1.21391979756,0.07008119562,-0.24987706901,0.26769566511,-0.13835398712
0.37757942527,-0.02436657800,0.54320878662,-0.19052250280,-0.81383042827,-0.35657493255,-1.40583879342,0.97069526115,1.31980881915,1.34505554572,0.23552581176,-0.31382050714
1.44091474110,0.11138064514,-1.58122135812,-0.24489991869,-0.77847071518,-0.16317629191,0.58501958329,0.33545208262,1.44930132569,-1.65587562813,0.70853988130,0.24096893167
1.73131252899,-1.34246450265,-1.69979126597,-0.38854907324,-0.59135587106,0.88695660711,0.62438987918,-2.86093930700,0.94348028773,-2.20038993207,1.94641078394,-0.68037119463
-0.14265051443,-0.66445871919,0.59215880832,0.34968936130,0.27622199684,0.41362151468,-1.23479763564,0.28944561749,0.18872347981,1.79996938320,-0.25579253065,-0.21585925199
1.48378807094,-0.72416013003,-0.06314477885,0.50729601962,-2.31219582386,-1.01014455642,0.43195733273,0.87631484264,-0.36887778777,-1.10106531880,-0.50319097195,-0.60232391783
0.49299353660,-2.05735007327,1.15627466262,-0.18698876024,2.44296485818,0.87941470884,-0.79365738456,-1.64392735172,-0.30338407409,-0.30012648440,-1.62761801774,-0.46195299255
0.96059535558,-0.87680921044,-1.18691249277,0.83637806535,-1.01293994398,1.10357832100,-0.23597864565,-1.17894999522,1.18931515480,0.60547887599,1.15051630923,-0.58280104648
-0.48564617509,-0.16208404491,-1.12473408847,-0.07413708435,0.96622850619,-1.16982928850,1.45662707669,0.36593730179,0.57365055666,-0.37582594582,0.30704215302,0.27181891257
-0.73006044962,0.16999668172,-1.59538059337,-0.28872068256,-0.20239825601,1.07436584402,-0.80576968119,0.30597790374,1.19091539872,-0.17656173603,0.45986561568,-0.63839236921
0.36158956785,-2.32188938087,-0.77877721732,1.42814335117,1.06205544211,-0.19770412240,0.36880136025,-1.92519103575,-0.10590263409,-0.26221716489,0.88532015347,-0.62901107748
0.11432863687,0.25617549710,-1.93991614942,-0.42908739529,-1.18493184072,0.78623533524,0.84533820388,1.16580886372,0.92282714994,0.13023498470,-1.24663601320,-0.40064425785
0.33232484638,-0.24768291276,-0.22562717282,0.94167014124,0.77166820898,-0.09731073501,0.49206981372,-0.67359363227,0.98252928577,-0.12550007514,0.39184499265,0.58447663511
0.54428651098,0.55706993105,0.37840692056,-0.77279473843,-0.65708834574,0.30131218878,0.93206071505,-0.57098393070,1.28018654958,0.82560785057,-0.35944467329,-0.68071660738
-1.27705162735,0.64762333767,0.15732342232,0.57848845175,1.18794736229,0.05458400426,-0.69580496321,0.05938983918,0.61243549214,-0.63822351698,0.54509046441,-0.29766199923
-0.26533280509,0.29758512976,0.48209618217,-0.05798268427,-0.13874812239,1.17580243129,-0.26205375621,-1.08434301018,0.06290039597,0.58847296916,-0.04266584718,-0.95749759931
-0.30611871398,2.55427779723,0.94294664626,-0.96263097179,0.38529760201,0.32609628080,-1.76181184919,0.37744437087,1.46491205489,0.38561179478,0.80974691184,-0.94597489283
-0.67704334707,0.35615967989,0.64790752985,-1.17068145756,-0.37222433194,-1.55918014277,0.09372682661,1.03146014684,0.07457306015,1.05856881635,0.30440273904,-0.69094461360
0.70774332259,-0.26997031438,1.56225176406,-0.16182334757,-0.12045543744,-0.41212406537,-1.13178273341,0.41037374697,-0.08031292739,1.15224757689,-0.09473885028,0.23516123148
0.00611685498,1.09510723122,-0.12469100508,2.86167661417,0.69123457718,0.99970670514,0.66509454341,-1.10913499461,0.63957377814,-0.54985896047,0.09001360816,-0.09238743135
0.35900037109,1.10844892031,0.78529094353,1.11256219832,-0.57814368542,0.26832047530,-1.53248297838,1.01190489744,0.48712307659,-0.23001737767,0.12794132172,-0.16896153176
0.50941659000,-0.20954396294,0.34206589021,0.02782252145,0.02240051842,-0.02666267074,-1.12062526623,1.37002405399,0.80173214079,1.31125848140,-1.05747500664,0.67364229727
1.83468954508,-0.37695704325,-0.18534776409,-0.89000740253,0.95652104637,0.24506167227,0.25932076071,0.17741390347,1.05163209706,-0.97168326275,-0.99904781802,0.93312701968
1.08568102161,0.56629360785,1.23182608241,0.89296605587,-0.00323643794,0.76369412653,0.14625650591,-0.59191966927,1.09621776589,0.66828564161,-0.81605648151,-0.12692150235
0.87280233909,0.12111493346,1.13952953808,-0.18664322836,0.56665433957,-0.24831475011,-1.05976957771,0.84938122034,0.26038822093,-0.75129908301,-0.67478710727,0.67785129316
0.25469452228,-1.24992390955,-2.34256782632,-0.39959710927,0.41347717634,0.60791977612,0.39101824261,-0.17335966071,0.06459947792,-0.63802818819,-0.08332827566,-0.19394701795
-1.52304105245,0.24819770529,-0.40637348187,-1.58251912832,0.73340204814,2.00496154124,0.29541582848,-0.71936489780,0.22269672307,0.33662549639,-1.70381674649,-1.62351480059
0.04754138159,-0.29392909097,0.21920321274,-0.37351787651,0.51426817928,1.16047317068,-1.37618062191,-0.70125480173,1.04776271860,0.59388960377,0.22843514140,-0.69179912767
0.88257383417,0.36558381375,0.15619924011,-0.19010321810,-0.33992052343,-1.06046362072,0.11775589872,1.19172062778,1.15012953158,0.05148971796,0.09380925449,0.47964339168
0.82026488497,-1.11768427446,0.44947540436,-0.64118041735,0.20830026790,-1.65778317505,0.59002051387,-0.54587471408,0.38582159081,-0.61651754883,1.59757427854,-0.47291494834
0.29838311031,0.08596678239,0.68862920768,0.49753421165,0.86291661148,-0.16712002900,0.81396795060,-1.09860060977,0.60959690704,-0.54130688905,0.25783831777,0.15890850381
0.01989944502,-0.84000610744,-0.42812579227,0.31749633872,0.07283822658,-0.75153971097,-1.40921506655,2.33223338953,-0.04755816854,0.28203441411,-0.38457373573,0.07732743908
-0.19281080021,0.61402685640,0.54214654614,-2.64089755823,-0.54135292657,-0.14437131827,-0.45254020638,-1.15713015224,1.00108159031,-1.22656090186,1.51702749677,-2.03442677800
-1.20956862469,0.37426551301,-1.35440689113,0.82624008989,1.22644961286,-0.75763468733,-0.07397192911,1.25851676933,-0.10844844510,-1.49774883835,0.41045228587,0.30414480066
-1.20828517469,-0.54873851150,-0.66912314825,0.52811970336,1.33213993997,0.65690755029,-0.31852252866,-0.68509108415,0.01467504354,-1.29924395564,-0.50723880844,-0.24229752123
0.23977840400,0.17392191948,0.85951576265,1.26572379248,1.06506204577,0.24000616335,0.26315217412,-1.21614276876,0.73489427014,0.10853394045,0.55076712270,0.31625944817
-0.01772127770,-1.29815264502,0.38649155643,-0.48355420313,0.29391791050,0.14044635705,-0.59283954767,-0.05654336501,0.18148730171,0.98873852478,-0.51065355995,-0.91529934372
-0.87128730986,0.23680164756,-0.14247982059,0.21261774837,1.07684271925,0.67054583349,0.11422346328,-0.84364190965,0.43330144949,0.15385511114,0.20256461481,-0.20673304802
-0.10237819860,0.38964350636,-2.03722020583,0.11308719096,0.20175550083,0.21670861694,0.13445897899,1.53814898760,0.97851158128,-1.15388557803,-0.44229579161,0.36102858177
0.15529785177,-0.69275319205,-1.32166484089,1.62341009164,-2.24364554004,-1.10263353951,0.71206824957,0.51559689457,-0.10022872602,-0.10838096778,0.77027594986,-1.00902254151
-1.45079351895,0.16509745191,0.37243655725,-0.00242788076,2.19844036086,0.64491869676,-0.47831418379,-0.84253005123,0.09096211511,-0.04233279272,-0.00034369311,-0.10682971766
1.00729003773,0.86957920783,0.65018747304,0.26470629146,0.83846571689,1.11226670964,-1.28475883046,-0.50058125084,1.62899992265,-1.73772098014,0.69701870141,-0.13769155788
-1.68797752248,2.11225166071,0.11861472260,0.26071695417,0.00741160798,0.82295248398,0.82243544432,-0.36703073902,1.07935216732,1.07914197090,0.24233929911,-1.14151978891
0.49798747238,-1.20222268686,0.25508075148,0.36355769832,0.25606927934,-0.38369626118,0.37736962493,-0.28209285703,0.59386854329,0.88627718426,-0.18207571866,-0.21157573118
-1.39418059987,0.40404094280,0.18978416417,-0.27361913470,-0.86582827349,-0.72219790796,-1.85967433764,1.14463286583,0.85570612234,-0.07518508839,1.41328916710,-2.49249610061
2.12308254801,-0.69237085422,0.21118840672,0.18106973711,-0.86010325576,-0.54824234973,0.10358529428,1.14042456015,0.68205490654,0.45192163053,-1.33845457815,0.82632087793
-1.01145388147,-0.20639354465,-2.23336493362,0.11677263846,0.76873009739,0.23436803545,0.36154149440,0.00243930437,0.81530553973,-0.93018265718,0.57251857993,0.02733149873
-1.34018928784,0.32245927559,0.38596852394,0.49726072781,0.42992174687,-1.08178661169,-0.59305592153,1.18923956516,0.69830273253,0.96706089500,0.43428677826,-0.45489237987
1.09085055034,1.09860344114,0.17017692818,-0.32414290566,0.14673181083,-0.76047366406,-0.74132162772,1.43438314806,0.67986765643,-1.27611107501,0.91762978641,0.54478058680
-0.95198772578,0.23945031352,0.33243176460,0.86915963632,0.12180849195,0.74531850986,-0.48582469775,-0.58640976490,-0.02002798495,0.51904732279,0.27090745456,-0.89279504619
1.07130187692,-0.47788647733,1.33610223841,0.16456644078,-0.70289644648,0.29613087820,0.05663687839,-1.31798895708,-0.12752703191,-0.93780720610,0.01977931208,-0.87782007994
-1.66997258478,-0.10536108522,-0.14892280668,1.34067096784,2.10343610741,-1.10544339400,0.89741788736,0.10658193615,-0.13584306190,0.13890333221,-0.06444434796,0.70328051691
0.58500153072,1.73632601278,1.15416578512,2.03036908214,-0.15280784211,-0.36765878338,-0.15957495448,0.60675907617,1.45787737274,1.04395994330,0.94072573439,0.37104514359
-0.17928688698,-1.23051067132,-0.31726051037,-0.62700992480,-0.86886908157,-0.47785693794,-0.88523353992,0.07300725312,-0.01670632120,-0.31083453528,1.33279498579,-1.67528746376
0.19117190098,-0.18424544490,0.53868032044,1.17088564169,0.29058654137,0.24191958657,-0.00352030537,-0.78218216864,-0.13509196583,-0.79002821253,-0.33062043137,0.01997007912
-0.27370621865,-0.34090318995,0.96956732961,0.17011296911,0.46765441189,-0.19287820484,-2.02983515438,0.71167211238,-0.05223168135,-0.74814963528,0.23692765866,-0.43752207624
-0.11065890066,-0.93402495710,0.32133530168,0.87787186631,-1.01554604685,0.01375261324,-0.88736670877,-0.20655032365,-0.91770906141,-0.39735616379,0.31085611862,-1.15809977752
-0.29937977276,0.53983233812,-0.18147895601,0.04023488728,-0.38652325378,-0.27544422169,-0.02491749091,0.66037279567,-0.14319594899,-0.90927090613,-0.04215408170,-0.23156250235
-1.02626430285,-0.80022188776,0.14433687288,-1.64248095593,0.15773536620,-0.25899999709,0.26870578049,-0.27613689757,-0.81976719712,-0.54632025615,-0.42988221278,-1.86830826363
-0.99903244178,0.40708205588,-0.75030319545,-0.15366428168,0.35899443736,0.88003715550,-0.92910130237,0.16988027079,0.10296221916,-0.75693041699,0.14764872398,-0.57119790761
0.62442039107,-0.36108378274,1.23351740379,-0.84652286954,-0.46051631884,0.05527507358,-0.94467790808,0.23577573036,0.29445655652,1.15264079733,-0.92399826092,-0.64224648490
-0.13501061389,-0.72239834773,-0.22661219657,-0.17467567919,-0.33766952133,-0.16096900143,-0.12719430606,0.46461983879,0.77808084828,1.56758314276,-0.06365613397,-0.37782270709
-0.38432148298,1.58267089370,-0.74533107402,-0.82836620140,-0.26881669876,0.40419504544,1.15219798128,0.63348681381,1.28485257327,0.20546948155,-0.76300134149,-0.14922686792
-0.74620000547,-0.36577245585,-0.98196209503,2.75619570453,-0.14973244730,-0.27792444418,1.10513910517,-0.16590697179,-0.67916984753,0.28485829581,-0.82319937741,-0.45456367016
-0.00099568520,0.94602267379,-0.02594485640,-0.08298619051,0.15416395364,0.61301888432,0.80885878039,-0.54253582873,1.14773845362,-0.14635033007,-0.28530128568,-0.20153092859
0.36972847145,0.55341435828,-1.25275854241,-0.20365715805,-0.33486150219,-0.32882241752,1.14977010572,0.29411715655,0.55450965277,-1.91698325585,0.08648616494,-0.00664533668
-0.19921753666,-0.19175591360,1.23686651939,1.45094336764,0.96548571146,0.62211890453,-2.10895512415,0.45530780212,-0.21784186759,0.41062308042,-0.62973910834,0.00493608027
0.29126781346,0.06716248582,-0.02539239791,-0.83816478537,0.86416062020,0.25826703796,-0.36432109278,-0.34959920815,1.07361202593,-0.93078109874,0.34825925185,-0.03214084901
-0.90384800644,0.17229688161,0.94903678871,-0.84309993619,0.08929031092,-0.75214083775,-0.59614938413,-0.22310087150,1.25330564081,0.13878425460,1.05116717717,-1.63001766455
-0.79623602224,-0.88815586331,0.68072737404,0.54880585423,0.76902607300,-1.22444431124,-0.11579436578,0.42343727917,0.13213917137,0.89268219424,0.24714004909,-0.26179916281
1.37729594803,-0.66238646809,-0.62234434234,-0.79742452254,-1.34407499012,-0.33619653172,1.67034387537,0.44207952353,1.67214665486,0.90988120804,-1.17013421033,-0.50324955749
0.94904074222,-0.53718259968,0.31494814050,0.01904545058,0.07530300517,-0.86766095882,-0.60799102442,0.39091720711,0.55266893021,-1.48753532199,0.94106232887,0.02848261270
0.75574294464,1.33540344871,0.55357008083,-0.26611550710,0.04542925268,0.49688339543,1.18579037949,0.27791463777,0.91680435881,-0.89915551457,-1.85271645002,0.02748125023
0.05695403917,0.78821967091,-0.22947568703,0.19280356138,-0.67755083980,-0.83509391112,0.27766547680,-0.13731782698,0.34490732667,-0.52157080524,1.86982147897,0.11073848725
0.01055654261,-0.18947732521,1.96314025285,-0.89697682024,1.48451179699,-2.42934017513,0.64146315755,0.34427634706,0.32934861074,1.17423667423,0.41855867551,0.49769594447
-0.88546260266,0.47773780210,-0.18931912586,0.69157427436,1.07739365406,-0.44166392686,-0.13191304030,0.67587865617,0.94089671971,0.22962537404,0.28023952393,0.46153130710
0.38064987658,-0.12687967464,1.30670036633,-0.14310798011,0.09188128927,-0.28558811973,-1.12920852545,-0.41433359634,0.32071831395,-0.72339024512,1.03737036646,-0.43186472760
-0.63735450060,-1.10758348744,-1.67686688563,0.72536943933,0.29557040699,-0.87738998298,1.17802739587,0.20464284244,0.21924561247,0.21610034090,0.28301486758,-0.47942298155
-0.25270139678,0.06860633221,-0.61514977031,0.23205921458,0.42847555355,0.66127832089,0.87594997906,-1.88378305502,-0.97763982608,-2.64890313784,-0.14567750519,-0.23894685574
0.27644997076,0.07171705131,0.46137882042,-0.01293770571,0.15105091815,0.15845878130,-0.30465465596,0.82871456302,0.03269637354,-0.04125303989,-1.71588063320,0.25310076811
0.63103451935,0.03224422746,1.70548870968,-0.79738859984,0.29352665750,-0.05437789742,-2.33901430522,0.48436766337,0.61870770089,0.23644829455,-0.02707588185,-0.40109823697
-0.30656941012,-0.05628336694,0.28109171565,-1.11960786889,0.54866505898,-1.06555274481,0.84072753326,0.91158360303,-0.04859108304,0.03179175767,-0.96637809878,-0.40529228925
-0.56017467972,-0.04838213924,0.91138809746,-0.78699500299,2.24781020655,-0.00263143727,1.32765269924,-1.58451137204,0.89082792202,0.48578977494,-0.33729617088,-0.44443205489
-0.39204922772,-1.11899009182,1.10619105896,-0.39754547044,0.82015868913,-0.69865467895,-0.68497231400,-0.29501985228,-0.26014025437,0.73988106818,0.46081263764,-0.59421153274
0.22519757304,0.99190217824,0.55694172586,0.73936424789,-0.74269402180,-0.25233642468,-0.01437528536,0.93478629450,1.11003309458,1.09691147324,-0.48481528308,0.26220548792
0.82176692154,-0.94004751064,-0.13270713459,0.75928128724,0.54311024917,0.45753925683,0.36060978808,-0.86860171284,-0.49232246229,-0.98800594551,-1.37833247312,0.09871197436
-0.21843345516,-0.21725257927,-0.65788422591,2.39166763820,0.05936987960,-0.04846730371,-0.31674104491,0.06387872681,-0.08375287127,-0.37157234336,0.18983765710,0.20856689404
0.10536398551,0.58192429539,1.40852700246,-0.87965523158,1.22044647441,0.23065521573,-0.75687807645,-0.44748918837,0.06321644912,0.11676255649,0.00911951467,0.24309318166
1.80298520479,-1.02847379356,0.31450675768,-1.36028108846,-0.69488632871,-0.14443164949,0.02763498147,0.43630839683,0.60606488586,-0.96215398769,-1.30047444081,-0.67625139098
-0.56625125235,-1.22185753908,0.25123078894,0.54943792372,0.68074346822,-0.38892983238,0.36759999897,-0.53973606193,1.09454168002,-0.03337876708,0.05430699144,-1.12697640016
-0.62064558492,0.83804976754,-0.24649859669,0.78692685573,1.23560781468,-2.01690957998,1.55382787009,-0.22838492379,0.68586660410,-0.43934071259,1.96497295189,0.94370511585
0.13241473117,-0.20479592078,-1.10772338275,-0.13420294121,0.30237325189,0.83512541607,-0.71412482123,0.48461635351,0.28970182034,-0.36878753209,-0.34578677710,0.17906924529
-0.29252210866,-0.91585499899,0.41606271194,0.66839136058,0.43312235864,-0.37616892624,-0.62953871344,0.15282899652,-0.18358432182,0.66659819442,0.18698380532,-0.07994525628
0.27518672085,-0.45849506618,0.01806940962,2.40013223599,0.66093549344,0.44104776939,-0.22281574098,-0.17195967347,-0.18961059255,0.03226906811,-1.21524779651,0.62217915956
0.34007322304,0.70036583907,-0.63022234153,-0.83208943692,0.91605819684,0.13166942196,0.23566731329,0.26203108820,0.92385966201,-1.74138577266,0.17758942972,0.44396739008
0.61965690816,-0.86298024000,-0.08839413213,0.64206416857,-1.15323536554,-0.01936380979,0.63882843775,-0.41958956521,-0.05850585770,0.26210095518,-0.40644212840,-0.80409628637
-0.45337499652,0.17923181159,0.87050837006,0.51821444471,-0.13476889693,-0.73944406494,0.02197209269,0.10796949074,1.04584699961,1.86056195857,0.74595031234,-0.28995291894
-0.57278167309,0.26419351716,-0.00966165027,-1.23198365570,0.01636001963,-0.72877929484,0.08209483497,1.27578178667,0.35196089653,0.58164798589,-0.70219510029,-0.56533739825
0.48602775580,0.72604562341,-0.50741097828,-0.43285841211,0.17549148170,0.06385579099,0.52552634774,-0.50708271864,0.90450448031,-1.44777863993,0.90245286109,0.13434091302
-1.10207365189,-0.48606097716,-1.46780861977,-0.08151830029,0.09944002697,0.21753398115,-1.00157039933,1.75395645368,0.13773420893,0.60496504941,-0.22108920342,-0.79478222347
-0.05031482890,-0.97365644104,0.52528043893,-0.18341596723,0.67089371598,-0.21620558357,0.07207839143,-0.19942622229,0.43734750565,0.97626641056,-0.47341550613,-0.46542771587
-0.91853954822,0.29318109202,-0.26352740853,0.00213359590,0.17511503302,-0.44281972987,0.13772964907,0.46735713979,0.85359730698,0.70537825566,0.35337890788,-0.31057447364
-0.00123555031,-0.31021713208,0.75663159450,-1.30905509282,1.09980658862,-0.25076700959,-1.66298930584,0.52471201823,-0.17320138296,0.58922244913,0.30458499090,0.20466032850
-0.62746605123,0.80291070252,0.15058147121,1.04399855494,-0.62152163689,-0.91692897573,0.79507824227,0.85423843220,0.92195368559,1.61784981063,0.24636000417,0.07004997020
-0.00911339196,0.10077322888,0.37106419966,1.23153318906,-0.11941293655,-0.89271431605,-1.09651301773,0.03153101483,0.67550481132,0.08816350250,2.42207134569,-0.09206647042
0.21715487261,-0.57733134050,-1.00439915232,1.14245229629,-0.70118963875,0.52676892752,0.62482708505,-0.53971987408,0.03824810490,-0.19296904191,-0.63776512549,-0.47836626610
-0.31604972016,0.15464676000,-0.84890742963,0.45490630112,0.45593013391,1.07463932372,0.57985099041,-1.35789085276,0.30914912953,-1.05227821188,-0.08270981931,-0.25456440144
-0.07317435725,0.55716801305,-0.32200838535,0.18812094931,1.04425729817,0.98988175980,-1.61910143592,0.47308382716,1.37314232858,-0.11120905609,0.25407186567,0.19845404199
0.24310224883,-0.08615256451,-0.77757962301,1.46856951958,-0.85995728090,-1.86224634659,0.44222941548,1.09527181073,1.00013702468,0.26586139990,1.51176351866,0.04088383395
0.07463327964,0.34708556293,1.03303013907,-0.35080535027,-0.40732025706,-0.77824756500,0.03486573925,-0.23440887485,0.77751072386,0.53603605728,0.85329988696,-0.45729435919
-0.53999874393,0.18222385450,0.21519926486,-1.01885146751,2.15574940677,-0.42794699443,-0.32922268524,0.76914255048,-0.06111781297,-1.05981606577,-0.43565156102,0.70328266642
-0.73372033044,0.33482891730,0.48728855209,0.14000657915,0.31597338057,-0.73908844714,-1.49262282261,1.49606994378,0.44867181335,1.03094014684,0.46842925900,-0.11037116708
-1.50960104780,0.98848928062,0.30877073190,-0.25773621180,1.69076235544,-0.21695967244,0.22066130045,0.41644778684,0.58363953059,0.18407814468,-0.41435626079,0.06444627122
1.20236153906,0.12062123984,-0.69639383840,0.64057407552,0.35479212951,0.45958264644,0.59996407979,0.55255550574,1.14283772328,-0.08626277409,-1.17851086078,1.06914956661
0.77892211946,-0.45014341015,0.57685551807,0.82576872768,-0.19036143235,-1.17541693627,0.20057831742,-0.60852721531,0.93769947701,-0.20225737629,1.81479360405,0.12504844068
-1.17703142255,-0.26147867371,-0.54816466520,0.79974118796,0.67243086999,0.33578546570,0.43795976790,0.06723359162,-0.03258732804,0.68788172016,-0.67157562832,-0.40621274733
0.15143842181,-0.49439028326,0.91171399577,-0.14313548853,0.26305553388,-1.05161610175,0.11953224140,1.03920259812,-0.07769492944,0.75854991144,-1.08711833765,0.13058121792
0.75127618722,-1.52971480771,1.19665167474,1.25880337949,0.56993452398,0.33145973547,-0.77448677943,-0.72181480382,-0.71601567732,-0.19968526308,-1.50313212730,-0.17050784518
0.13103143606,-0.37971714006,-0.00295634551,-1.23151110836,-0.49404717272,-0.58743201634,-1.35364477023,1.35860664519,0.49170538278,0.16297879312,0.21030940583,-0.90644241620
1.45794357355,-1.70932109429,-0.66288593750,0.08796762322,-1.29175653727,0.92787508943,-1.33808115199,-0.93150516212,-1.05258247883,-1.10173681791,0.79882573308,-1.38539009591
0.55662065202,-1.26201955607,1.50751860332,-0.12480243676,0.49530393811,0.40603088505,-1.17981536181,-1.23580446122,0.16130592453,-0.00809753522,0.40477345235,-1.09144771608
0.58048416672,-0.22989182512,0.87163495837,-0.30944717221,0.28071281971,-1.23541148402,-0.31971526242,0.22025953871,0.36430491475,-0.68717196500,1.10083128687,0.06798460360
0.01314502945,0.27805124058,0.06066551788,0.18623031461,0.23635328922,0.35357906418,-1.08197461693,1.54658710956,1.00879169623,1.34455284861,-1.28699311527,0.57266902025
0.62885801722,-0.00116913714,0.13449600515,0.76306529171,-0.55800090662,-0.36275612095,0.73045270362,0.50821754064,0.57180989518,0.83130549154,-0.76536535520,0.39589870728
-0.52338562310,0.18504146609,1.27497110336,-0.13350210919,0.72092901255,-0.00958432654,-2.10059364301,0.44065515955,0.40811163820,1.20329827637,0.30556444211,-0.43153169021
0.00588940345,-0.90665684829,-0.35226645225,-0.17566246643,0.23667131222,-0.40670382147,0.02212862937,0.40058158060,0.25686714388,-0.07998923683,-0.30063125487,-0.28125633016
-1.43099315991,0.61716685335,1.58424564746,-0.12929045501,1.54296373391,-0.01911852581,-0.30071892018,0.00250576289,0.51317681706,2.08671307090,-0.77843549543,-0.69974740586
0.58972542036,-0.64887217919,1.15693180199,-0.47169649373,-0.10453051819,-0.40832797664,-1.68789672395,0.95256616362,0.71847938673,0.67954194383,-0.55956290229,-0.24743054315
0.14049357709,-0.29434151064,1.16814569686,0.60167267830,0.64717830111,-1.05467354137,-0.62534379171,0.49184775643,0.48413124863,-0.28143904239,0.28287937526,0.35653729447
0.56393611198,-0.42434475245,-0.62298188968,0.32251145738,0.13443211978,0.69500257833,-0.26591835834,-0.04113093733,0.96286221676,0.16881466845,-0.50500626681,0.35990136700
0.12458921591,0.21153583438,1.03751621463,-0.11222526999,1.21108144817,-0.33830037971,-1.52088894738,0.17826709524,1.05610361899,0.00562473880,0.93839062906,0.29954846716
0.69041028381,-0.41693200995,1.09996549584,-0.50537727885,-0.39956829805,-0.37160626431,-0.98613584029,0.12491210025,0.18807841006,-0.06458380533,0.27505138757,-0.44590223800
-2.38189410223,1.05536096263,-0.11165434403,0.57195620017,1.09666133174,-0.82126257522,0.29862016520,1.00474119484,0.63690962315,1.45668305457,0.40680878769,-0.45361076935
0.75664726569,-0.70941280468,-0.56340657052,0.73160405030,-0.79165389553,-1.02041659046,1.46640034014,-0.90389143275,0.76384866825,0.43946930571,1.42254851646,-0.16795792161
-0.62882608968,-0.08365712195,0.38535261325,-0.64902356796,0.44291235511,-0.74517945769,1.03532670001,-0.81215238360,-0.37913198064,-0.96414007731,0.32396841135,-0.66518454716
-0.21359518433,-0.68327776649,0.71931516273,1.80836882546,-0.26243229355,-0.83941588702,-1.32731497455,0.68483985008,-0.39188171332,-0.38357647116,0.57325429414,-0.39346256225
-1.48802265900,0.60535010661,0.53423567410,0.62551197221,1.83420512137,-1.02894323637,-0.06608628484,0.32133611506,0.38673061412,-0.31518754102,0.63875644914,0.36220472929
0.35351901519,0.98482742172,-0.26450562147,-0.91005454685,0.00612698782,0.04901015302,0.44599748119,-0.43283753208,2.01751481269,0.70854877835,0.91209341533,0.04103347392
-1.78927838564,0.58043738061,0.07373931130,-0.71987808523,1.59397298752,0.96322270201,-0.85881556901,-0.51803763913,0.18674154555,-0.43460196128,-0.11238934749,-0.86242211289
-0.07465474642,0.14596519248,-0.06152920531,-1.39493818109,-0.24094315476,-0.14374908402,-0.17009797726,0.17081865616,1.06557077932,-0.09518419407,0.14561843618,-0.91343236458
0.66755379837,-1.42405467757,-0.76225343816,0.97251486035,-0.59259329192,0.40471489662,0.74958798136,-1.39738329363,-0.45063801927,0.20057901243,0.18006026816,-1.06963130758
0.20158339652,-0.27158645278,1.79814571597,0.33409018855,-0.34517764678,-0.95526812688,-1.52097697792,0.62884157695,-0.23093128917,-1.02268057962,0.62022309016,-0.63199419428
-0.55151138463,0.25404808780,0.63069093997,-0.25973343048,1.17073173439,-0.20783907776,-0.42164254029,-0.21920082095,-0.61627385459,-1.44206313643,0.36703745383,0.21357940773
-1.23694794297,1.26094308874,0.58999527281,2.59225247271,1.15522694730,-0.01056200937,-0.05602665122,0.84905462497,0.63119259086,1.20190026666,0.09165251981,0.06153918311
-0.31457293771,-0.08038043287,0.63823444569,-0.14431979149,1.83013309855,0.41629690541,-0.53060602117,-0.12560681373,1.17812296483,1.21623250416,-0.78134103726,0.40227627994
0.42540852564,1.01763266778,0.81856654693,1.10520081105,-0.20450706303,0.15893914895,-0.69181207725,0.54763206360,1.36004899024,1.44638337666,0.25097565941,0.30973808983
1.81559876085,-0.19759929519,0.73757525484,0.36877833220,0.98109247325,1.91458592385,-0.08010957924,-1.70746301159,0.96191534502,-1.31940263484,-1.32616347321,-0.14211051550
0.19777207589,-0.74059863063,0.29272068837,-0.27723367175,-0.11701754858,-1.02284151046,0.67607035947,0.29846771682,0.38062652589,1.20583197646,0.03115655395,-0.17325944574
-0.14954146499,0.49707017989,0.12101519498,0.89443067877,-0.55450772643,-0.15337705929,0.74923119792,1.05772446678,1.06719047520,2.06641415923,-1.11718729573,0.29250986222
0.85336076920,-1.01597119268,-0.40593637012,0.13372097141,0.09025489808,-0.09186319006,-0.78148108514,0.19779508758,0.85029721244,-0.76524928522,0.36690673403,0.14429490098
0.69908215035,-0.83135329191,-1.04892294733,-0.35360335162,-0.14584117854,0.05719438421,0.17593753238,0.35335558590,0.00751783298,-1.12536698634,-0.62669150790,-0.19215107077
0.21839276204,-0.51983292117,0.42006517718,-0.02529157410,0.42540641329,0.32796095233,-0.64355731296,0.02428324014,0.04909860615,-0.38212801261,-0.90327704591,-0.06144358001
-0.20904086641,-0.20044977014,-0.28484723655,-1.04240961624,2.00344841158,0.91017622262,-0.47204202108,-0.20981060260,1.33898312697,-1.14151575380,-1.07668533831,0.50079037440
0.44069219621,-2.73988684852,-0.11756407106,-0.60116590018,0.61449037604,0.38757119494,-0.33693223193,-0.22480098726,-0.70190568072,1.30651657720,-0.63441031129,-1.70128213645
1.02187222137,1.14655809946,-0.26377653205,1.51407566095,-1.78411911280,1.74195397028,-0.60106232944,-0.08465204204,0.94895222009,-0.12949325277,-0.66479016086,-0.47890855614
-0.18218825431,0.27278144611,0.85144736984,2.89632976802,1.15119009944,-1.36490651892,-0.15007501955,0.54221753775,0.56700982186,0.42311163358,0.92534679993,1.32842468666
-0.29241517875,-0.08431688257,0.32373982184,0.76397851349,0.76582254040,-0.68009158125,-0.84535015873,0.46991177030,0.96453331965,0.42703625607,0.98864582332,0.38221641122
1.58444041396,-0.20981822234,0.81964934997,-1.29305091854,-0.83420126695,-1.42223237788,-0.71930827742,1.76320795144,0.61172604269,0.51681669075,-0.26069556249,-0.04788115802
0.45396865379,-0.04298943354,-0.50055243507,0.02916549977,0.47399949670,0.63552815351,-1.56403704820,-0.22255587118,0.96667425155,-1.08918944172,1.45193939718,0.00313269261
-0.17561388499,1.29718190232,-1.18974210896,-0.66933214767,0.28902256428,0.35892123744,0.56080078075,0.67526503280,1.90476971137,-0.08031086087,0.00506062581,0.31118574400
-0.00963218872,0.33487860386,0.04224438454,0.76913794697,-0.80840779050,-0.28943319421,-0.20699468819,0.81203751603,-0.24591537611,-0.63144156379,-0.33922416713,-0.08706422770
-0.42563866186,0.36138485256,0.17793156089,0.57595338742,0.96298381932,0.35794835887,-0.54256607110,-0.45530794261,0.37710792974,-0.90088146619,0.47791353766,0.14188094531
-0.58250000125,0.02621011623,-1.71595637337,0.40528298649,-0.14838493832,-0.12908342581,1.28863788210,0.24236854186,0.64404910563,-0.48696343719,-0.28797405746,-0.21838352568
-0.86234045172,0.64556035949,0.34696335661,-0.13914900446,1.47169233979,-0.64796409909,0.15875232582,0.42750135382,-0.18851303085,-0.95660448956,0.11760732526,0.50792397558
-0.48410996011,0.62684584534,0.59672083028,-0.60016202891,1.05670795717,-0.61520471223,-0.15672997091,0.81010396608,0.48191664987,0.71147135873,-0.24425875583,0.48670642110
-1.38859822031,-0.16189492955,-0.47857790722,0.68234529067,1.04560920767,-0.58775734652,0.57230020924,-0.99875165467,-0.03963074637,-0.30572707695,1.30846037238,-0.16160732043
0.33769213495,-0.87203421934,-1.19120797808,0.88703763110,-0.94482362887,-0.10032440071,0.36695138407,-0.22512325803,-1.13843884260,-1.64216656980,-0.46059332816,-0.80813870428
1.00626849806,-0.68618822961,1.06386630675,1.19440582753,-0.30905603033,-1.37189491831,-0.57467723363,0.85407410062,0.89554646681,0.58805408924,0.47603749120,0.57270762031
0.79689425265,-1.38271478173,1.47450282696,0.56487165443,0.90217692588,-0.59458758902,-0.63617803328,-0.00938260093,-0.51368291337,-0.42516830877,-1.05303702419,0.40969780931
-0.02305421872,0.62671495966,0.33576937151,0.01335705877,-0.18450103954,-1.17722586320,-1.50135837080,1.80485276480,0.45098733217,-1.10652890911,1.18257994634,-0.80828224103
1.97216319416,-0.33730006577,1.65316863496,0.36051515838,-1.42050270887,-1.56984900267,0.34801920255,0.57175147591,0.27970965447,0.31436833242,0.15077377641,0.28577242750
0.48292237462,0.68643088516,0.16380658778,0.02755892246,0.09869192521,-0.04659291859,-0.04810346398,0.53404563529,1.19096454350,0.12701054898,-0.24664484082,0.49975361601
1.00310797879,0.52224205673,-0.21399575068,-1.32457301158,-1.65261270471,1.33176249806,0.09895449791,-0.63470328223,1.19733260130,-0.47300652809,-0.66590532670,-1.12790828185
-0.08994628602,1.00313817433,-0.27021071878,1.20110493337,0.23650117566,0.45212297385,0.27515177527,-0.48415701253,0.52544585027,-1.05290791465,0.47421492107,0.23065051375
-0.68768475411,-0.10495830245,1.10396392369,-0.69186171779,-0.79341578438,-0.52673419119,-1.46350077480,0.07069410439,-0.45120082920,-0.49560071660,1.05362693596,-1.61687295235
-0.10912576425,-0.81082677433,0.15749051706,-0.15595670086,-0.12966546606,1.25188377554,0.30991203344,-1.03182149407,0.25950408651,0.89063745839,-0.83944066099,-1.61234566932
-0.59948598993,-0.22622322084,0.10119165449,1.17684045464,0.63013741069,-0.13740464013,-0.61381711087,0.03776486092,-0.00445792155,-0.12887306730,0.36561728821,0.11472686318
0.11401901937,-0.35405079643,0.54883830278,1.68567277977,0.11935598196,-0.62922617962,0.34268724299,-0.71240870715,-0.22843265667,0.15286931207,0.76941065904,0.40154098958
0.64882099273,0.18352516563,0.27693770263,-1.31491038676,0.67020590349,0.44869783784,0.26020967393,-0.43589396093,1.01010631779,-0.47958673346,-0.74072087401,-0.23876455108
-0.30154594291,-0.80029386716,1.08900459395,0.44211822878,1.65139154606,-0.05535380383,-1.30973361449,0.06780019628,0.05103023794,0.41264758613,-0.49188074184,0.47471160355
-1.02869977748,-0.75817645998,0.84615981036,-0.24985317070,2.53749441960,-1.26083636195,-0.50045675259,0.70437752631,-0.95248711421,-0.76300820049,-0.35547859174,0.85577135570
-0.61515483647,0.26941126868,0.62420903541,-0.47746958529,-0.02159334850,0.26991332620,-0.52096564644,-0.48910769411,0.72148437202,0.72727742847,0.39705896373,-1.02257627243
-0.86030091831,0.85743069356,-0.00342019293,1.22248940542,0.51987348574,-1.55045495328,-0.26106554233,1.03903877497,0.90740308880,0.08989694575,1.66902731404,0.03527096184
0.32123367050,0.48484534522,0.54889996226,-0.19082910811,0.21424581954,0.23397083400,-0.44332811094,-0.42515521082,1.15967265912,-0.04173161823,0.53626281640,-0.16617326275
0.79467427750,-0.44527066788,0.23153795978,-0.90401571629,0.07713591728,-0.43207011787,0.71483641980,-0.90062854608,0.70253813491,1.01641708699,0.83639346457,0.15545400904
0.14711659719,1.22073796304,0.35876202140,1.40466142037,1.11349889053,-0.78222862137,0.35328730661,1.03960822983,1.12116839884,0.00557146696,0.33777345006,1.46039462090
1.49151467943,1.36686735090,1.50560228628,1.21227812496,-1.10937905195,1.51049528168,-1.45994761323,0.14178982425,1.18370558408,1.47483929001,-0.83027911159,-0.88111185384
-0.55293955113,0.41065495773,-0.46783439698,-0.41261881944,-0.35180193753,-0.18771411721,-0.31067896838,1.06033505661,0.39713435419,-0.00353808846,-0.14735525727,-0.41845234191
-0.26897304696,0.42233389124,0.31735239054,-0.01543503612,0.34584266157,-0.28650276952,-0.93313626143,0.57044913617,0.24243678932,-0.49570672008,0.58654066975,0.00797485630
-1.24638233428,1.21695650913,-0.20088354799,0.09818403510,1.99983746401,0.32062598373,-0.72716398501,1.29193848648,0.38180174730,-1.00909492520,-0.55690203972,0.44763505124
0.17977296545,0.96411124208,-0.69186522699,-0.71766908971,-1.07201664965,-0.22350271819,1.55265051954,-0.10594820564,0.94400727343,-0.69749855350,0.13867151414,-0.55561778050
0.30849414307,-0.54260369004,-0.09317581546,0.00724987294,0.54751296694,0.04256010555,0.25625839950,-0.68836066028,-0.07979218559,-0.21332626484,0.17726460385,0.14805965515
0.38492879070,0.97338904361,-0.01581837443,-0.90213450145,-0.00220138573,-0.96182474805,0.91283021162,1.38111763642,1.16838385094,0.13402453086,-0.80082846522,0.26745502072
-0.42097967602,0.63256623842,0.05035530127,-0.71587669528,-0.18270471705,-0.14370439041,-0.42479920333,0.32356402250,0.14180057086,-0.42532739896,0.45299562127,-0.48252875699
0.57617989296,-0.69590834769,-0.61202718908,0.85103171472,-0.83740953957,-0.61960341376,-0.50052073739,1.23725704550,0.33730510587,-0.81160984905,-0.27237934739,0.03523874949
0.02535402380,-0.50442207276,-0.73533789508,0.54319786516,-0.25289930728,1.47415499659,-1.16055278168,-0.24069016663,-0.06918433268,-0.27447210567,-0.56790350334,-0.53203904281
0.08054184353,-0.68933245262,-1.41134730169,0.04798702774,-1.71694534115,-1.08468241119,1.09954036045,0.25887420748,-0.79228763887,-1.45018692615,0.59939001231,-1.50287568437
0.15500690499,-0.36143759723,0.55348106687,0.83440471181,0.58351511198,1.19012694641,-1.45832281028,-1.10953216172,-0.64639285973,-1.08653383174,0.09437088266,-0.23629230699
-0.30108073434,-0.35852831711,-0.43892427910,0.23451400722,0.79199831117,0.01840754290,-2.78374673551,3.11383304366,0.16216874195,0.34520165261,-0.85494283940,-0.14631155604
0.35459438105,0.75697439549,-0.85702416727,1.57050869618,0.08441637360,0.78586924896,0.76378939348,-0.09332354847,0.59301153797,-1.04552317519,-0.93319977504,0.44242829534
0.52975866096,-0.15061566342,0.79393889049,-0.80017087889,-0.38445402091,-0.28356825048,-1.90227922943,0.68936210915,1.26317408422,0.39041249243,0.53053550993,-0.76288398299
0.56813758147,0.19108634004,-0.59027834942,0.22975972965,-1.77538532738,0.11968997221,-0.23376540112,-0.15603292726,1.95790518716,-0.14101190518,1.45681109754,-0.94025071805
-0.83108050030,-1.91171879696,-0.17729113533,-0.60234560765,0.90110048446,-1.46871581487,-0.06033535404,0.59326919201,-0.34313136548,-0.33603350421,0.33072081981,-1.47424574485
-1.10573639310,-0.82139263943,0.38883627627,0.24182709759,0.45758630924,-1.27635886675,-0.09915937689,0.22157955971,-0.82503770231,-0.03830452454,0.65237027968,-0.64756446555
0.31798970866,-0.45462443163,0.26559749639,-0.34273999249,1.36722929253,-0.00791593032,0.77367944314,-0.45366183638,0.53324431610,-0.36207135014,-1.06413100580,0.22784524560
-1.62222926584,-0.47547534972,-2.08693986748,1.55420749841,-0.02812474522,-0.55715608533,0.66238982075,0.75681410801,-0.30316229792,0.11512465988,0.26971090964,-0.96676096779
1.65221295108,-0.06813277183,-0.32123149615,-1.94024447944,0.65456131239,0.55545127172,0.07755211539,-0.04150206233,1.48476818304,-1.03163957672,-0.74529693846,0.23845743479
1.33151603758,-0.02044560369,1.33278302698,0.40867910349,-0.04882842884,0.23891572826,-0.75697454631,0.21670149573,0.29017282728,0.60448945792,-1.01839642468,0.54118750009
0.27540760522,-1.01693876926,-0.11261852090,1.02660500715,1.10456046732,-0.65266917506,0.52223463285,-0.12400814537,-0.53446276613,-0.73530922244,-0.81064071512,0.66200097319
-0.81651148208,0.98846431002,-0.47906547931,-0.18663991629,0.68552700615,0.08418433551,0.98899800356,-0.28971854743,1.04756465771,-0.53801465454,0.13558141731,-0.12571347580
-0.81050477131,-0.50056696255,0.73421761154,-0.26417906892,0.68973445021,0.40978270422,-0.73380549638,-1.47204936705,0.83264962689,-0.76822339731,1.16013079077,-1.68310772926
0.23521735889,-0.04107362213,-0.39342638594,0.22971066361,-0.10213179996,0.36268293702,-1.78182681543,1.17250777591,-0.76537909032,-1.65964027475,0.01748867800,-0.15696598824
0.57066936417,0.31439492299,-0.99854589372,0.10669885317,-0.70553971313,0.15072110496,1.25985694840,-1.03429651488,1.28617298819,-0.30185338170,0.97991446690,-0.17424375209
0.77633800765,0.07505880323,1.46552404586,1.11143306193,0.78184267475,0.44941051719,-1.43107586515,-0.52998284797,0.68700109454,-0.32713926636,0.51107489474,0.24801961893
-0.72033524611,0.43804610852,0.32653557763,-0.24029762050,0.08370064188,-1.61330749858,1.00674848788,0.52856856076,0.64854240786,0.47101942293,0.54770975736,-0.43467051903
-0.62733430562,0.35674507016,-0.49186191448,-1.10717665349,0.65439084536,-0.85128865629,0.22659335084,1.23056066433,-0.23129843045,-0.26398056087,0.01094271534,-0.14772865187
1.14229736181,-0.63823351032,0.38578105900,-0.04039932683,-0.99802322563,-0.10241438141,-0.11165774590,0.20408967850,0.52578572064,1.04440302917,-0.44490061568,-0.12273736629
0.39042232043,-0.43318701114,-0.84343088507,0.92648790500,0.71057483894,1.26220008715,0.37122386640,-1.23754250255,0.42978861083,-0.37970928823,-0.71523705474,0.17218921317
-0.73071015867,0.44785600772,0.66020072780,-1.65490581241,1.74196075908,-0.22128214640,-0.85962867610,0.11779048939,1.28671330309,1.46054980216,-0.22589773405,-0.14979598914
1.09904582610,-0.22715151932,0.26826823730,0.60913342504,-0.89817913262,1.53651000170,-1.37009740705,-0.62288486212,1.23074258836,2.26169750268,0.47930844601,-0.63080536126
0.49567469509,-1.04105153577,1.95603345337,0.82940735425,0.80991696320,-1.06214889206,-0.01943492640,0.02002377623,-0.03895542779,1.10655129858,-0.61640505355,0.26755869522
0.69226446162,-0.71090267625,0.95078188836,-0.14872759295,-2.03873340373,-0.15574190513,-0.84646467458,-0.30131995328,0.37995083573,0.47538195249,0.84314443194,-1.47736901306
0.79418423049,-0.96662847705,-0.31633969801,1.63160707871,0.97343983122,-1.21083881150,0.01330421220,-0.63171023008,0.27868504401,-1.17531034024,1.40320670320,1.34115796763
1.00894405868,1.00873111037,0.92069169628,0.44617644281,-0.72607034146,0.73286218833,0.98280710750,-1.28759169246,0.91149917827,-0.92959585069,-0.05651545102,-0.64375785500
0.35127990947,0.30226341351,0.34155890597,0.76225966104,-1.15072900265,-0.23486103711,0.31467190072,0.31941478015,1.07017190841,0.85117006129,-0.22947016750,-0.21459014067
-0.28127161520,-0.12718891305,-0.32674050943,0.68932881999,0.29711445076,-0.10679909520,-0.34549573596,-0.50387810763,-0.07112300374,-1.97266833267,0.77152853846,-0.17624913235
1.16973718697,0.78743392600,1.03544240805,0.29609999546,0.65287246455,-0.10074988423,-0.62593000503,0.28749200757,1.39253504311,0.02613371568,0.28039154267,0.91573243917
-0.15431822719,-0.33038989328,0.86808335135,-0.42746777345,-0.33906911972,-0.62231493735,0.68191876595,-1.48523900294,1.15563757543,1.40598763087,1.79369318218,-1.12651417708
-0.34789541739,-0.10984074379,-0.86976209098,0.31855171834,-0.10953757944,0.05795038057,0.74921231488,0.50094111262,0.89298830162,0.69290786388,-0.68749581948,-0.02446881103
0.02145758642,-1.02840408978,-0.34054001551,-0.42492041335,1.90321271661,-0.16629279978,0.67326565674,-1.15822804887,0.22135230351,-1.33596701010,-0.08723490898,0.28506114234
-0.55867846153,0.80787830273,-0.33372102621,-0.14136088614,0.27890461363,-0.78547275701,0.73012303034,0.77748232806,0.71073361873,-0.17488322756,0.10236941362,0.08414942888
1.03346998828,0.27489594813,-1.25742460679,0.77255829385,-0.69950697121,1.13326883569,0.04820656194,-0.24973864293,0.85430105997,-0.61315732074,-0.22453562060,0.31809974949
0.78688149776,-0.70311034788,-0.52771547552,0.09458155116,-0.16988802400,1.53020212558,-0.52706384334,-1.85205100448,0.45895591918,0.21661689505,0.99931522344,-0.73530021027
-0.21556606656,-0.03110190063,1.38860616546,-0.59914373679,1.68855846872,-0.62401244952,-0.51982565836,-0.40791733327,0.41221344146,-1.08458294390,0.40860307072,0.03866685005
0.93641236708,-0.10690978990,1.71442713083,-0.56422041012,-0.71816959651,-0.55153812782,1.21938776812,-1.00957673300,0.39399996325,1.28963092254,0.00687734123,-0.85285691761
-0.36588007381,-0.70279859405,0.12330542765,0.45257329347,-0.04151047119,-1.08263058628,0.36194818377,1.14321758237,0.17115583014,1.30133461859,-0.51326548225,-0.03214029472
0.59470976640,0.50225583586,0.19354631481,-0.10054262576,0.04016698105,-0.90996101030,1.56638367729,0.48663176578,0.71031350675,-0.62418390802,-0.79234182954,0.22813338832
-0.64556744998,0.48017164231,-0.05181146889,0.52944930748,0.31806166827,-0.64940837378,0.09310411992,-0.12487655374,1.47020447748,0.85542008670,1.53401013121,-0.11840388536
-0.38541022756,1.12414797771,0.42488367049,1.10810506019,0.33638257465,0.06036724873,-0.64952473997,0.62483104487,0.90584081544,0.36632603113,0.39004532526,0.15795673135
-1.21118968476,-0.68610391456,0.95966163763,-0.35018203326,1.69301349288,-1.33070766277,-0.17786293333,-0.83268088830,0.05695060048,-0.52891513410,1.32140687485,-0.56847560722
0.15188804127,-0.22600436096,0.17380123190,0.79931553105,-0.40616487818,1.32274777064,-1.34761805738,-0.72732018092,0.31212198848,1.06439827774,0.64310410472,-0.87416704423
0.34122877820,-0.58496029812,0.45299432611,-0.19465516643,-0.35063890390,-1.07659436371,-0.51721515611,0.42745230693,0.98786345126,0.67880939071,1.06642771154,-0.34395018266
-0.79325334911,-0.25154445151,1.19039406068,1.24665029681,1.79139808522,-1.25252808535,-0.49454186844,1.15113927857,-0.21296623468,0.77064665966,-0.36188565833,1.34717576327
-0.82816379357,-1.18908154492,-0.83094643749,-0.82356549397,-0.98354669634,0.08766473475,-1.52052171618,0.72188399096,0.22960225722,-0.49120228542,0.81746431382,-2.24724564780
-1.26625688339,0.36788683173,0.37376895403,1.23469140180,1.95882718055,0.23525057933,0.06617684857,-0.24473574371,-0.05929765955,-0.40077878763,-0.67955341810,0.42907296207
-0.06213369386,-0.12477190958,-0.60773270920,-0.10337650787,-0.53144570338,0.46954070669,0.72824618506,-0.30526405984,1.19362823664,0.72240797104,-0.27505496222,-0.60621339783
-0.29276911136,-0.39094658232,1.43837168900,-0.39698391559,1.43990830016,-1.14701089672,0.75286724365,-0.88447572360,0.35389548515,1.08648144410,0.58837675972,0.13573016346
-0.15509308513,-0.41724169525,0.06783897940,0.38267305631,-0.84713532912,0.71384439942,1.30881939129,-1.53117548634,-0.13563193210,0.64895086885,-0.03363191143,-1.66463330022
0.63398652108,0.53022973443,-0.19292067738,-1.43377437510,-1.28006043364,0.06835430594,-0.20166766502,0.11768094085,2.06454157146,-0.44483960568,0.60576538323,-1.16764021489
1.48633486808,0.23300747540,0.76094784010,-0.09971127255,0.19391248752,0.89185210604,-1.12773421404,-0.29356098735,0.29567731732,-0.54674908810,-0.25569578143,0.47676861226
-0.25430016129,0.28350098457,-1.07120125157,-0.56550007711,0.85752268375,0.10494953315,0.55988437781,1.11517543734,0.82590438319,-0.52037888681,-1.19479417743,0.45924582528
-1.25528607103,0.71311779416,-0.57438584502,0.86362627995,0.53971076906,-0.77511583323,-0.00006009504,0.50927325370,-0.18183825517,-1.19271047113,0.99080081469,-0.10812024888
0.52194004894,0.78385030581,-0.99376566497,0.13819201280,-0.30726983869,-0.30501201747,-0.18890187289,1.61457887713,-0.15826000467,-1.84947534855,-0.02554787008,0.18651873690
-0.46786925551,1.06550402446,-0.31924011904,1.12131054292,-0.31238315563,1.11160277102,-0.29301507418,-0.26179831944,0.54279079597,-0.29048065113,0.12225480499,-0.48325050460
0.09099734230,-0.11423646801,1.07166458268,-0.32412670180,-0.41750961694,-0.65974885580,1.58178441375,-0.37505422889,1.13944182596,0.91773011085,-0.55217896007,-1.35954676187
-0.21720508198,0.38563981557,0.15641109678,-0.35842460777,0.34623276643,0.21320676682,0.38038862491,-0.86942925599,0.63121715650,-0.73327939852,0.40835291159,-0.44074410160
-0.52705506595,0.10415041451,-0.59718276340,0.22948521377,0.10755748824,0.94436199777,-0.40714567708,-0.47395007240,-0.03817668467,-1.28375080135,-0.20710471692,-0.47221278088
0.19585305875,0.56524387811,1.78860284222,-0.53992928717,1.97379862880,0.25309407021,-0.46616554264,-0.06242104867,0.29768563978,-1.16133690800,-1.28749986807,0.35189707212
0.01671424056,-0.83157115229,-2.25337083338,-0.54454152195,-0.25619075356,1.35404799982,-0.50661798255,0.00035982650,0.43588157621,-0.68048210836,-0.05693746560,-0.52091711045
-0.49931470885,-0.70669175216,-0.41699181739,-1.97656097642,0.90212595271,0.21496122908,-1.17421493014,-0.15782859704,0.32133376215,-1.23091630762,0.68752420540,-1.23006309274
-2.24950161023,1.38506165784,-0.31849463563,0.35878077823,0.95884087532,0.41141815157,-0.49883252179,0.47453813470,0.56396334672,-0.02395634900,0.33525490573,-1.03587836210
0.36484495900,0.43466522222,0.86754915228,0.54072599049,0.85211582138,0.57205770918,-0.14508126793,-0.20197600999,0.85191835901,1.20400009314,-0.57330996309,0.46539879214
-0.50148544718,0.82754842052,0.08146797189,-0.57449447295,0.62769054189,0.43385689720,-1.26431185579,0.90213111632,0.87107383299,0.61921600021,-0.33688543323,-0.01054390312
-1.40175079189,-0.37481800719,-0.92363762732,1.53354822859,2.03100795934,-0.36790567148,0.46427456984,-0.56720872527,-0.06421824133,-0.63402900306,0.13649462851,0.67353820479
0.15092856920,0.61018397391,-0.35977723955,-1.34120499628,0.18779876420,-1.88634893181,1.67329250410,0.32766412961,0.69964285605,-1.44818697646,1.17698067279,-0.81525314398
-0.55864092317,0.87951015996,-1.28207721167,0.30672113613,-0.54890873405,-0.99429506599,1.19179889570,0.41173166076,0.98803025120,-0.10770418304,1.25559538183,-0.24216810011
-0.02848779270,0.04539595218,0.79893287799,0.44862970198,1.07456883035,1.16228940912,-1.02785537415,-0.17190270377,0.42700296666,2.00224740629,-0.60509418894,0.13804054492
-1.58129767557,-0.11113352630,0.39027903387,0.60605917489,1.10066519571,-0.83281443170,0.68921969641,-0.73284284951,-0.02409536519,0.31129601956,0.80805852987,-0.53494587947
-2.01944960731,1.16310038453,-1.19945301704,-0.97095098597,0.87730867812,0.01753938045,-1.36220951584,1.33032597266,0.92939918401,0.13411199473,1.00190327291,-1.34106110498
-0.99360171552,-1.30549201658,-0.90484528539,1.38874268820,0.57203394870,-0.11682892250,-2.04328342937,0.32890747377,-0.63119705713,-1.76977579069,1.00739724679,-0.96040551901
0.56504677974,-1.49066061431,0.59812151828,0.17419398532,0.19590171291,-0.12892314518,-0.92746197633,0.38151944712,-0.22883614692,0.24595664156,-0.99394662823,-0.20374116008
-0.16152419844,0.80245654598,-1.64821410960,-0.54386035359,-1.28279455850,0.20984810133,0.32566237326,1.21103109750,0.76725464291,-0.78867684312,-0.15363281704,-0.57851814629
1.00523119655,0.10117599792,-0.18252697258,-0.35635918031,-0.40532405494,0.37393290821,-1.02736834118,0.28119487030,1.08038986036,-0.88960795828,0.46273062950,-0.01429807053
1.17540141106,-0.77805491144,-0.27388390381,-0.00133477628,0.81466372807,-0.55145945829,1.04312718856,-1.02845076091,0.02152802831,-1.81009635561,0.29693211770,0.41358446265
-0.94602841524,-1.44924479688,-1.42602742991,1.15694899115,0.23589532199,-0.25865271152,-1.11450663214,1.02614699501,-0.67401452692,-1.24626006125,-0.23697843028,-0.87275674683
0.40708171485,-0.42239433420,-1.17639305761,0.28206412714,-0.94861828403,0.60424405710,0.11223238425,0.24776852266,0.18940468492,-0.09712614938,-0.60547872066,-0.34933750441
-0.25583192780,-0.78956808494,1.00746845738,0.81754106689,0.87541658689,-0.96312321481,0.07706762820,-0.15158394078,0.66892165127,1.48069364428,0.51405743909,0.11416315617
-1.11956748541,-0.23628592538,-0.21281822165,1.09109816049,1.38403151352,-0.86608907114,-0.59398476637,-0.03846941314,-0.14405508563,-1.76690745395,1.01213186665,0.18746046210
0.17746325528,-1.09718599925,-1.16236215660,-1.60900567892,0.68391207724,-0.08703478403,-1.68438015535,0.48656121733,-0.28622187989,-1.60100998014,1.76276510651,-0.98303534708
-0.49315602648,0.20480145459,0.79203458313,-0.89088403347,0.51057893512,-0.38820017960,-0.26452533476,0.03623368799,-0.09743344530,-1.69436122829,-0.02567171226,-0.71194081090
-0.27690056320,-0.22096714327,-1.40934474537,-0.31146068071,-0.20342301326,-1.10101124913,-0.29655653928,2.77898263567,0.48566118410,0.36585128522,-0.22264778038,-0.31307747948
-0.64838197433,1.22474171234,0.06515172665,-0.55828254425,0.32289748417,1.25850238751,-0.71703479564,-0.16873368539,0.21066986946,-1.30346115283,-0.39667474547,-0.63986494914
-1.60359698905,-0.12737987363,-1.49306267997,0.57367981163,0.44359362657,1.16163145138,0.63879554006,-0.74051053085,0.31632702849,0.05235152905,-0.22911447105,-1.00959679622
1.20489638521,-1.41050522970,-0.47982395697,0.81440579078,0.63780952542,-0.14855974623,0.88123416165,-1.20253410363,0.30539142252,-0.40098647745,-0.13442444761,0.23658592734
-0.39163536535,1.62187133613,-0.02996452575,-1.06119737247,0.96077568089,0.95967773230,-0.08360919972,0.39732984546,1.16209816160,-0.40691843481,-1.00015269549,-0.15626241840
0.15889512315,0.29037792743,-0.19270962732,-1.93757108828,0.16987451854,-0.06382926278,0.31599739064,0.10430749931,1.34287717850,0.03920766088,-0.32825936603,-0.70112462314
1.16108882223,1.44434448490,0.28899827020,-1.36160314082,0.50851161478,0.04981010210,-1.11971843804,1.42060521272,0.60077709068,-1.16537009653,-0.01775145910,0.49389234678
1.06844394925,0.35302714716,0.33228299166,1.36606682283,1.44163456502,1.95828642587,0.10447453428,-0.67814146034,0.04372013087,-0.94237532938,-2.51380803240,0.29374202053
0.13561182250,-0.94857160481,-0.06356899530,-1.02172836878,1.26091179117,0.57977620105,-0.16937196896,-0.12418558311,0.69627617027,0.53775641931,-1.43993949078,-0.15952571626
-1.29361093926,0.79630736991,0.51149109237,0.42683819510,0.14724542888,0.02207025398,0.56772024960,0.48434988759,-0.08870737331,0.71945819785,-1.09046274403,-0.54409115171
-0.83341437371,0.30778174998,-0.20629879086,0.73314789010,-0.58394352919,-1.24318837175,0.54713453792,0.14789682592,-0.09614527810,-0.71555498022,1.16832059992,-0.63343026730
-1.13623090485,-0.20699416666,-0.48443374714,1.50879400546,-0.00114642962,-1.27276703657,0.33827019847,0.45108963464,0.25112756304,0.61247211951,1.18201845113,-0.31285058475
-1.52596703679,-0.84344404550,0.07933685298,-1.12985702444,1.95544831767,0.32077009166,-0.21662040436,-1.02190741121,0.16801375834,-0.48301049415,-0.22203147443,-1.19111938168
-0.39690845150,0.33018522622,-1.49314725535,0.73967255662,-0.32358114403,0.34210163596,-0.58020377951,1.78781197628,0.57838440727,-0.56606940520,-0.58637037285,-0.14630272422
-0.30110426542,0.31417320304,-1.11426232721,1.35725778458,-0.25240722851,0.27663181538,0.31979114189,0.20284980526,0.47500245758,-0.46795531400,-0.13021101341,0.09341334417
-0.00760621657,-1.11516182689,-0.42070703303,-0.34702485263,1.23753467798,-0.19135816533,-0.04978170603,0.02120058443,0.40965474928,-1.09642117169,-0.61401261497,0.10364029622
0.61449105056,-1.58843903182,0.72375879414,0.39899284467,0.65658683348,-1.20166218550,-0.73464204074,0.02725131662,0.69392350814,0.02790474112,1.03164597157,0.03553745958
-0.39399362013,1.01549889794,-1.79589656157,1.64134105907,-0.50213386668,0.34935902797,1.87985197688,0.26881154688,0.97413459621,0.29107565131,-0.64407841859,0.13701237509
0.51300338680,0.38594227044,1.31785775276,0.52131817829,0.10557353272,-0.48071910555,-1.01925977971,-0.09117411281,0.80933736635,0.31498665689,1.29393061833,0.20210746513
1.19654834315,-1.52886990043,-0.11300764708,0.09228131250,0.46936147644,-0.55702837398,0.01947145962,-0.94272038953,0.72132170336,-0.44522722382,1.25414762052,-0.00118900397
-0.04788917514,0.42780414501,1.30209582727,-0.27309316567,0.51030061164,-0.88355294406,-0.71979635982,0.72905623497,-0.17727922090,-0.05131740843,0.26128408795,0.35577195647
0.48393024351,0.06699026823,1.30062803307,0.46641734255,0.11295582408,-0.60386121528,0.95497229314,-0.04773505798,-0.37376829029,-0.14614184261,-1.12066396073,0.09014091901
-0.64147047771,-0.72552922181,-0.38059663864,-0.17006998903,0.96126597719,-0.21337220619,-0.81467872328,-0.30364809594,0.15433160366,-0.50126148832,1.18593518104,-0.32876903210
-0.30902327655,-1.87972037119,-0.12935720626,0.13460225766,1.23589380936,-0.48607303926,-0.99841585773,-0.70632664216,0.26267029546,-0.27968645454,1.47255062337,-0.63656874635
-0.13819285017,-0.55467965687,-0.16402513311,-0.02632488274,1.21661291732,-1.02478086498,-0.43734979281,0.24767234019,0.22917750878,-1.32704771284,1.13508670299,0.28151258630
-1.54811306639,0.04536451858,0.05205868655,0.12760198228,0.37375281765,-0.53368911624,-0.73037610228,0.71353040200,0.34129053737,0.41680003580,0.46842585429,-0.96136792213
0.04600808907,-0.49573497473,-0.90477764384,0.05434068705,-0.01102534990,-0.07365440603,-0.60323261550,0.61881661708,-0.44293213488,-0.97986930024,0.24685792861,-0.18752639723
0.20022284838,-0.54827630150,0.48312438119,0.02558242813,1.09264890657,-0.20889856494,-0.14869340758,-0.25678551939,0.11578647289,-0.55624686524,-0.27533891690,0.34079159557
0.28399889416,1.41749443285,0.15893891442,0.39543633658,0.12510283349,-0.28084984646,-0.43102411220,1.41051327195,1.66930626449,0.76316969750,-0.02049781171,0.74052116823
-0.06974738994,-0.31062542277,0.85832645762,0.95434117455,-0.34174293308,-0.55057211614,0.46280978157,-0.81099009905,0.45722382037,1.05717956000,1.06145006342,-0.50567254519
0.23212795684,0.37749856159,0.30944078598,-0.51500849404,0.80830513622,0.58723430589,-0.03835537481,0.03352731172,-0.54477851938,-1.64290360243,-1.25740141735,0.14190753026
-0.33339971198,2.06341137465,-0.12475485642,1.91584765824,-0.07525831589,-0.98799664831,0.94558766717,-0.42999863128,1.62091760127,0.60961471397,2.82715478112,0.13665138052
-0.43534586717,-0.13464623328,-0.16640148359,0.43799017654,-0.53077974015,0.11357257171,-0.45010679223,0.35007557637,0.38461588689,0.49416060556,0.05102868217,-0.53247142513
0.54422489934,0.08805120078,0.12175515307,-1.21223461704,-0.77913969926,-0.27837011797,-0.61668804780,0.34513140203,0.10242366714,-0.63653340001,0.56705151775,-0.72765372254
-0.53533210915,0.68545071587,-0.16763992369,-0.69171522518,0.68444745119,0.01164143290,-0.41113502033,-0.15466269035,0.94520554580,-0.20659256910,0.98823096000,-0.18055967626
-0.40345110313,-0.70267597442,0.79327653038,1.94101741995,0.47499082939,-1.13348342912,0.62478434017,0.74510327121,0.12414290998,2.08757936359,-0.44351457643,0.45212260461
-0.08583508460,0.26889984717,2.08102687716,0.87357208246,1.41132132853,-0.70931513360,-1.04025981532,0.15563817845,0.24139542519,0.37835272539,0.42803033029,0.77000602723
1.01735625131,-1.17503547114,0.11950974313,0.46637749345,-1.80966527842,0.39411544599,-2.21371540972,0.93813559618,0.47699850126,0.03652235122,0.07693775446,-1.09694354585
0.73796194632,0.00230435952,-0.10445182564,-0.06345047509,-0.27403189141,0.29117326942,-1.11922784808,0.26996613703,0.40995513982,-0.16237152110,0.61000604382,0.22284907653
1.10932498659,0.14649987860,-0.36164521696,2.32622242899,-0.95581539041,0.34828090175,-0.06808728978,-0.23936795199,1.04294391733,0.36492971761,0.44050819757,0.34410030346
-0.63962034330,0.42005645857,-0.32604283958,0.72628919463,0.22006201661,0.97805012472,-0.47638669915,-0.72357581983,-0.54734081854,-1.34973862161,0.06452656676,-0.36047555094
1.09834949113,-0.39649679200,1.22335968772,-1.78387227297,-0.52932173384,-0.41489921041,-0.58694664759,0.32645434097,0.64745350739,1.61434870569,-0.98556670626,-0.74181407892
0.27408507913,-0.52831364801,0.92632786833,-0.32795392312,-0.11956106367,-1.17097297976,0.17742281550,0.05686839540,-0.92220458491,-0.60512164967,0.36062639949,-0.18140882692
0.98855093401,-0.07732610722,0.46286430357,-0.80109210889,-0.39109759674,-0.84031811327,0.42177003927,-0.08655920564,1.00347135673,-0.57940185466,0.65101889056,-0.43374368663
0.74324101975,-0.18878663875,-0.64962744790,0.35078499946,-0.19964199382,0.19280933052,0.52613687710,0.65882876936,0.63424321023,-1.14067823654,-1.88696695993,0.52161092747
-0.52744895259,1.62389411981,1.20699629401,1.68461085345,0.83584049169,0.42788793334,-0.62572532972,0.83069279025,1.07098182541,1.44206124076,-0.32222243114,-0.11524291750
-0.56986754663,-0.80621487294,-0.27935735913,-0.84295201890,1.96917777969,0.35021188779,0.52518421921,-1.47792576541,0.50856880333,-0.28257605370,0.10079695682,-0.20629307051
-0.06400613613,-0.00991839756,0.45747436231,1.62686322139,0.43568635479,-0.05019596141,-0.33527564082,0.04299831553,0.44117481474,0.10184260132,-0.17885925230,0.37059947155
-0.66187457385,0.64438923111,-0.40074520806,-1.27651426233,-0.19203493077,0.81294457655,-0.82767620583,0.86043179950,1.39733567396,1.20720555242,-1.06480341867,-0.66982730428
-0.53822991175,0.88593240869,0.46299160952,1.60891831888,0.88728276445,0.73772126869,-1.02392209693,0.60642100741,0.30597370789,-0.31774429601,-0.57049301882,0.08790507103
0.44608482250,-0.11724159277,1.69003214525,0.98499676290,1.18772583034,0.43256197660,-1.20639693997,-0.60368072722,0.30948908927,1.10041225827,0.33196008684,0.47121858185
-0.33353573472,-0.65525574477,0.12434641226,-0.21364035796,0.18814051413,0.83672213531,-1.48230007815,0.11574484434,0.86375304184,-0.63047689782,-0.57163969347,-0.83116959005
-1.04978580375,1.20757587534,1.23155759302,0.72302631519,0.19908600460,0.20941261805,-1.62584835867,0.67638577477,0.03908642125,0.61455888563,0.21289112832,-0.82277911370
0.38592543271,0.58094397076,0.21767871253,1.20635732866,-0.29350017421,0.24568584945,1.13182774002,-0.53202348755,0.91487621464,0.99871088984,-0.13696502582,0.05791217658
-0.73101161523,-0.14102327878,1.04174690841,1.52402695627,0.16814573746,-1.41456096642,0.04899043844,-0.52736613486,0.01964539424,-0.18260053077,1.60795563646,-0.36720806843
-0.02518249359,-1.19542210862,-1.62347085378,0.85850337203,0.20758835505,-0.25878563723,-0.48939857273,1.96234383432,0.16095748278,0.03924051222,-0.92593899911,0.06183135263
0.77980538262,-0.00996472706,0.56446663717,0.61214343371,-0.44668312997,0.31420424156,-0.78338823554,-0.35213142564,0.44608768328,0.03099228707,0.51847554496,0.03294464069
-1.63267223611,-0.89870547340,0.63573610799,0.47481141474,0.82984338621,-1.83345346502,1.54542583832,-1.26785982303,-0.69937772343,0.77382919745,1.40935510318,-0.84291356214
1.36699329215,-0.10329712649,0.25064869770,0.44910202391,-1.07185692843,0.48596019543,-0.06678324878,-0.26701233399,0.42365942023,0.34435590020,-0.45858538391,0.04437186612
-0.67084343218,0.44974586639,-1.53813508126,-0.23158815578,-1.75518452030,-0.25399567696,0.74156324557,-0.32859662374,-0.16929956025,-0.71347053900,1.41707718573,-1.04655538205
-0.87526453439,-0.64436349145,-0.64864995606,-0.02844510136,0.05645084434,-0.42030834690,-0.18347829010,0.42241515324,-0.09392864885,-0.62565757754,0.22296769819,-0.89419259001
0.33024637350,-0.69143085479,-0.37594955536,0.07201887885,-0.48998545430,0.10048425731,0.41852775407,0.76847958788,0.55834536809,1.44790160601,-1.31652093267,-0.10546488925
0.10201228289,-0.47747360606,0.18570245567,0.21195488170,-0.79736746815,0.43706118569,-0.12443391356,-0.78682921697,-0.38985942668,-0.89984021768,-0.09978643258,-1.02427910249
-1.00980400754,-0.61027263175,0.89784697858,0.77972695566,0.74382621362,0.52432787733,0.08410014748,-0.99186562529,0.01996810873,1.79993669384,0.24961589965,-1.42952589756
0.92663661201,0.35672882640,0.47537834936,0.35208600402,0.83590896389,-0.91746347071,1.09688677710,0.12715932350,1.00066068716,-0.87927630830,-0.07796306196,0.88973142601
1.29825198318,0.00530078850,0.20823484718,-1.51393269048,-0.93743473667,-0.98135165358,0.91567678293,1.41989274867,0.01971494147,-0.40408864115,-1.52765695130,-0.51964186191
-0.94522142135,0.19098389012,1.05500607783,0.66678372996,-0.60522664729,-0.76582630504,-0.24784879063,-0.05737392103,0.23003732978,0.55311900737,0.89637144793,-1.12175774291
-0.48154235723,0.98941042814,-0.26297908592,0.88158499107,0.25321413412,1.09942090106,-0.97121310288,0.36637922488,0.32357933772,-0.96255979496,-0.26936310531,-0.23838822639
0.36653861258,0.88595203326,-0.10018723252,-1.21310044141,1.15755486655,-0.15216050123,-0.58113522517,1.14754558399,0.93545517787,-0.38979343164,-0.10601229820,0.71435523715
-0.62250326824,-1.03203597511,0.13363924700,0.23102561936,0.65392318590,-0.09589180055,-1.15481281638,0.41050209091,-1.48134553397,-0.13345830955,-0.08563665377,-0.34071948807
0.36221454423,-0.36091831619,-0.44586580940,0.76206754602,-0.69613810292,0.22179437207,0.68553779173,-1.36951588838,0.16785111499,-0.10307540384,0.88919865446,-0.49493102077
-1.58836604233,-0.27590857740,-0.01715455450,-1.02042271299,1.24340276915,-1.15102457638,-0.56827378467,0.55518242043,0.30780963448,0.85363457350,0.96454016540,-0.73983374199
-0.61823179880,-0.74909511778,0.68119547403,-1.06310556132,1.39126941564,-0.62799768655,-1.03807750920,-0.43433146188,0.09141176453,0.90336479536,1.21879222992,-0.15402160245
0.42831730895,0.98092661597,0.67040135636,0.11199272113,-0.44426745283,-0.40781251898,-0.78705508329,0.85936276578,0.88383738502,0.11022836800,0.42305027049,0.14553109096
0.68132081181,0.59882826050,0.92285021089,0.96958114479,-0.35772813195,-1.03845213885,-0.53249573019,0.97056576456,1.16353967115,0.54641940016,0.69551169699,0.53639582008
-1.97497100407,1.62295703019,-1.57683386164,-1.09491588466,0.71954219414,0.02597632976,0.84607978296,2.01367567577,1.06922988390,1.07291024470,-0.84995727927,-0.46773411221
0.11499490302,-0.19683442435,0.46331208143,0.14396503757,1.13506273067,0.47683315086,-0.35496389364,-0.66214443178,0.82718299549,-0.05784880383,-0.16455937378,0.12778345998
-0.30715869501,-0.02823373024,-0.16084940094,0.72020570802,-0.07747299715,0.15849675566,0.34656506205,-0.46893412933,0.07463250356,-0.13318661571,0.01715193755,-0.28081776063
0.56104253317,-0.42579375168,-1.10399869913,0.05294521769,-0.79741942004,1.75024807957,-1.53311457592,0.51182043942,-0.02314244413,0.06867077879,-1.01845870207,-0.48055666931
0.31602362225,-0.67570114428,0.36901938925,-0.23110350336,0.93905956451,-0.42401317739,-0.58763013217,0.18112787417,0.14125438168,-0.02080918482,0.20022048850,0.49360358107
0.41768411369,-0.21495019865,0.14063255878,-0.82592725231,0.07053060735,-0.06940027543,-0.89575726200,0.27754310963,-0.12957471026,-1.07406819276,0.36825692276,-0.31830651104
1.06991043431,1.19838967390,0.51341378752,-1.55457009593,-0.43771951974,-0.77600111827,-0.00191923240,1.51442379303,0.71010211599,0.32619594300,-0.75177140281,0.21609336399
0.18108319012,-0.12315702498,-0.99328629775,1.26913406890,0.50837708627,-0.09102657801,-0.78223083267,0.90724445435,-0.31456713427,-2.21701461704,-0.21264918989,0.63665601430
0.54554809085,-1.10948406129,-2.20698637322,-0.11879085031,0.54556611414,0.37715673102,0.47316237508,0.42244495740,-0.06324005935,-1.10791574757,-0.84834100665,0.08012646308
0.03479184687,0.26562467152,0.72565573576,-0.15851590807,-0.39945607697,0.17276089258,-0.39197414373,-0.22265716751,0.79752897536,-0.17568662030,0.01883698834,-0.72870354183
0.05418483819,0.46118898211,-0.23978798681,0.11118270436,0.20189145969,0.60962668973,-1.38931136558,0.89950641809,1.73530079593,1.01422778780,-0.10222108019,0.19480718531
0.74769839977,0.51213287210,0.19181633538,0.49688138504,0.02499470760,-0.75637231261,-0.31660870444,0.67880909796,0.61120387712,-0.98734626835,0.88865367078,0.63366471369
-1.97634768734,-1.58371870055,-1.75194788580,-0.38973862424,1.58650644252,-0.38995424933,-1.19867646174,1.08534892793,-0.15127795106,-0.45347927410,0.58484282515,-1.12344161208
-1.37286563094,0.89019501673,0.19596235552,0.61938134998,0.23108874044,0.02239183156,0.38861795211,0.65459743436,0.58435206466,1.37017479599,-0.57302601408,-0.38232391151
-0.21310539554,-0.71016099107,0.22874638603,0.29213244332,0.67433384351,0.29526348678,0.16567009330,-1.47809472036,-0.22667616472,-0.41839751936,0.41731721822,-0.57022875828
-0.70624709847,0.49276771243,-0.20653749109,-0.54591506774,0.91771390242,0.00590295208,0.01830420431,0.88799397223,0.63177663911,0.32400983092,-0.86870572152,0.19317352898
0.80447860331,-1.00882251273,0.21426210983,-0.26913596882,-0.41711345783,-0.00519618764,-0.77128395250,0.56519987115,0.25712981342,-0.04808152647,-0.85793913063,-0.25969825519
0.87881209232,0.13755942720,1.44565836214,-1.61046486968,1.22333103147,-0.91133810450,-1.01665726034,0.37991062006,1.08605695542,0.58359498433,0.17776707344,0.33766230758
1.51225297393,1.24305411085,1.38668037755,1.07713157186,-1.53574521935,0.12047512483,-0.38689842058,-0.13918956338,0.70734489927,0.20288984182,0.66983389531,0.04882309424
0.17315405620,0.58901027979,1.18002541691,0.18189143361,0.51538814537,0.57922457658,-0.30560195493,0.46456496314,0.24966325099,1.22392927796,-1.86967813243,0.15700635021
-0.11709325383,-0.60568819240,1.05251375801,0.90153994730,0.73658765807,-0.66872437532,0.16987051905,-0.16125032481,0.15048084197,0.87599247105,-0.15314249734,0.15719063702
0.00981517048,0.45811569887,-0.39768087498,-0.16699702888,-1.28160834348,0.71533316731,-0.63449585143,0.73573436978,0.78769041827,1.06765590917,-0.52726529628,-0.41695263477
1.28902298674,-0.78558710090,0.20579474878,0.36721282282,-0.13126413258,0.85643786017,-0.17235301829,-0.67671131442,1.01328961631,1.65134834702,-0.34648305103,0.02594804770
-1.03805275766,0.20305081557,-0.19703124615,0.57698000661,1.06075013402,0.07620203128,-0.11315467773,0.63098533029,0.60181806391,0.57215760666,-0.59593026689,0.24776970500
0.13672367367,0.79543176320,0.02980521032,0.20405780130,-0.50259991969,-0.09069735869,-0.22479510279,-0.42988989652,0.77795728336,-0.86325842290,1.48648664545,-0.29956217465
-0.12182014438,0.29890939336,0.96161580123,-0.05745847366,-0.61468088055,-0.67410915462,-0.54405683248,0.65599245473,1.02838251679,0.99050145434,0.06288728111,-0.57309604483
-0.11412648774,-1.62061285841,2.00918893475,1.26461330908,0.28259012776,-0.79129388995,-0.02088712107,-0.84976522851,-0.17250976233,0.64000260400,0.23886797089,-1.44549235226
-0.26703518832,-0.17859177427,-0.20305188972,2.33797410981,0.61757574494,-0.40813272233,-0.21193336379,-0.61775110006,0.06666777325,-1.04295626123,0.71182085635,0.41997865092
0.15471270617,-1.23299027478,0.35012697049,-0.57954054093,1.37013619322,-0.25425862478,-0.11075765816,-0.12076021113,-0.37513628275,0.34770405636,-0.62952794523,0.07455670195
-0.42621794475,-1.79858578033,1.00852984423,1.38552445857,1.66953023648,-1.66104351609,-0.08609092697,-0.87005049574,-0.34523136471,0.33089659820,1.16952657871,0.50193212387
0.02140302671,-1.08372730773,0.56200738579,-1.06286809056,-1.07580316425,-0.70349254312,-0.00383361708,1.37727742576,-0.80083663940,-0.29582630149,-1.96075020548,-1.58514649546
0.57293022936,0.09872955007,-0.82132874301,-0.24121241067,-0.23542458423,0.32872319044,0.79978298367,0.30840826506,-0.29662867172,-1.44725860222,-1.32323110470,-0.11299515896
0.41147145077,0.14127442297,-0.19987414967,-1.31254892689,0.44797768594,0.59857030025,0.04525457612,0.34212817395,1.57114852888,1.17693587377,-1.36698785649,0.08256673268
-0.06710487868,-0.07775331351,-0.36531324480,-0.03150276696,0.44867435985,0.21567745137,0.33434360676,0.01963937293,0.97785877359,0.90788090767,-0.24435117736,0.24793331241
-0.61681482122,0.31342051236,-0.11270062639,-0.11843443492,-0.19007360825,0.45841699466,-1.05406866998,0.81490481186,0.06452126783,-0.25420973712,-0.52393115851,-0.52015476169
-0.02073948377,0.90631227721,-0.49468929784,0.78826750591,0.78028680419,0.18029665499,2.48057242287,-1.70015035143,1.27515868131,-0.45494589951,0.45134601547,0.00543870302
-0.35818950042,0.05890679352,-0.82044586216,-0.38834896905,0.03552280735,-0.26451579230,1.27564223416,0.18040819086,0.42039332833,-1.39033453218,-0.80703255305,-0.43397852305
-1.50111378855,1.75221946230,-0.74865311619,-1.15703740535,1.27260247419,0.80328356664,-0.88160733697,1.36094020448,1.42739970060,-0.02763140949,-0.68625252600,-0.56775889919
0.37755974622,-1.13180003071,-1.41998447707,0.54800438790,-0.92310559448,0.83861566984,-0.53872170647,0.96478573058,0.49650481466,1.12615130563,-0.80261097673,-0.39130811299
1.48226288751,1.01759850990,-0.56017087491,-0.88933181929,-1.11677628767,0.27469481666,-0.52030967278,0.85522518703,0.63822225130,-1.29771107580,0.32645302684,0.01241304427
-0.82882361905,-0.86257188554,0.91178353528,0.88795619179,1.31740539359,-1.11060346016,-1.18177710748,0.93739804302,-0.15734375517,0.64128953722,0.14556510698,0.40495176225
-0.06196731430,-0.30074923258,-0.21865602919,0.32872877056,0.21345333313,-1.42942615462,-0.19177140876,1.10625952021,0.19750385509,0.15236758383,1.04788799005,0.42216765862
0.58248423264,0.13376088519,-0.42869197734,0.95057155889,-0.95341228046,1.16396107076,-0.18658466181,-0.89618818097,0.88243696257,-0.34979308817,0.15028056817,-0.50947551293
-0.65171242076,-0.06344274278,0.18620966365,-0.16695916714,1.83329425112,0.54487615336,-0.96398051676,0.76210433730,0.20945138640,-0.24896643145,-1.67339699517,0.62163838547
-0.47551143651,-0.29980546699,-0.35417669521,0.60979782226,0.26659910490,1.29503607025,-0.46783023275,-0.49447920544,0.24714166527,0.64801329429,-0.51856393553,-0.62601254200
0.15720101944,0.28491422047,0.87957217760,1.93016246029,0.33535497460,-0.38538282947,-0.81482552745,0.30363003498,0.42406150085,-0.54718261888,0.37569882611,0.41305606423
-0.05143137707,0.83762990092,0.20527224644,-2.25476842685,0.88708415097,-0.54800511160,-0.42956750617,0.60793584525,1.44415353098,1.30400859408,-0.08473126440,-0.05588145777
0.63464531347,-0.20525428189,1.80010095656,0.53570062324,-0.32559919288,-0.67412383676,-0.29707490634,-0.51519734735,0.49232594849,0.59155310731,0.79669481701,-0.27858876267
0.63508700967,-0.88952207435,-0.80730223953,-0.90604049381,0.31627023017,-0.65024385178,1.29484216339,-0.42767750240,0.98979482605,-0.98043708181,0.27344696105,-0.54051016005
-0.29796370688,-0.44971224404,0.67865739309,-0.90153048442,0.41822546911,-0.31604466703,0.49498680189,-0.10820940704,-0.60251175850,-0.47561153192,-1.09568653341,-0.87469606280
0.06253982687,-0.58692913939,0.18636516889,0.82214634511,-0.11489400890,0.09896530014,-0.73110769889,0.01137833988,0.99364236939,0.05946687924,0.11692066983,-0.37634835457
0.32414872448,1.48109352456,0.79818162355,-0.96282358855,1.39589621462,-0.62742005530,-0.02861791041,0.97684368731,1.40765705819,-0.06913617941,-0.31813526858,0.70472036985
-0.44904627538,0.28129013890,0.52545514486,-0.17809213048,1.01328804816,-0.45159154282,0.90536194445,-0.96158959909,0.51805930098,0.12396495569,0.64362816597,0.07809207745
-0.03939645258,-0.26440883377,-0.40230937577,-0.47933256169,0.98556248622,0.36428115989,0.96594240360,-0.24645156062,0.47234331971,-0.03273324236,-1.24140653000,0.02074629721
-0.53997851696,0.68145033988,0.70668183136,0.32790015654,-0.05475384998,0.81342752954,-0.78884366981,-1.15762229475,0.78561509616,-0.05276665460,1.17071841332,-1.23102638616
-0.58433200138,0.62265689416,-0.45492901814,-0.65086088720,-0.51595724828,1.66640561774,0.90710066560,-2.22304580367,0.66084240496,-0.87802707596,0.45689952114,-1.48500243811
0.83455136387,-0.36065383083,-0.46823947546,1.85568856384,0.39548906059,-0.50067172449,0.08042398018,0.46339659636,0.58916517317,-0.40009763289,-0.12856156016,1.32372835122
-0.26994149097,-0.51429450860,0.86351606564,-0.39079844340,-1.11045525995,-0.56938654809,-0.24496840562,-0.40486996008,0.38217116758,0.91278989598,0.93848567037,-1.41783085020
0.27977520299,-0.08039825661,-0.10818459281,-1.55914121760,0.06253047194,0.83740276656,-2.03809696023,0.78184525970,0.80326078021,0.91973863766,-0.71378185095,-0.37026080878
0.50142865532,-0.40506343008,1.01347857534,1.54607038993,0.40195267788,0.03231355246,-0.17777388097,-0.80483859717,0.36626258812,0.75454214130,0.44674533794,0.22149430642
1.15046625275,-0.42303328625,0.59687121787,-0.92362777500,-0.20940964160,-0.89189828825,0.50451043619,-0.32096972646,-0.90696095238,-1.01802247010,0.54023330025,0.00847946010
1.23793620995,-0.00102173105,2.09399948866,0.07230558455,0.73781614331,-0.48247928204,0.79638180284,-1.13419811408,0.72556155997,0.85898845648,0.20216298001,0.17535934379
-0.31650267613,1.52703427046,0.53612920668,-0.29628740132,0.00340927620,1.10512784291,1.44553237565,-1.64642334876,0.70442703669,-0.90216180858,-0.11806407252,-0.98050463550
0.08420546388,-0.16439254453,0.14937130100,-0.60621691090,-0.59842935535,-0.82813130793,0.82253781477,0.42753563347,0.87770030872,0.70015239175,-0.25348366316,-0.64048631503
-0.42630038050,0.19897433280,0.22962451020,-0.41605918483,-0.83753963872,-0.04318334619,0.25179416902,-0.29269212000,0.51418959598,0.78648170014,0.32860766872,-0.93214199065
0.35025502085,-0.25859303708,0.34453345181,-0.83093669224,-0.07169263987,-0.86766438011,0.09119915801,1.47231057715,-0.66225583402,-0.06701937867,-1.24856594346,-0.15362399245
0.18642816190,0.87419785185,0.25074059730,0.16180636958,-0.66628323851,0.88447288721,0.73023902231,-1.55973569682,0.44113998361,-0.91440087152,0.44709033312,-0.76347105039
0.16472399105,0.14627340989,0.40707340597,-0.69712617330,1.11942675050,-0.61267930097,-0.07754698732,-0.25911947114,0.68630460506,-0.70554997455,0.94185841047,0.29606448317
-0.40344090056,0.30105779776,0.74229015316,1.58868843374,1.22388163705,-0.92332276009,-0.16243150857,0.33761309602,0.86831574324,0.81303741866,0.86193112020,1.05015251265
0.24878621416,0.42811166565,-0.33408569230,-1.06386629475,0.10705474360,-0.05547781829,-0.17532731116,0.48404308106,0.85956937636,-0.19116212270,0.09784140361,-0.02774058120
0.21949238366,-0.78498422205,0.65834835632,1.41521705062,0.88481300490,-0.81213146908,-0.71956243264,-0.30250115255,1.25715396612,0.57897923048,1.45591428871,0.41674399823
0.24121597496,-0.25107936847,-0.26428403698,-0.93654447764,-0.43316342179,-0.32034892946,0.01475480128,0.54937457602,0.48269809892,-0.07295287497,-0.18394111266,-0.53632643626
-0.21495345452,0.65364340269,-0.58301208770,-1.92649955006,-0.75578210482,1.26010175371,-0.61034752863,-0.07015551310,1.39168726548,0.66496190423,-0.52787919338,-1.18359450475
-0.05561892099,0.38126892665,0.61280909545,-1.05617445860,0.41622061711,-0.66115023061,0.23570627803,0.14091986439,1.01006094254,0.56028011985,0.01423246785,-0.29107212921
0.28439914745,0.37693796440,-1.76349378190,0.61295083873,-0.54211109054,-0.77576242015,0.56650109982,2.33560196862,-0.08785667436,-1.43206657574,-0.75831462381,-0.09848137327
-0.94298898172,-0.61262329861,-0.14626196089,-0.75903906134,1.36740792880,1.05325832140,-1.54629728733,-0.15301084601,0.81188246310,1.32051200233,-0.22076740143,-0.70567655764
1.54945240998,-2.59065278897,-0.98026523207,-0.08129817255,0.72582847048,-0.32314396994,-0.99925801647,0.89483597110,-0.21745671337,-0.53064886519,-0.49905039453,0.29037461274
-0.36098222502,-1.36860619628,-0.73196727358,0.11262679915,0.79610663847,-0.34887867879,-0.55938833373,0.79258344746,0.36371157546,-0.78228768133,-0.70951756603,-0.05187848187
-0.04001732811,0.48697933972,0.22175810260,-0.41530131873,0.18363088413,-0.78386661153,1.05162141202,-0.26088563047,1.26272648994,0.03046768324,0.54045794919,-0.30673115243
1.12208856598,0.29916959512,-0.31153806467,1.17221833541,0.10520256592,0.78702712582,-1.58135953824,0.89446296357,0.72761334067,-0.95807208369,-0.09532187115,0.72677180791
-0.28103649241,-0.57757157514,-1.31246908523,-1.43344635050,0.55047449540,-1.36724837332,0.91643186906,-0.07149360858,1.06289879900,-0.62845647144,1.80794184766,-0.91536513099
0.01912322156,-1.21875049583,-0.31655043025,0.32646650256,-0.69021151547,-1.30983218638,0.50886169678,0.67343446172,1.40844254392,1.15556775402,0.66132005032,-0.81884472272
0.08398368670,1.50960637643,0.95198709429,0.35720659393,-0.15102645733,0.69041611466,-0.00429987765,-0.26916374909,1.80389279923,2.24580760540,0.12596209408,-0.50987911208
0.34936779345,-0.30796037089,0.58387483828,-0.53693553402,-0.62375288310,0.21308892941,-0.60465910258,0.06279657039,0.93603153308,-0.09806935968,-0.45029769962,-0.87327532962
1.31355593851,-1.00633738008,2.22516070293,-0.00665612387,1.14759458574,0.63362059068,-0.43692379470,-1.06710795084,-0.68536484143,1.24740755506,-1.48660672953,-0.30345689147
-0.45655017926,-0.51588715899,0.70565655817,-0.03386573288,-1.20732048009,-0.59882623613,0.33859878639,-0.66450816307,-0.23765385423,0.50465371852,0.83375305214,-1.35446321945
1.17346855700,-0.90594317779,-0.12061766274,-1.33500483852,-0.30977276259,-1.14839927160,0.58921670735,0.40828832023,-0.28316705716,-0.32460731985,0.30032491320,-0.47994205656
0.62055649936,-1.06617913013,-0.44082169156,0.27135564778,-0.61690185197,0.18133904800,-0.86002356613,-0.52928964693,-0.44806278779,-0.60664608073,1.04310629579,-0.60283349425
0.26490105913,0.28162199222,0.45050986571,0.24992376412,-0.60399735626,0.08431642322,-1.05747791535,0.35177341633,1.07306741933,0.05853957078,0.39483511332,-0.42278323002
-1.50731321893,1.59711154895,0.10669048166,0.02442948181,0.87057869683,0.33277294585,0.62816491328,-0.38390289999,1.11127338979,0.31630026423,0.32167217612,-0.60979126160
0.10664486932,0.11272513553,0.59684901221,0.04066431641,-0.72467807479,0.29215358369,-0.02419476762,-0.75129954537,0.39770960759,-0.25939284364,0.29531538796,-0.87562331647
-0.91289171621,1.08922914602,-0.97535848354,-0.63546156056,0.19587442951,0.58319561157,-0.20045515773,0.23272934077,0.43007256548,-0.95355160061,0.43761405917,-0.43698036718
0.77070875541,-0.02512253173,0.53788676180,0.69763282365,-0.35015165935,0.33143980600,-0.01194163331,-0.21915479716,0.32085685197,0.48718602160,-0.53912214315,0.14848134562
-0.24320499722,0.34845928630,0.12695041104,-0.15990171091,-0.92778540780,1.26465383672,-1.62123016092,-0.59424860576,-0.51465992053,-1.66647500973,0.58425807832,-1.28021338773
1.36966335213,-2.50157954486,-0.32797902514,-1.41028720035,-0.15721021897,-0.57265192484,0.53228500435,0.27260005213,0.03847377575,0.08651326403,-0.74901597040,-1.60159853583
-0.59034812425,0.02479216553,0.14735856063,1.46135599257,-0.10149062879,-0.86081780567,-0.51948671919,0.47068592596,-0.18658160433,-0.58689004230,0.87103886335,-0.15400695154
0.06602348377,-0.90021083752,-0.25189735084,-0.72884915859,0.52766002482,-0.35171125917,1.14833249089,-0.51281595175,-0.26914194409,-1.18638418481,-0.78412106811,-0.80793752170
-0.67613372033,-0.85215579386,0.35539343676,-0.40516743990,1.94404111444,-0.12041914598,-0.56011710094,-0.78532912317,0.14728969153,-0.64496948086,0.34049767881,-0.09289427319
1.37098825199,-1.36988973571,0.08479773913,-0.37926715851,-0.73929224283,-0.86230553874,-0.73385655007,1.24576084942,0.91940415413,0.13139927564,-0.20375265673,-0.14433656681
0.16058292301,-0.95237277787,-1.15826253363,0.10934721766,-0.73869882540,0.94388216850,-1.48885979590,0.10058127657,0.16007618164,-0.90777713062,0.45332140048,-0.95222816504
-0.64421841420,2.02534822235,-0.16156612583,-0.63362105522,-0.74122851520,-0.01078843747,-0.22957578621,0.86928206422,1.33663412531,0.06421620766,0.34143497194,-0.74946222198
0.84527442251,-1.13469703025,-0.28145461864,0.51395869185,-0.31423710147,-0.37115576695,0.35922451706,-0.55666478371,1.21692001398,0.80942872177,0.92066300746,-0.17251078629
-0.80505776931,0.64467884488,-0.81741663827,0.75023121724,0.28629283592,0.83794033053,1.29238855204,-0.04050228156,0.34530938036,0.14040867454,-1.34345657781,-0.25077623988
0.06087361657,-0.96249213617,-0.92650346809,0.03324491772,-0.41286974535,-0.44994626250,-0.82704556767,0.97094361270,0.69300199261,-0.03721838915,0.69434435390,-0.51129238748
-0.25508330296,-1.10725248798,0.37491916700,1.09975603606,0.58026750408,-0.68439308578,-0.43758748769,-0.10800554702,0.02411724359,0.11344782445,0.41423299071,-0.08053134705
-0.56143236465,-0.12567075215,0.59873719931,1.32348473280,1.42069390330,-0.27560377532,0.04921612342,-1.11137274584,0.45140005761,-1.43117675431,0.45436715847,0.09370360358
0.09827773702,0.31577469125,-0.34438730196,-0.43709897389,-0.41872681469,0.60542906676,0.56518671532,-0.82325762228,0.70136583482,-0.06434673035,0.16032982168,-0.54433104877
-1.54925895625,0.56390048185,0.36081959140,0.98212758529,1.14227840207,-1.43274702400,-1.21602436397,0.77937898637,0.59725564751,0.27008283346,2.16994903301,-0.52936971024
