0.62594827633,0.29046507441,0.52286962313,-0.39339218213,0.38825802825,-0.43058318710,1.57906944648,-0.59654189879,0.14083682917,-0.86743017390,-1.04855075838,0.28184383025
0.14505644801,0.20189954921,0.36232252803,0.84240469326,-0.73776725413,0.46278970407,1.83951290734,-2.02771758323,0.65530690062,0.66618658602,-0.27233025164,-0.58978839244
0.67342004272,1.26779072030,1.16890621946,-0.88448655634,0.96394262032,1.40956377042,-2.07646658134,0.47363382570,1.84716400317,1.53906313387,-0.62392435014,1.26197415748
0.22408229702,-0.23950474665,0.94526479845,0.48953180126,-1.50913803586,-0.03649277181,0.12317550310,-0.72754565989,-0.66031623029,0.79864580379,-0.44182587649,-1.45143916518
0.52269322565,2.01459756178,0.59980117214,0.94470264822,0.18252690284,0.32736116617,0.95066160169,-1.28278860564,1.46217956227,-1.41783167725,0.81344789937,0.83756791537
-1.64215480426,-0.05340911192,-0.18520989115,0.23375133286,0.70253804117,-0.66077469048,0.46372616115,0.67916282296,0.00071977996,0.97203435773,-0.41052268419,-0.64122423617
0.49011676955,-0.30471142558,1.19739843017,0.55251978533,1.26405890721,-0.01367092212,-0.32781796270,-0.18749073904,0.76968499051,0.82706867194,-0.63867235123,1.05629440394
-0.96461063605,-0.43337217443,0.72875301818,0.09099796707,0.27343492643,-0.45222926609,0.94021666535,-0.81683579393,0.49542315104,1.59768302996,-0.34120934406,-0.92850341980
-0.02097404768,0.11596322162,0.52987716834,0.75519056427,-0.05359328053,-0.39294801880,-0.34390597518,-0.54549428541,-0.25211918626,-0.58117273172,1.09525426754,-0.25129681035
-0.47307285223,1.46444202433,0.80562247893,0.55667168249,0.53102567765,0.74068301427,-1.81387648136,-0.21147015232,0.49046200907,-0.43563760801,1.07602987886,0.06844211124
1.05688237348,0.82939061263,-0.14201339901,0.56028929426,-0.82354528971,2.24017069292,-1.12489366343,-0.81138055668,0.58798770431,-0.35945648388,-0.64243479100,-0.21074561961
-0.22539871796,0.94610435714,-0.51264521279,0.90938224134,-0.54908137979,0.13881953019,0.18658927317,0.43923224710,1.03140115935,0.08209069126,0.21695914344,0.07737096800
0.80862027433,0.03901378243,0.07600653153,-0.04248136657,-0.48933109790,-0.27442858191,0.70888089836,0.01042964557,0.38877159766,-0.25258595199,-0.57395350708,0.04481843895
0.65684160862,0.18326146364,-0.41452395576,1.56241102972,0.09800647218,0.42320590569,1.24812186861,-1.30606968198,0.32912850598,-1.62880084548,-0.08355226865,0.41341723512
1.63258582474,-2.47478283142,-1.02307264492,-0.13723554011,0.87346656752,0.48123236857,-2.10802956384,0.18913563470,-0.01140403430,-1.14587749586,0.97072286559,0.48371267338
-1.58725170585,2.01595612655,-0.84567831741,-1.58021026488,0.70888764130,0.41768840403,0.34368251152,0.53577028411,1.31295342886,-0.26734737940,-0.02692825391,-0.58952864736
0.06345127431,-0.38726920260,0.32249716739,1.37635476930,-0.73472593144,-0.47949784779,-0.56771325820,-0.22400568567,-0.08970642583,0.06791775180,1.15816085965,-0.44805230215
-2.20065481601,1.59228004708,0.11355503788,-0.17680291529,1.99157399745,-0.13296386053,0.63982510580,0.79213510457,1.03217366026,0.95358463499,-0.98850697339,0.23537737637
-0.54638954893,0.47599383553,-0.07316067027,-1.01742077060,0.49381017298,-0.03965583201,0.80147399912,-1.07758432108,-0.70938975676,-1.69652945208,0.22298633033,-0.87392147241
-0.44712178229,0.27434326041,1.06828299107,-1.48094359786,0.92896194527,-1.24305313605,0.44082826648,0.13133084067,-0.42892591290,-0.54595266690,-0.27818910748,-0.44878343625
-0.12675117416,0.57917449434,0.44996785111,0.44648890648,-1.51414077713,-0.98984095599,-0.23465695831,0.58196202751,0.77385552265,1.11273051034,1.28405154540,-0.65499902361
1.17439940992,0.42396871429,-0.29073531401,0.78502906977,0.24940144451,1.37806104702,-2.41214380406,0.66628356163,0.31208512114,-0.86718510884,0.24304138526,0.90839081183
-0.54905923405,0.10877351976,-0.00412170923,-0.48759936519,0.67760576602,-0.48229154034,1.83496693925,0.27912864626,1.26600849902,1.53932752704,-1.46591792888,0.22264375143
0.86361679816,0.21938796965,2.58547675976,0.38687602525,0.28837631253,-0.58846693490,-0.57411033195,-0.02119179351,0.96035327498,2.23152430157,-0.53191464498,0.89765460671
0.54086495858,-1.19211457467,-0.52617653696,0.27360235476,-0.70976768192,0.85300225926,-0.40880189726,-1.77785274314,-0.26514551286,-0.77408100655,1.09940099462,-1.26928846778
-0.50695382338,0.36126047355,-0.34003356032,0.23951908323,-0.43191731348,-0.01877849259,0.39856933554,0.90448526251,0.29598926364,0.69880440394,-1.15091632453,-0.47744852155
-0.54307466732,1.72164517121,-0.15341360997,-0.23960352730,0.32374901035,0.61422892770,-0.85781270219,-0.15467111315,0.55708613341,-1.23990431881,1.09575189245,-0.14258587834
-0.23782068634,-0.13248820390,0.89356620244,0.53720030169,1.82634929797,1.72136865389,-1.14606786262,-1.58547054844,-0.80101933609,-0.91588607105,-1.03144672110,-0.10542895512
0.13747425202,1.09000064162,-0.06863119628,-0.36987773121,-0.35306642669,1.25301164686,-0.78320749643,0.19488049260,1.73043672408,0.93689668281,-0.43443271526,0.00472102061
-0.76240150567,-0.02944227994,-0.23218005470,0.98922761559,0.78898306537,0.11944276628,1.11875899314,-0.68924327116,-0.13396388762,-0.53266095626,-0.78000877109,-0.20698534365
-0.39830286951,1.70980358191,-1.04864197746,-1.90921002141,-0.79721021908,1.60853504846,-0.14067077212,-0.90800424091,0.85640021828,-1.16249157808,0.43013772666,-1.45915818480
-1.53993733112,-0.14104167528,0.55712141957,0.18510052424,0.94958468878,-0.56653212233,0.33112142929,-1.16279983895,0.19666640791,0.47923958751,1.19110275141,-0.86025021111
-0.71410499147,1.41114052713,-0.17873723198,1.43286388445,0.94205382276,0.32361875534,-0.36937421363,0.96885693436,0.61551060085,-0.69796178073,-0.44148851859,0.85840121521
-0.37264352322,-0.03780697848,0.66025469577,0.53787760399,1.21621970894,0.39873737560,-0.24613743224,-0.73078815116,-0.00855524852,-0.32403639112,-0.48758106349,0.03645758884
-0.49508646648,1.30936734339,0.31473974664,0.59673880193,-0.66653870842,-0.72091500550,1.11824842247,0.16598792655,0.88899456616,0.41979479815,0.24712291515,-0.23591970378
0.25300295486,0.26977195414,-0.11805170825,-1.29440526196,0.52895972793,1.75942859852,-0.14174484180,-2.97583700427,0.02325302014,-2.45239074024,0.90934637125,-1.20714064332
-1.42732376088,1.52640183135,-0.77550611339,0.96775994118,0.47707145879,0.70754757182,0.87099749168,-1.01459286378,-0.09425666222,-1.64234629865,0.38126558932,-0.55499537181
-0.92078160249,0.90347409581,0.60668057092,0.37943783891,0.91825236570,0.27011638843,0.85642187214,-1.42431966024,0.13894039418,-0.33984170175,0.11186904293,-0.22547240835
0.33115501507,0.25130684683,0.53876694151,-0.21903277833,-0.85233005026,-0.19868674124,-1.41836101324,1.05075082509,1.08451062506,1.51961794662,0.43591976065,-0.15707996338
1.36780341531,0.29866805532,-1.69116360446,-0.24329585345,-0.77915360741,0.03531740833,0.51917529509,0.32311193856,1.48566825644,-1.63292677789,0.87346296353,0.51657820008
1.18988410506,-0.86560656016,-1.81619466335,-0.29694841709,-0.66045350106,1.36460267906,0.58757961618,-2.95751077208,0.95150262166,-2.15304313365,2.43052703523,-0.72197920941
-0.25539691958,-0.58125096556,0.63141516779,0.48437673815,0.22553718629,0.44354537445,-1.33519319284,0.20971988450,0.34826154649,1.85761116594,-0.30298537558,-0.16184456332
1.69569812489,-0.32812787422,-0.04484583084,0.41667162386,-2.21394146954,-1.12650309123,0.56731848996,0.89649213350,-0.78496371180,-0.94052094865,-0.54958390566,-0.56586877183
0.42710790824,-1.84511009400,1.15139639664,-0.35878028970,2.53786771950,1.09808888818,-0.71577081114,-1.87349979221,-0.52310591135,-0.29811194244,-1.42463779064,0.16759127724
0.81135833166,-0.81363448651,-1.12010578391,0.74974267286,-1.13222189081,1.15949826424,-0.24242624710,-1.28321567498,1.35297081761,0.59919277591,1.26464877067,-0.41802839116
-0.64464607555,-0.09012900517,-1.00097825139,-0.02845398608,0.90445708911,-1.02824896656,1.50199797297,0.34330000923,0.81120359788,-0.51379752895,0.35922833721,0.29488948622
-0.70091266585,0.57055736081,-1.50968598176,-0.30589188600,-0.20490217787,1.13403813856,-0.73930172827,0.27144464916,1.01872902560,-0.11936802470,0.49381952076,-0.64863192405
0.05867626863,-2.43346272003,-0.63712071715,1.33023664977,0.86999851422,0.07434410891,0.45183336294,-1.99084649021,-0.01222890908,-0.30095866971,1.12686461952,-0.21657037622
0.11757982431,0.50719538577,-1.91114774700,-0.39672874981,-1.20147906144,0.75968569604,0.78608179543,1.15476026339,0.89152082687,0.12509667413,-1.42197488708,-0.44418738080
0.23132431306,-0.11613909925,-0.06457125245,0.98882269326,0.71601462016,0.08281265226,0.55626384032,-0.75825015382,1.10904588947,-0.20075504950,0.36951925609,0.67244955677
0.24676850089,0.85429401394,0.44328138949,-0.75505326910,-0.81018634035,0.44657975347,0.92556807215,-0.84420478898,1.21742245394,0.89510876270,-0.49576674459,-0.55472140178
-1.32225405237,1.04615273055,0.19851886103,0.57399289069,1.18614515712,0.21147023253,-0.62939486491,-0.11730431679,0.39773306866,-0.60613533737,0.62115151145,-0.08556597929
-0.43269455410,0.54290221559,0.54543639646,0.13547273034,-0.22212413652,1.19716375219,-0.30494667455,-1.33207464088,0.12354373436,0.61164963922,-0.18443254660,-0.96965182906
-0.71356439114,2.77471221088,1.11974342654,-1.42829287907,0.20819087578,0.63125355460,-1.67856948356,0.19389020228,1.34166607214,0.25636890905,0.95033337688,-0.30157427216
-0.72715724582,0.59230696334,0.85272682853,-1.10563072360,-0.44872156923,-1.63094364838,0.10501150974,1.15057472273,-0.02496666909,1.02239248832,0.25079962229,-0.87818114828
0.62677239701,-0.03461714699,1.69603792652,0.01538701552,-0.16071000995,-0.46571256459,-1.24610639128,0.41666355494,-0.07135709287,1.09995987786,-0.18049886841,0.11895958386
-0.48348441923,1.11133418053,-0.06160139231,2.80260475633,0.45301314725,1.31707525840,0.64993200257,-1.57253282746,0.98865595742,-0.64354048102,0.01079272759,0.42347075520
0.12822141681,1.57291415158,0.66998919129,1.32643633954,-0.66833008375,0.53790691904,-1.83340788308,0.88334727821,0.41138659943,-0.09379860881,0.34426854152,0.21448226904
0.58031671383,-0.00555451135,0.42198742132,0.08771732604,0.07644081801,0.09199952840,-1.16145107199,1.55756203905,0.69727191732,1.25651204416,-1.11685296397,0.75122953272
1.75933294301,-0.22192787954,-0.43190952972,-0.93394322011,1.06905409517,0.69086554599,0.08917767791,-0.01991607743,1.33483390076,-0.98100849785,-0.83450732627,1.49523987686
0.74686062041,0.87134307976,1.29741708090,0.99152676694,-0.15522950175,1.06260599474,0.04551522803,-0.99286702598,1.09256803483,0.72450391936,-1.05240072832,0.35837619842
0.98670162437,0.62590474150,1.22583863644,-0.13940446151,0.67003186117,-0.19203962009,-1.07647646745,0.81777737264,0.00345750762,-0.82866157311,-0.77701412269,0.78466878149
-0.02372866203,-1.21333208238,-2.34842682332,-0.21147867923,0.32526864430,0.85653280433,0.24873854775,-0.06185302466,0.35237852412,-0.72687640075,-0.07250050419,-0.26243265061
-1.74723049117,0.61360169813,-0.43827212296,-1.30425234760,0.55595028226,1.79935303077,0.28256623911,-0.92109679966,-0.07192815347,0.55865371387,-1.85582463007,-1.85018261012
-0.03977722433,-0.01767071408,0.26019585776,-0.50518576836,0.48199576632,1.25049772471,-1.36163586995,-0.82313716580,0.93496901273,0.66081134765,0.34836294643,-0.38376404921
0.88369216044,0.62666509491,0.30400263646,-0.23984003659,-0.36734760787,-1.00171224657,0.11839851724,1.23225601469,1.06242218550,-0.04300509586,0.00163894559,0.68570147537
0.66801266949,-0.90642996888,0.57069179315,-0.84709469038,-0.06019215498,-1.61790116679,0.70404221099,-0.82105272324,0.11566455226,-0.52030512098,1.71751124766,-0.27583274790
0.16059543871,0.44066777257,0.84108904261,0.53424318784,0.78250744198,0.02126562440,0.84711442316,-1.42476094279,0.53253707078,-0.59264868348,0.16456602658,0.32046155051
-0.03192276718,-0.61834970785,-0.46293733034,0.44953232471,-0.05616392102,-0.65625734796,-1.50208747860,2.48330070904,-0.27453595567,0.40317487685,-0.47578545647,0.14655500502
-0.33061670599,1.29608338763,0.73822669180,-2.81827413778,-0.65573535892,-0.10474270850,-0.28271971575,-1.44804032357,0.27160265487,-0.98603787064,1.92506685578,-1.93184836757
-1.22547658355,0.55629633941,-1.13165242879,0.91379023760,1.18109307988,-0.67303756844,0.06955833620,1.28695433783,-0.18101322816,-1.59911292496,0.34993861074,0.27235986240
-1.08559366870,-0.06301736796,-0.52727359976,0.64518240670,1.47910016824,0.83798490355,-0.14410453442,-0.67691289769,-0.37801131918,-1.24553374709,-0.46632076276,-0.32755178484
0.03486377531,0.40844449300,1.04039047587,1.33760185640,0.92600046525,0.38766407816,0.22191974482,-1.50983021560,0.84006715024,0.00348442183,0.41674713576,0.54320386005
-0.10717686686,-1.12044977991,0.42132175232,-0.53632899432,0.19052724922,0.11822077769,-0.53991582978,-0.22154624738,-0.01625934452,1.17978680383,-0.55821208545,-0.78935627175
-0.97416803545,0.42869290157,-0.02111765614,0.32912958440,1.03486738368,0.75723107878,0.10503230919,-1.00386547609,0.56497226496,0.07910355765,0.10693971487,-0.18273191478
-0.09834055340,0.63713125714,-2.01608925004,0.23852841621,0.15057689884,0.35454746684,0.10687735500,1.64080422886,0.81672021111,-1.18562708226,-0.58300324068,0.48207696043
0.00281862977,-0.43469334859,-1.03296443767,1.70591512554,-2.40409528407,-1.00255182993,0.81477272257,0.54465639713,-0.20217543503,-0.02843704952,0.75176584789,-1.26220098108
-1.52447590729,0.36373579652,0.48293542976,0.06475641729,2.19671259254,0.73462952634,-0.48789899472,-0.99175390414,0.10598123882,-0.07215776772,-0.06581019860,-0.04147971927
0.80450583515,1.48246496382,0.46023339490,-0.08318005878,0.78858056900,1.35027088433,-1.25355660863,-1.01865749998,1.26994525961,-1.62215384492,0.91656732034,0.64610973951
-1.98022653155,2.08212118427,0.12468992470,0.28412618298,-0.19585037141,0.75116676703,0.68157495689,-0.61965555956,1.17795683255,1.20909519326,-0.01895956214,-1.15249149092
0.38111850397,-1.10884747142,0.33522490875,0.30078167307,0.13515580671,-0.33874487523,0.44413766082,-0.46154950207,0.55687776871,0.97627615622,-0.27664499680,-0.02869916417
-1.65577782534,0.87694386985,0.07138040343,-0.35547677866,-0.98234370935,-0.41491627405,-1.94755690407,0.93211607653,0.12779221502,0.48595738281,1.90382548751,-2.01005964942
2.28871561894,-0.62709272531,0.23378322773,0.08898079539,-0.78107378663,-0.44900465494,0.13977498502,1.20796362714,0.63207874772,0.45293457295,-1.41167240487,1.13805909012
-1.10488304282,0.01823597227,-2.08425140089,0.34458147399,0.74585510405,0.42817188490,0.40974593340,0.14365728101,0.82165325573,-0.95177641261,0.60271780425,-0.19205221456
-1.43949464178,0.56634433740,0.46492371044,0.59274221407,0.30995192495,-0.95895643805,-0.61778298308,1.22090022646,0.54195091884,1.10520351006,0.48789246541,-0.39467054399
1.06775777529,1.42780231424,0.23596235109,-0.44840925421,0.05412654154,-0.77330511634,-0.92254103175,1.42959475530,0.79085668070,-1.56306260943,0.90776103503,0.98823894509
-1.08871045196,0.51017913237,0.37232430748,1.04525113723,0.06357430398,0.79866259320,-0.57034373387,-0.80645608293,0.00505347671,0.56706730132,0.21325548734,-0.83640033779
0.99348296370,0.08321013269,1.27513502305,0.24203472270,-0.74374506080,0.28843362714,0.06710228402,-1.61178148126,-0.60388245171,-0.69331880801,-0.00547274862,-0.78993152072
-1.74469849595,0.01544053913,0.19084656546,1.47155698403,2.10615374483,-1.04878488811,0.99543312858,0.16958669085,-0.03955783157,-0.03017984953,-0.20606644722,0.50454873651
0.01024365020,2.02853441934,1.30856306589,2.12204483058,-0.46592845387,-0.11361426523,-0.39177989453,0.20896006339,1.77164259056,0.90617169691,0.90175448761,0.94921844046
-0.27534927170,-0.92168825172,-0.30746989478,-0.64798483788,-1.04259293202,-0.46392622449,-0.86317210131,-0.05761722213,-0.42637040900,0.03868784498,1.41962766847,-1.70838944746
0.20393554969,0.16582389937,0.65519576199,1.29715577271,0.34555504934,0.39644369647,0.04585177085,-0.89313071751,-0.28681077679,-0.75354760848,-0.43553791956,-0.00122077604
-0.32168069184,0.26653312955,0.97258305842,0.34744921292,0.40572575893,-0.13609001989,-2.08473255226,0.64629405285,-0.60498197011,-0.49493615678,0.44679418916,-0.35280765938
-0.16462756418,-0.48586995221,0.34817430494,1.16348418625,-1.06424790284,0.03672410374,-0.98226598034,-0.22779263614,-1.25198621702,-0.16022175437,0.36993804547,-1.30272057406
-0.21254419788,0.98708211793,0.02588184836,0.11738989362,-0.31913935246,-0.35600773868,-0.00126506231,0.63951068912,-0.36938502190,-1.00745176415,-0.18472241430,-0.38204410163
-0.95393531039,-0.46523149964,0.26509563863,-1.66165389844,0.09544952479,-0.41199391814,0.43433933959,-0.53458112914,-1.23458431176,-0.35851834435,-0.46970860209,-1.91913026292
-0.94088947855,0.85424527046,-0.57081326572,-0.13446667427,0.40818983434,0.89149339640,-0.86448318750,0.07262972142,-0.11269307324,-0.82598122794,0.10161803948,-0.63220773018
0.54583790277,-0.08224436891,1.30633256943,-0.80703041543,-0.51438727208,0.06447128367,-0.87503777293,0.20361774081,0.02144563805,1.29302207183,-0.94222722212,-0.58956662497
-0.16954979128,-0.58379760733,-0.19578845783,-0.16081909016,-0.37588714432,-0.14441620196,-0.12409945457,0.42943057360,0.84768945751,1.62348083186,-0.08258137965,-0.39535853779
-0.57261629796,1.79534785212,-0.73164111298,-0.79342682241,-0.40548059690,0.41290185526,1.09710741494,0.60573567797,1.34917411537,0.21018725056,-0.92409058092,-0.25761172588
-0.97515446521,-0.44705742046,-0.53235536069,2.94166040252,-0.29442478387,-0.14370750677,1.25854348368,-0.14982702104,-0.46062733160,0.10696275590,-1.03673711455,-0.57010523972
-0.19435566940,1.29579082779,0.03092727190,-0.05672209256,0.04554567502,0.74603039273,0.79480262152,-0.77510045474,1.11554230775,-0.16708361911,-0.38911390048,-0.05222125687
0.41189770766,0.84142086931,-1.18313366337,-0.24892258179,-0.26335445544,-0.21396731013,1.15047080563,0.20487189838,0.52753830854,-2.00116018057,0.07651282733,0.10956044662
-0.40252899476,0.11051652808,1.13582174063,1.73064126229,0.87889572270,0.88577570497,-2.36892848321,0.37615030034,-0.27287892650,0.63175155031,-0.45332572248,0.30553800890
0.22883944509,0.44842520060,0.01374532481,-0.90938478981,0.86754202990,0.41168521746,-0.33781782673,-0.53880230230,0.91052397137,-0.91748441396,0.46111733188,0.19492854709
-1.03990545401,0.72490986027,1.05979900925,-1.06566761817,-0.06760753134,-0.68302313666,-0.51500022742,-0.43366723898,0.43826272697,0.46075777201,1.30471963811,-1.37738997047
-0.87454061697,-0.67228404684,0.80737764272,0.59908700077,0.63903568643,-1.22670261416,-0.03999357220,0.35916113536,-0.04142494672,1.00458787681,0.16129802687,-0.28428155150
1.21997980763,-0.49690397337,-0.79597181632,-0.97186081769,-1.36798932823,-0.05706252525,1.60728160320,0.19584333210,1.69231996305,1.11635402384,-1.13494018540,-0.14412165739
0.97967082908,-0.12076775926,0.29003550313,-0.11393642149,0.01867177821,-0.86487762623,-0.55623542819,0.30336840593,0.15281200834,-1.38316841091,1.03225528021,0.25932064544
0.58307375908,1.81600125096,0.45991045054,-0.33036580988,0.02026898609,0.81551875254,1.21295830008,-0.20747361695,0.76024726140,-0.80310565630,-2.10758866514,0.49305515178
0.00379718771,1.07806233719,0.03703346900,0.32859284403,-0.68914800909,-0.84934335821,0.24782889479,-0.08980811242,0.44928524220,-0.74227383548,1.85317038043,-0.12101541549
-0.17997038002,0.17569003863,2.37521167675,-0.98234361721,1.30284102629,-2.48441511999,0.72964926003,0.26336476241,0.09364616867,0.99135283308,0.20661983649,0.57530738110
-0.92786782232,0.67494975032,-0.06164766875,0.76111001874,1.05841095268,-0.32600423208,-0.08169595920,0.66754915340,0.97753736302,0.16157884279,0.25055787316,0.54100870075
0.34098058082,0.39106764644,1.36594913517,-0.10386599742,0.02113231567,-0.32011613501,-1.13779495773,-0.56226733308,-0.13467810234,-0.56011878372,1.13891468524,-0.35216538753
-0.86390923729,-1.10044698068,-1.44572513738,0.77617742657,0.13837202673,-0.75209134709,1.34914482035,0.16330177599,0.35919263827,0.17761662368,0.19942659525,-0.53669443125
-0.19920900822,0.44757519064,-0.48085067362,0.46902612767,0.62877958440,0.95364099737,1.00360260671,-1.98448985099,-1.03001910207,-2.71624470143,-0.12671302012,-0.50717582849
0.41674601164,0.44805175591,0.64725559532,0.04389712391,0.27654330197,0.23675455177,-0.23075869326,0.80998983408,-0.20787308046,-0.10948212777,-1.95336507225,0.27230579118
0.49857298713,0.55288644240,1.78475821513,-0.79015360953,0.21861323418,0.05447191650,-2.36664521753,0.44828282101,0.13117044436,0.39265455354,0.17574162040,-0.16715197850
-0.24144889801,0.05356248228,0.44826542750,-1.27816973894,0.48063773392,-1.18223847028,0.96242100569,0.77965040931,-0.18652927616,0.06564192602,-1.10798472329,-0.28292553534
-1.07201525887,0.14526362871,0.82057485392,-0.83157848305,2.06450743830,0.28613493011,1.22013920725,-1.95859508645,0.91183800519,0.61770453107,-0.25999176008,-0.05392922268
-0.50458786277,-0.92947925797,1.24163384631,-0.37072832142,0.70696768401,-0.73237913516,-0.65641344531,-0.45109147575,-0.42603132878,0.86551765886,0.37741568130,-0.64047398879
0.11006287362,1.29332437382,0.73149674026,0.91412617539,-0.81804146019,-0.15627801186,-0.07931225555,0.97862012863,1.05719449638,1.05235026546,-0.65839972575,0.27858607979
0.92124662883,-0.86219269545,0.01291953353,0.80403522082,0.66730772395,0.72171156302,0.50657581599,-1.00108615625,-0.43172327433,-0.98493641315,-1.38393396103,0.27373993826
-0.38436353270,-0.11366052205,-0.46791248872,2.59249237141,-0.04184503260,0.18424772778,-0.26128005430,0.10919532820,-0.00351333338,-0.35765403089,0.18058560057,0.15526969260
-0.04857041303,0.95288049535,1.68082649564,-0.77274425195,1.16875305533,0.26084512872,-0.81521132198,-0.62302708377,0.06666347549,-0.04079957246,-0.17419634038,0.19986054901
1.94184195387,-0.67344477695,0.22461898622,-1.64160390721,-0.62246777794,-0.11887679324,0.23659070951,0.09100023545,0.15397764305,-0.66864193536,-1.19319743259,-0.23086498700
-0.68703679409,-0.74550619769,0.26918131629,0.30672242013,0.54394505478,-0.32671691047,0.48456975724,-0.84300477503,0.40829935159,0.29413608688,0.07031714741,-0.78100937766
-0.94809669905,1.12233670263,0.39535655281,0.86151065320,1.17514319680,-1.94577696703,1.54232664277,-0.09198568387,0.85231852146,-0.81357193283,1.77176531860,0.73435909944
0.12653177032,0.03444747678,-0.97595904541,-0.05749973623,0.32400122890,0.89097500227,-0.73509806370,0.49946435395,0.32508595323,-0.45774561681,-0.40015854765,0.16021353335
-0.36424299994,-0.74416130981,0.52267234771,0.80629049621,0.38978465380,-0.36298631228,-0.64593166301,0.11332860112,-0.18808527384,0.69876347362,0.06713130286,-0.17690212415
0.17605417121,-0.41746819113,0.20489204027,2.60937239871,0.65156211106,0.71244284388,-0.23353769032,-0.09005216379,-0.08426201639,-0.05495604269,-1.34780118119,0.69131986830
0.25940814551,1.04344186602,-0.69242730872,-0.81649427422,0.95101783037,0.27859182312,0.14100356672,0.12464058121,0.93738439450,-1.81063129211,0.23866311609,0.67443373739
0.56465053265,-0.65358116529,-0.00159786285,0.65763426734,-1.21120656276,-0.02299590765,0.68139171301,-0.54513180229,-0.20638531198,0.38359865033,-0.54569909174,-0.81144091997
-0.62319994599,0.42921166170,1.07525343286,0.60770952202,-0.29069896088,-0.74903616428,-0.00724909485,0.00434842404,1.01739863641,1.86503292432,0.70846745763,-0.29309483639
-0.52803005805,0.47288872311,0.17410936164,-1.27968920295,0.00047569942,-0.78636503445,0.14701021963,1.29596598132,0.18897284691,0.58797969373,-0.81228462196,-0.57597528973
0.38653535139,1.05438956698,-0.44417732001,-0.43607768168,0.16520963065,0.18062004395,0.48932344108,-0.66248860771,0.91874940609,-1.55552100159,0.94154988319,0.26241241367
-1.23511922425,-0.19210861871,-1.36633846727,-0.00632431031,0.00420219294,0.25344451138,-0.99918914016,1.71020848230,-0.05057266544,0.63905120392,-0.38004451700,-0.78958787189
-0.15871972734,-0.83424417812,0.58991227437,-0.24240741836,0.57430089536,-0.16988631745,0.14264446193,-0.39508736163,0.32841260381,1.08708711529,-0.58352210300,-0.29879899628
-0.96047288029,0.57395746413,-0.10603052124,0.03769896593,0.14548907302,-0.39084396854,0.18338581533,0.44312485426,0.81749105959,0.66816366271,0.30932676704,-0.36517183233
-0.04219602257,-0.14191340198,1.01592744402,-1.31220159351,1.11849734487,-0.26585834851,-1.73018499316,0.54917975245,-0.04717497887,0.43911964012,0.19604897271,0.10091095264
-0.78874933815,1.04702324766,0.46617389525,1.26859812843,-0.77466827025,-0.97053226949,0.74582050730,0.88515451829,1.01726112702,1.45862331321,0.02475479906,-0.17462823722
-0.15830388684,0.11805407175,0.35432357606,1.21092935770,-0.23862982056,-0.72676363635,-1.11950058132,-0.10188560868,0.82876920526,0.19963834883,2.69844869737,0.14760089248
0.18112883957,-0.39036060649,-0.80829260093,1.21549328959,-0.68604871336,0.65362903313,0.72095368633,-0.56786694810,0.04105566516,-0.20378148397,-0.73002706651,-0.50183726257
-0.38769403942,0.41769174157,-0.73777129555,0.59093941729,0.46074736163,1.23033176102,0.59456640364,-1.44542960572,0.32296301958,-1.06943711654,-0.07658960972,-0.30356622749
-0.17885706772,0.77827929403,-0.41321640165,0.04637802819,1.01679662842,1.20764108339,-1.63496748134,0.35547081811,1.36584980174,-0.09162139681,0.44292177362,0.69340590326
-0.04927994089,0.02555913894,-0.46511298800,1.46708182522,-1.10875163968,-1.75381850934,0.59849672145,1.09797763068,1.05531395128,0.18028041337,1.51120515728,0.00485710022
-0.04435859213,0.77066527228,1.22461073671,-0.27564833671,-0.53219960629,-0.79754071636,0.04055052401,-0.31309492786,0.47590173157,0.55266335250,0.85449128269,-0.48957816113
-0.49579085217,0.49561761508,0.32354685920,-0.99599617250,2.23988670502,-0.37135307593,-0.38699243067,0.68711630757,-0.08574944741,-1.16187598589,-0.48827212735,0.77455711055
-0.85894014946,0.52973787294,0.53976972034,0.28221951223,0.22505119045,-0.59567401985,-1.63294537553,1.54646754725,0.46748518182,1.13475925837,0.60122553105,-0.00198904030
-1.59231422332,1.30013330623,0.48927462851,-0.21230873824,1.62414846363,-0.16855852987,0.24998764219,0.34170568199,0.47021280134,0.14679210577,-0.56095741806,0.07396440609
1.11299518042,0.27510036867,-0.65937350253,0.71585389731,0.28649033180,0.73348081735,0.54239307856,0.46282110386,1.29161080419,-0.17226299555,-1.27914442822,1.46168842627
0.64290266766,-0.10673388068,0.82720457566,0.75513505832,-0.36002270773,-1.14849385436,0.27974937079,-0.75950997828,0.67557507281,-0.21267881297,1.84224035236,0.17376677589
-1.25055069225,-0.10499399221,-0.37148990795,0.95269391702,0.62816229302,0.34751788798,0.43868641047,-0.03736314330,0.04755995969,0.63277579173,-0.89476223389,-0.45457898909
0.22589513913,-0.30074073724,1.07689009364,-0.15474409482,0.24602164410,-1.14639727026,0.23401451644,1.03115869243,-0.28413519323,0.75637888080,-1.32516935734,0.17716910876
0.78490753647,-1.25451344590,1.20195024976,1.33063317504,0.69628867340,0.45102477734,-0.65891069180,-0.73536455418,-0.96129375854,-0.09341400141,-1.46589284304,0.00453028956
0.07180973452,-0.05902186581,0.03795958547,-1.25991842476,-0.58546371210,-0.55862802701,-1.31825218891,1.38571716051,0.14167326095,0.33852055078,0.25661027796,-0.83377241234
1.21280419506,-1.26134458029,-0.48495195326,0.22316463072,-1.48727156600,0.97753092077,-1.32634565513,-1.00983089796,-1.32195011118,-1.11520932933,0.77351414791,-1.47348412630
0.43211430077,-0.90104027697,1.50453825392,-0.22324662876,0.35423948245,0.33971188545,-1.17313374797,-1.55518662317,-0.28938453325,0.26940501624,0.48871023698,-0.81724236414
0.54553111515,0.15304355346,1.00305828518,-0.36795946294,0.16802237164,-1.27785259481,-0.28669549041,0.13170945326,0.08799179416,-0.71891995902,1.08700530067,0.16705636484
0.03182074083,0.55253533097,0.15472226383,0.27617512079,0.23596215409,0.50924646578,-1.13024261429,1.68023188421,0.87153774603,1.31267766454,-1.34509472406,0.72194844448
0.59145436677,0.18723228968,0.33246186108,0.85141246273,-0.60190962407,-0.34480125105,0.73577937484,0.49681187355,0.61211018055,0.72605211468,-1.00823517618,0.40068196685
-0.68808566732,0.42536132369,1.36951842667,-0.11432869461,0.66131290666,0.13652672883,-2.21971290997,0.41223960105,0.31553821275,1.30970391794,0.47863233955,-0.20594955676
0.04399350383,-0.71564296118,-0.27117538554,-0.21811873730,0.22865706861,-0.39964506827,0.13906482017,0.35066549656,0.09485739109,0.00802315199,-0.37314510915,-0.23457473739
-1.75340360212,0.78374229037,1.76277204218,0.04794825305,1.31618372039,0.02975242702,-0.37034688305,-0.18187580633,0.39221853328,2.17039353185,-1.01999897227,-0.52083731591
0.58327148800,-0.21071754884,1.11152011018,-0.46473158530,-0.12141513543,-0.32290666599,-1.65256688819,1.03297897530,0.23937355817,0.88657584095,-0.38117098292,-0.06671554184
0.12814344352,0.13358690047,1.24644869328,0.69304581836,0.60263087002,-0.99409222425,-0.61144384563,0.47410121610,0.14370693213,-0.20616027053,0.27048171513,0.43351974614
0.57568237056,-0.22627837710,-0.59529197262,0.37266654415,0.18996600300,0.85978059588,-0.29504711029,0.02424947828,1.01909141267,0.17157925008,-0.47164053131,0.48057922087
0.01900137991,0.51226462045,1.10352312165,-0.22017596419,1.15280397342,-0.21691786381,-1.50672552283,0.09468781309,0.89147134224,0.03064280322,1.07096995491,0.58680311238
0.67047456866,0.03254046339,1.17736633892,-0.45663621637,-0.46090498844,-0.43751141242,-0.97514658523,0.06846064461,-0.17325158106,0.02872964563,0.28799540890,-0.42981909109
-2.47231849751,1.16237476365,0.10738320144,0.62621348767,1.02680173005,-0.80976299809,0.27312008124,0.97164386701,0.76644468870,1.36557876030,0.22122609048,-0.44086754506
0.43079584143,-0.51004549587,-0.20826008003,0.78133670212,-0.99761286834,-0.94846382202,1.56737611283,-1.09268708737,0.87298557554,0.32518234158,1.41987715669,-0.29484426233
-0.63282013127,0.30198790537,0.47964820662,-0.58128104212,0.44872806468,-0.70302293460,1.13130803907,-0.99714979731,-0.59012706687,-0.95152297605,0.27701848338,-0.77280249368
-0.35731930469,-0.33244644906,0.68543719353,2.18766626220,-0.45695827157,-0.63761369904,-1.57515243074,0.69885742958,-0.67967316124,-0.03202869329,0.83393618116,-0.30314144366
-1.53296139767,0.90953233357,0.73720496698,0.69821414955,1.81663846247,-0.93593631254,0.00060747122,0.28343089020,0.26117341644,-0.38422491840,0.56546014345,0.35871244332
0.09384355744,1.22901439442,-0.01501332542,-0.93545714194,-0.15232711885,0.19639546212,0.46168739898,-0.52705285481,2.12594165148,0.57499714408,0.97659854832,0.16223560217
-1.77176573246,0.97092517936,0.22524016877,-0.74223527910,1.55523497536,0.98398181330,-0.74478443155,-0.69163729947,-0.10324069950,-0.38762620769,-0.14331273141,-0.83655273433
-0.11278152082,0.55492911780,0.03381369802,-1.51756139891,-0.28108946830,-0.07463768924,-0.06542251842,0.03340141677,0.72971905169,0.00283117666,0.18639615285,-0.80458588349
0.38464061493,-1.50534340921,-0.60659460721,1.04417263211,-0.73436730133,0.52778674796,0.74313978658,-1.59948669492,-0.25941573399,0.19430618878,0.06019623407,-0.93495589849
0.13778592783,0.46408149663,1.72408456442,0.63524801384,-0.49025985992,-0.98042871342,-1.73810161918,0.55053663980,-0.91332656838,-0.63670607256,0.91163635877,-0.50859339805
-0.47870218325,0.72781707766,0.80378790188,-0.11526900322,1.27382814815,-0.23801763372,-0.43093158043,-0.32716553372,-0.76223887384,-1.56310059895,0.26712496173,0.03961252867
-1.73953203248,1.34101449914,0.51767352792,2.66450671852,0.86483465339,0.11835825627,-0.24958131780,0.44398120604,1.02099922775,1.24196400774,0.10155305309,0.51854752228
-0.45726405610,0.10199061220,0.75303927638,-0.12929636623,1.77470364830,0.63157345748,-0.55609066333,-0.17621006768,1.19376473488,1.20792761345,-0.82410937603,0.70572042077
0.14117033794,1.23008528848,0.93894862164,1.18889188890,-0.38031090114,0.31393437492,-0.81157928436,0.38537545009,1.53839615199,1.40587765268,0.23843837305,0.65745473401
1.49889869261,0.25150286264,0.50758750158,0.28331545453,1.03312340419,2.38352460262,-0.17447220364,-2.24404715279,0.89262522055,-1.18536644069,-1.22477327220,0.63508663909
0.10760273021,-0.63145603427,0.43742249203,-0.27518168774,-0.22062895750,-1.05891837027,0.73611881112,0.16947522748,0.43045409730,1.20578663307,-0.08273549327,-0.18416304415
-0.28774662625,0.68020867273,0.29339439806,1.07617329460,-0.71264217519,-0.19391265404,0.75132348522,1.03274838510,1.17708445203,2.01980347084,-1.37599425792,0.16351343402
0.91510547550,-0.75650639378,-0.49034280016,0.06298461483,0.12181549207,0.00823347886,-0.71431318535,0.22554821199,0.62103991443,-0.59478006868,0.50001279059,0.28740890489
0.77682337118,-0.64853014126,-1.00575230400,-0.40007049458,-0.08634909569,0.12184694277,0.24208002547,0.30613936674,-0.06015963148,-1.06913918617,-0.59089539330,-0.08047995942
0.29435760137,-0.10219943943,0.50696275531,0.01470820289,0.52167149070,0.39682073856,-0.52951679612,-0.04288300394,-0.21300451808,-0.32700158047,-0.96930635097,-0.06212489000
-0.34251936078,0.31502557908,-0.53650628935,-0.87963870830,2.13265216793,1.29898715192,-0.55595915275,-0.18983425353,0.99524393809,-0.94189000737,-0.88226347401,0.62361346743
0.13503317212,-3.00089984194,-0.17519374755,-0.71487126965,0.31782850868,0.25351254637,-0.42258561129,-0.64884894805,-0.62396236516,1.47999576183,-0.85354444634,-1.21464335057
0.80097164900,1.49098822099,-0.41555208057,1.49896812299,-1.82130165257,1.95016116054,-0.61887489811,-0.27961968641,0.89152795263,0.03802844816,-0.55442984084,-0.16332866251
-0.42752440925,0.32054344683,1.05553526795,3.06564613800,0.96062254375,-1.22505485089,-0.21698774425,0.55110886353,0.88504739183,0.35055057378,0.96576089077,1.40073986089
-0.37214826291,0.07585584156,0.38091467497,0.79119483152,0.69886196984,-0.56422208435,-0.81741417886,0.43641548822,0.98113033248,0.46580967155,1.10768953012,0.52367450250
1.59439686418,-0.01974118561,0.89730914223,-1.46655725651,-0.90369405611,-1.45329077908,-0.70150097818,1.81663039207,0.44138097337,0.47470340914,-0.26849915049,0.28826912472
0.44209492724,0.15351256690,-0.53844819566,-0.09991604119,0.47434216480,0.70479684834,-1.53549094749,-0.30286438736,0.90006991707,-1.02881438810,1.66600679788,0.25835641838
-0.37415875433,1.47536944066,-1.19114250106,-0.63033427654,0.16401952557,0.46432914064,0.50076207431,0.69899306182,2.00850869185,-0.07332447199,0.04059534957,0.40524786575
0.05928305725,0.80589766735,0.21027176983,0.90972682954,-0.74624481414,-0.32840944738,-0.22929697825,0.85469169569,-0.47755988835,-0.65722804302,-0.46637339055,-0.27940955572
-0.43736195584,0.73367601794,0.27139023449,0.64593766820,1.00479417770,0.48563440768,-0.51310056319,-0.60993074254,0.30049260055,-0.94976189491,0.48816065858,0.21270831709
-0.61348264601,0.25011195703,-1.50756915214,0.47421482456,-0.16644321012,-0.00625496730,1.36342235800,0.26179063358,0.66908650987,-0.56145725335,-0.40973499318,-0.36844113510
-0.83875794337,1.03852875305,0.56891917337,-0.03212236024,1.51390573766,-0.67991261084,0.15890088232,0.34157504447,-0.24727520903,-1.14196937638,-0.02254521550,0.40814959859
-0.57050887044,0.91476206280,0.89621632762,-0.51743079941,0.99407564080,-0.61980740085,-0.16754615678,0.81903554094,0.46402626328,0.53581922657,-0.41059543872,0.41177346040
-1.45499638454,0.02818003201,-0.22775137673,0.86407409749,1.07031233159,-0.44598730155,0.67427062965,-1.02813796381,0.08000621311,-0.45508436530,1.34268860083,-0.34350370347
0.40199850509,-0.62431095057,-0.89802606121,0.91178811938,-0.90226839168,-0.00974948983,0.63994247459,-0.23135427261,-1.32587075621,-1.66004875844,-0.52732075034,-0.91509386967
0.93786345524,-0.38377678371,1.09555278525,1.21255268407,-0.41500980002,-1.29477859141,-0.61522598392,0.89247806396,0.68976283608,0.65909532260,0.50206781390,0.75770312931
0.94069464396,-1.06332338561,1.55520131709,0.60111471838,0.99626960023,-0.58843714564,-0.45592217384,-0.09201585211,-0.81921962113,-0.34105875156,-1.13019368895,0.48027035541
-0.23340520748,1.07766367725,0.21624289469,0.01897882793,-0.42169098728,-1.02211584885,-1.73987569660,1.78178467668,0.12341260564,-0.95242431631,1.47543318140,-0.27943050838
1.94038469876,0.03542720894,1.76063435602,0.35030280206,-1.49575532501,-1.72203005355,0.28029697825,0.56118703102,0.04147229830,0.26151697371,-0.05527651713,0.41184604615
0.44603402355,1.01721808418,0.32834220731,0.06736568953,0.09394573058,0.09006189272,-0.05338311911,0.47634696697,1.14456832418,-0.00016091735,-0.33308910884,0.67364480150
0.87719618878,1.04266749175,-0.30131693480,-1.31652768003,-1.66029036706,1.43959180123,0.15935579384,-0.82265791455,0.84835697829,-0.24687552937,-0.67173549890,-1.10970096629
-0.18759947743,1.32476623161,-0.11900904458,1.24486222510,0.19850168807,0.58801033956,0.28466416951,-0.66776558216,0.54340842541,-1.16403765565,0.38193120768,0.29829080513
-0.71911477347,0.48989268184,1.10998115232,-0.39763886381,-0.89636245285,-0.55071060722,-1.57856404091,0.07532061478,-1.03347942478,-0.14254397146,1.31019247802,-1.70825269617
-0.38791431924,-0.62073952231,0.10117160941,-0.10626221931,-0.25517078314,1.22389074935,0.24361879853,-1.43172118990,0.12286693247,1.12697300160,-1.02292994856,-1.39981570162
-0.64786144959,0.00735008560,0.22931492993,1.37194318023,0.62098782710,-0.02827322229,-0.62440018779,0.02604314462,-0.01703646311,-0.10875262138,0.31221627680,0.04245319550
-0.03142303754,-0.17618490319,0.80842972884,1.95296749898,0.05295411627,-0.57991264645,0.32001486081,-0.72692965482,-0.08891847534,0.05043550379,0.60181556130,0.16254928327
0.45599302794,0.56328770369,0.28791326574,-1.41192023387,0.63327565511,0.69402374769,0.27585211797,-0.72871078686,0.92024007594,-0.43674566119,-0.69025801871,0.08272352700
-0.29183690067,-0.55035840267,1.18115956020,0.52450658926,1.69799892453,0.03397738792,-1.29144542578,0.07408846744,-0.09615807536,0.46229267255,-0.55099039670,0.48489984631
-0.89561057326,-0.49067563344,1.08178365056,-0.18411197795,2.67489371688,-1.32299073512,-0.39313189051,0.64867530261,-1.13759442611,-0.77040033464,-0.47553099062,0.67206115328
-0.71359168790,0.63899265593,0.72158051078,-0.45723625447,-0.10047429682,0.30827031217,-0.49407951936,-0.63643429715,0.50102986637,0.81434408735,0.43869343536,-0.96402411135
-1.09970945712,0.93512751427,0.16043345645,1.21727790008,0.36017094536,-1.37489557913,-0.27980914247,0.99623316999,1.05303468332,0.03393882014,1.78071216172,0.24654255352
0.22176153686,0.89537157856,0.66918106292,-0.26074878151,0.15863987801,0.34293573464,-0.41161771526,-0.61149093714,0.98484534057,-0.07526775389,0.56647898401,0.05022627227
0.54580590121,-0.31101276565,0.38905378822,-0.77865664365,-0.00654535976,-0.30846981634,0.67411443017,-1.06352773663,1.07236710617,0.84995348578,0.86382577576,0.08140868093
-0.06054948282,1.56079154123,0.67995442291,1.50026188889,0.92414737414,-0.72320714501,0.33073050586,0.83960760840,1.28310942589,-0.26926375181,0.22126590171,1.60654567480
0.61821552764,1.53821586687,1.22930428683,1.42914405279,-1.42155001070,2.12325289082,-1.78596887186,-0.33317396734,1.32219030897,1.97782300807,-0.73952230399,-0.08278682969
-0.49878214638,0.76710657882,-0.31148710300,-0.36606286458,-0.32752409238,-0.20563475360,-0.27608560667,1.07328975407,0.24130183876,-0.02180998585,-0.23821678672,-0.52620928151
-0.28747464840,0.81567564457,0.44676608144,0.07341869437,0.34749298010,-0.26336009828,-0.97759216547,0.54617167237,0.11697995403,-0.56835325207,0.57117983587,0.00963319308
-1.31988197716,1.60753081539,-0.14331902599,0.07975830784,1.95538037340,0.37931499717,-0.71216379743,1.12670590803,0.18849079697,-1.05043027997,-0.66968840849,0.67149254769
0.09228437744,1.32259653031,-0.60293403784,-0.74459116869,-1.07125789073,-0.14340115720,1.51554061656,-0.24275119188,0.86923781573,-0.74743211762,0.01958530824,-0.61668173465
0.24447162202,-0.44423321766,0.06693149158,0.11430908083,0.55335193647,0.11776023564,0.27663341188,-0.82193163566,0.12525712504,-0.29358982746,0.08362138458,0.07948483353
0.35998791703,1.19477850876,0.15058099677,-0.96792229122,-0.04512514145,-0.83636006003,0.90254579408,1.35934012241,1.12851832432,-0.01320339212,-0.96320807743,0.52806432514
-0.41751068227,1.04551038421,0.23933969010,-0.63097612218,-0.17168282913,-0.18189421652,-0.39819655139,0.27529439845,-0.00462868991,-0.52842116571,0.38918032506,-0.61697037457
0.68970589404,-0.31838106871,-0.62277073364,0.88973395510,-0.78387229724,-0.50779974192,-0.42443908996,1.36947310435,-0.01283159331,-0.65169031805,-0.27981564604,0.03337054943
0.02521337221,-0.06903210748,-0.63697410882,0.59681863134,-0.20441161243,1.54980815896,-1.11782183953,-0.23937713938,-0.25110288615,-0.25736184827,-0.55443212183,-0.59299002408
0.12734856345,-0.43005711991,-1.15461800660,-0.05479384509,-1.77651726394,-1.11622715116,1.24164224223,0.23799351043,-1.02580092588,-1.39418593340,0.49885331325,-1.58102653828
0.18800932969,0.03605061754,0.62427586818,0.95761883764,0.67684223877,1.26854436254,-1.44015181553,-1.20504050492,-0.72980193254,-1.05545533211,0.16353754578,-0.24829808035
-0.59466969087,0.05164878331,-0.62093841779,0.46361866895,0.52026605799,0.34114537226,-3.02144450718,3.24099870400,-0.34186401321,0.62853974433,-0.76895267725,0.37546477958
0.24563400412,1.01014917310,-0.69801839716,1.65220527466,0.02114300631,1.02104087246,0.83554809304,-0.25788775141,0.61481257465,-1.10580730356,-1.07866455101,0.62755518629
0.40289604525,0.27871733832,0.78187617843,-0.92818332804,-0.47555602626,-0.15088103224,-1.86743400284,0.66489271985,0.75987174954,0.64181683753,0.79196740984,-0.47313429357
0.53083719597,0.68176481073,-0.58721316432,0.00603675004,-1.84382858345,0.17690521739,-0.13687478504,-0.34602603627,1.48454282472,0.10290835780,1.59679312075,-0.78001718935
-0.91041958306,-1.80829575667,-0.09685170206,-0.83213462904,0.63224901433,-1.53305225672,0.16174695604,0.37364378658,-0.89473611481,0.04540898827,0.28365756301,-1.23605126762
-1.15961041393,-0.54629877239,0.57395911154,0.39816742224,0.37995781019,-1.32729539835,-0.03396376789,0.19469598061,-1.04251776583,0.03761699761,0.53616993288,-0.88518411773
0.22048893311,-0.25366907248,0.26112653684,-0.34344253623,1.39027500633,0.30669236461,0.79476979540,-0.74347808347,0.56749703273,-0.31471173348,-1.09454691546,0.55209952451
-1.82303893429,-0.35616319481,-1.66215999957,1.64700457679,-0.19946777669,-0.50184559852,0.91118107648,0.70620819606,-0.30553215487,-0.00919975463,0.04139491499,-1.13003746454
1.32805374127,0.22382175967,-0.62006705609,-1.99933200238,0.69064079358,1.00315399528,-0.11126294881,-0.24728456564,1.60592937725,-0.94329979833,-0.51198966560,0.68628861756
1.27698251495,0.23696401731,1.45870003708,0.52358576039,-0.03047441448,0.36396994023,-0.83652093686,0.15426429292,0.27363703190,0.54392706453,-1.16705922109,0.64854884428
0.32550278164,-0.98026628813,0.12840257024,1.08719456076,1.17403918320,-0.50249609715,0.72072000021,-0.17154282724,-0.49296848785,-0.78376055996,-0.91841049205,0.67622519649
-0.93596938250,1.32799141714,-0.38344495126,-0.15756610623,0.62044247506,0.18278095791,0.98823031176,-0.39235547425,0.99167875286,-0.57842860739,0.08137096438,-0.12210433917
-0.87808756080,0.07019417345,0.74888182696,-0.51003676276,0.58888862826,0.43020460571,-0.62651826159,-1.89113817137,0.09020362723,-0.42653844457,1.38794248181,-1.32846905329
0.25129537124,0.55517387089,-0.26484475941,0.34066461568,-0.07692886211,0.36754718923,-1.83958853577,1.15908066942,-1.07229499880,-1.72240922855,0.02899605899,-0.20033942687
0.33301973907,0.57009628889,-0.81723120955,0.15429682251,-0.81374693107,0.29075886750,1.26485746880,-1.17944343913,1.41337202415,-0.41240055835,1.01375241133,-0.21505741739
0.65315169935,0.47286934720,1.39632086455,1.11264852960,0.73545648317,0.62738436944,-1.51315980572,-0.77753800042,0.60557301911,-0.23150518282,0.62864787225,0.63664561151
-0.85181117882,0.77226416064,0.63680746936,-0.28456458510,-0.04307065702,-1.66203803171,1.05212909277,0.52059651044,0.39302048726,0.37182548571,0.42745454911,-0.52500935463
-0.63556268357,0.49048948187,-0.26331112177,-1.15420620731,0.61610004596,-0.99977897757,0.19639251348,1.25332109758,-0.11070156075,-0.46749530657,-0.11930442391,-0.18486596589
1.12283625554,-0.47215020467,0.44661114895,-0.03440202967,-1.02179445689,-0.11273224327,-0.11243419844,0.18021781588,0.48515630174,1.07092258916,-0.50199741046,-0.08213316983
0.23720675388,-0.39600687583,-0.75776478361,1.11191019380,0.69973331221,1.51912754994,0.30500054331,-1.24824031138,0.63632206702,-0.42223365130,-0.70397899189,0.30895622412
-0.91619009093,0.65353299433,0.97220416235,-1.79308071091,1.63054450625,0.00939441530,-0.77982733908,0.14715614348,1.22915550950,1.40127575795,-0.14206241694,0.06798911052
0.82295705880,-0.36594258322,0.26348571672,0.55444837456,-1.05964227314,1.66087487307,-1.44725138860,-0.93230651250,1.59709523806,2.41552982880,0.46761086916,-0.27186198875
0.39532986437,-0.80914507058,2.10530541578,0.87044731689,0.70071761699,-1.10470089867,0.01620991317,-0.14387355732,-0.22441726785,1.11426768980,-0.85938815128,0.42017546760
0.63475977898,-0.23192107307,0.81405256349,-0.02678638971,-2.14422186850,-0.22140506376,-0.97782312582,-0.34509898621,-0.12740708351,0.88250017327,1.03659987672,-1.50304133626
0.71464620921,-0.96089895091,-0.08750372172,1.80602235710,0.97345962571,-0.98751654226,0.23885247397,-0.52125878627,0.36579278838,-1.29409592015,1.61438654465,1.24284744279
0.73137733945,1.60972355960,0.89300930194,0.43827914793,-0.83518268979,0.92396932186,0.92113536990,-1.80787267817,0.65091851332,-0.80776354020,-0.19965083780,-0.29921107878
0.29997044807,0.64677037305,0.43674436425,0.84017524620,-1.19894542692,-0.18296500735,0.29200289352,0.31579868900,0.92316368202,0.88823231079,-0.31826813752,-0.20333134114
-0.17817673429,0.30844389191,-0.23852772059,0.74460170667,0.38739492402,0.01086199137,-0.21430338281,-0.53395123582,-0.40836760087,-1.89846959941,0.86270637297,-0.22058610798
1.05506455261,1.16287265979,1.23758999551,0.28922935783,0.54944953392,0.08450019224,-0.70269993141,0.11156488386,1.38905622046,-0.13774560752,0.20551639480,1.31327733438
-0.40851271114,-0.02591713265,1.10851823525,-0.45134399018,-0.47303861839,-0.59100770756,0.62807455259,-1.85874258657,0.94444806981,1.49442834618,1.86718928663,-1.07535597327
-0.33196258574,0.09955289879,-0.75843473107,0.40699245685,-0.12561551670,0.13144135954,0.77280898048,0.51210268080,0.95556452979,0.67440529881,-0.82683900364,-0.03117910465
-0.11833523283,-0.82418221807,-0.45218578941,-0.33314958759,1.97526826215,0.23958642885,0.66011630801,-1.30751376008,0.33917904514,-1.29711225935,0.15993098357,0.44989221851
-0.58478715479,1.08911439910,-0.10155779419,-0.11609639108,0.25544802345,-0.77257918447,0.76161257563,0.75975002388,0.68158493216,-0.32862496513,-0.03767364544,0.05976284615
0.98458601846,0.43798505023,-1.15250070163,0.83530062591,-0.72768292128,1.24103503041,0.05140181194,-0.24310675299,0.96516955869,-0.68414300585,-0.17357857393,0.42082369350
0.63999171135,-0.68933246652,-0.47343330733,0.12097995129,-0.22730057070,1.61480340653,-0.61427556530,-1.99843532686,0.78445864737,0.14986326952,1.01771705259,-0.56137343203
-0.23618721225,0.52582220645,1.50513910953,-0.66762143505,1.65290726081,-0.54491353001,-0.40754715919,-0.69193252642,-0.06448408706,-1.04211811088,0.47337776624,0.20435121790
0.51397339603,0.08562437580,1.77604184285,-0.38261652150,-0.96969779943,-0.56593881494,1.18212146869,-1.42880963826,0.23455751760,1.50120764263,-0.23746294197,-0.81961732789
-0.36477383290,-0.57477694674,0.23980176700,0.51101348537,-0.11534960449,-1.14887556397,0.41268277578,1.18359397040,0.13492180617,1.35993203015,-0.73468165045,-0.10567730309
0.62640344352,0.79844595356,0.34836478276,-0.21730449770,0.03641424173,-0.76279020675,1.62421525344,0.23545867994,0.61404634063,-0.68806915952,-1.00942939022,0.53347520265
-0.79410910994,0.68598697000,0.19818477932,0.43841976344,0.20866664834,-0.57665490414,0.18678546796,-0.26635616256,1.50891559218,0.76889137675,1.61653473453,-0.02154912651
-0.56834112920,1.42094979473,0.48955230999,1.19427208510,0.23616206616,0.22679563869,-0.74521262127,0.46177387790,0.99440294083,0.32697413715,0.40925451520,0.45872535023
-1.25279345118,-0.32010192800,1.11794824526,-0.39961826827,1.60950689992,-1.24908982664,-0.01499667575,-0.99808376381,-0.41808443424,-0.37595846733,1.51577029207,-0.48449610499
-0.00098422090,-0.14199797222,0.16084190746,0.84295974246,-0.47936517510,1.38138981524,-1.45657024704,-0.94598126069,0.52911581123,1.11618672316,0.69012535235,-0.62461615712
0.25086279258,-0.31847456668,0.53271193943,-0.26769603219,-0.47789009654,-1.04518767467,-0.46052909351,0.37534327786,0.75853936609,0.80789374463,1.13819715191,-0.23292239320
-0.82819621317,0.00592283392,1.49579510444,1.42185867506,1.78111802733,-1.34590956554,-0.51461805887,1.17339547289,-0.23230622993,0.69755972339,-0.56026979551,1.04124890190
-0.93085462602,-0.48596747684,-0.73808149898,-0.83141487933,-1.10976190858,0.10636567319,-1.44773369422,0.56216717291,-0.64845030043,-0.04450135476,0.83046737538,-2.30614871584
-1.31292233341,0.62417490792,0.53865234994,1.38803391296,1.97691090996,0.36744618258,0.08013378687,-0.36804267346,-0.08449234438,-0.46846075041,-0.81253981846,0.45515318616
-0.15198624660,0.16710550432,-0.57418342392,-0.08954766053,-0.57514651762,0.55298252988,0.71846547002,-0.43874288328,1.18625364531,0.75917612632,-0.31390086382,-0.54863817506
-0.53357849837,-0.08960559904,1.71675072376,-0.33012023373,1.28714840626,-1.12111301057,0.76619556977,-1.10819707023,0.30465529297,1.01332047277,0.47330517890,0.10975882263
-0.49404363127,-0.28690164800,0.07688261732,0.59439439678,-0.95006651763,0.69569907706,1.19720692372,-1.96679221437,-0.10441576311,0.78139064326,-0.24621902023,-1.61814189543
0.55470677448,1.13806622573,-0.18665578309,-1.67117676958,-1.33317941542,0.16933646630,-0.12492802829,-0.08367757048,1.42746284528,-0.21786305604,0.74529029573,-0.91355143113
1.47309015304,0.56520036279,0.87609285419,-0.07849651518,0.24241508151,0.97842023897,-1.19191985522,-0.42458772760,0.37445945740,-0.67469801050,-0.30299105292,0.59366828301
-0.26066138789,0.50887474621,-1.12062598949,-0.48201103888,0.87631210613,0.29338414512,0.48314327748,1.15248932314,0.79951889725,-0.51663845250,-1.29954846418,0.53326594216
-1.27097329344,1.03824926291,-0.33548366285,0.95830236700,0.53148569766,-0.73619194546,0.06899507289,0.50993866843,-0.25062591224,-1.34746274194,0.97645687660,-0.22039357032
0.58852690257,1.14815883800,-0.81788378743,0.06368553297,-0.31900675343,-0.40574158814,-0.23547121765,1.60465326130,-0.22374794849,-2.10982532156,-0.11649960171,0.38464044104
-0.57697310951,1.42624640245,-0.24737560562,1.12372999486,-0.36370304542,1.18161189125,-0.28518269439,-0.48958899325,0.51590787879,-0.31770996573,0.08693094314,-0.33836263914
-0.22354897776,0.25444780297,1.11381039720,-0.46806970398,-0.61299581931,-0.66284914519,1.59254995034,-0.83925342922,0.60360707662,1.19268385899,-0.74394137563,-1.02417696861
-0.28313678029,0.83433133960,0.25799546092,-0.34788667372,0.32173319869,0.31119191770,0.43657736076,-1.09791560662,0.43953285655,-0.74670349505,0.40360252546,-0.38462541188
-0.40281540841,0.61378393667,-0.45008202280,0.28688043778,0.22481699421,1.01190102370,-0.29725036694,-0.57029274479,-0.31643922707,-1.27953749191,-0.23937613404,-0.57202259865
0.11427562532,1.25898070499,1.87994995687,-0.52458755770,2.03240781893,0.51329154127,-0.38891094517,-0.58676463613,-0.06523528797,-1.13566673636,-1.43554085987,0.75161035496
-0.06374341969,-0.41972285812,-2.13878894761,-0.38743304385,-0.27787094605,1.44809604272,-0.56528595752,0.11711932091,0.31216169061,-0.71026177913,-0.10913780060,-0.70086725514
-0.55606106012,-0.27295380057,-0.26869688496,-2.07959896040,0.80320368153,0.25932846588,-1.08466194606,-0.33299458198,-0.16927417325,-1.09234333261,0.74356634092,-1.16660312809
-2.28524667332,1.63849925720,-0.25776629946,0.23227611130,0.88817234164,0.44698484028,-0.42292854810,0.25101143402,0.41787550938,0.02006234223,0.32813530727,-0.78509047143
0.12490418097,0.62568549750,1.08460461417,0.68971735472,0.70619830673,0.71302068395,-0.23934163160,-0.42876354256,1.03153273864,1.08047594331,-0.81418202750,0.69119097929
-0.55208516809,1.12569016215,0.25145625482,-0.57186637732,0.61039607207,0.56138208237,-1.26290210111,0.90688178162,0.81459461881,0.53095923936,-0.34374608957,0.13632071118
-1.44255714140,-0.33836785043,-0.64577822831,1.72761122906,2.07484328778,-0.14276706445,0.62974744780,-0.44893592054,0.06999458577,-0.80236997516,0.24706810426,0.54615262812
-0.02075015214,0.88461231625,-0.18403643945,-1.74540662347,-0.01461671975,-1.86645989965,1.59553760236,0.19823353072,0.50028803892,-1.58492184696,1.26256630088,-0.38666022297
-0.73928423749,1.07546372147,-0.87995003049,0.31512964448,-0.63012074245,-0.97424024101,1.28233172572,0.39646940381,1.11168474009,-0.35482062606,1.18154651887,-0.40286525214
-0.29531748783,0.02950537960,0.93774494511,0.61445350587,0.94456610602,1.23849314344,-1.17874878369,-0.41256132839,0.80075024148,1.94211957695,-0.83198032555,0.35178244087
-1.69381477940,0.15756899957,0.62249101999,0.73076015135,1.04733843786,-0.78091611455,0.70937389548,-0.84007744332,-0.10898064681,0.28856784396,0.70939465866,-0.62176438573
-2.10114339553,1.24540827221,-1.03407165219,-1.17033724917,0.84036349111,0.17634438618,-1.25626486654,1.18096048628,0.85646891374,0.07364750643,1.09365750325,-0.88310259293
-1.18423947323,-0.84912186287,-0.83460118510,1.51959348692,0.40224841848,0.17349430351,-1.84187388910,0.30945334526,-1.38446012826,-1.34656543856,1.27994832526,-0.93739697177
0.62321025314,-1.20390883034,0.61550316924,0.17382366082,0.23297373032,-0.14066678575,-0.79748077811,0.36452029836,-0.52245204497,0.39088440313,-1.01686393569,-0.13603572668
-0.04348385982,1.15967111011,-1.49420710903,-0.54012508496,-1.21122627732,0.15159449336,0.36989429711,1.18169330192,0.62526910002,-0.81451486960,-0.26616873439,-0.64141739141
1.04017547936,0.51573185134,-0.22183947711,-0.41977778612,-0.37538110367,0.45455491511,-1.00336764833,0.22696386294,0.84086837830,-0.81490985565,0.55895640756,0.15715571018
1.10099432063,-0.67699977855,-0.29784301828,-0.03519052140,0.84336336751,-0.22742491680,1.06535139923,-1.26266714087,0.19595710330,-1.84059111937,0.44959252272,0.65260234115
-1.04984863077,-0.94047581765,-1.25518265642,1.27967725232,0.12588625273,-0.08714650453,-0.84023164187,1.09979912836,-1.36577073279,-0.97405381443,-0.23342321096,-0.99385007787
0.44558172380,-0.16292336756,-1.02538044266,0.29734869909,-0.91344899022,0.61779883919,0.15341899842,0.24663791412,0.17311081588,-0.13625077545,-0.67121006242,-0.40716572186
-0.41020546799,-0.59667063616,1.19805342845,0.84080469773,0.72028858331,-0.97468644614,0.11285006010,-0.30428975030,0.63620360198,1.45871482770,0.41035390278,0.20104929096
-1.07801602706,0.06465532095,-0.08363251823,1.22669552093,1.44651561279,-0.66358509264,-0.38525891826,-0.04029167233,-0.47473215277,-1.67428526316,1.17939356496,0.14085367987
-0.04162453586,-0.99223518376,-1.09829086073,-1.64674524604,0.46072857812,-0.05287086133,-1.73198210717,0.41031247085,-0.44444085150,-1.50982533330,1.71638659694,-0.83558442908
-0.38086376999,0.88312000928,0.87347070982,-0.90811041645,0.54503694091,-0.47787993017,-0.10403546039,-0.20184383182,-0.73512347000,-1.58939840232,-0.00911023189,-0.67069240741
-0.34589725157,-0.18643721876,-1.37621847783,-0.25527140770,-0.31878892403,-1.07577065733,-0.29867547600,2.86543127793,0.41323482300,0.38007729749,-0.39929995775,-0.08548532054
-0.62267301841,1.81171787568,0.18469783947,-0.55890059100,0.34632207769,1.23949037360,-0.59820389499,-0.44268508112,-0.14650500409,-1.31733482582,-0.47956936762,-0.61982836835
-1.64542959300,0.15349091903,-1.28954865291,0.70606227334,0.37657204751,1.13901900312,0.63707203108,-0.82196353482,0.29729173331,0.00501338174,-0.37513667267,-1.12766208557
1.04274617924,-1.50561397261,-0.39588280009,0.81719433703,0.57091996225,0.14548863586,0.93168184370,-1.31509770357,0.51479207537,-0.40759128400,-0.05696884260,0.51795570580
-0.67821335404,1.95484355715,-0.04381197884,-1.14677785140,0.78471254005,1.06586526258,-0.04079031953,0.21681886829,0.98100168062,-0.34797723262,-1.08103311799,0.03887535875
-0.01643067885,0.59141501175,-0.17354970362,-2.08061343502,0.10137556998,0.14426516027,0.35068470207,-0.04197963631,1.22030918700,0.12136504159,-0.25087962176,-0.49847295799
1.11451455851,1.83074493064,0.45724060535,-1.47555225201,0.45805606583,0.07559329222,-1.30213144010,1.33521675053,0.67594166751,-1.55012559039,-0.10398547409,0.93245242638
0.69555058177,0.54650295468,0.27756149718,1.40862199241,1.38255291821,2.43607936186,0.05759574520,-1.19993547626,0.14345545418,-0.91932665220,-2.66375739045,1.04167324188
0.03855818751,-0.77654061473,-0.11645075380,-1.01676716849,1.27779280043,0.85067213132,-0.19543348322,-0.20721110377,0.69218879601,0.65693117308,-1.39964248905,0.13116722628
-1.34024288439,1.10595449722,0.65804210039,0.63711033004,0.11175627146,-0.03677821064,0.51219767262,0.41596779051,-0.20885396188,0.74604492827,-1.41664955316,-0.72328843094
-0.87347583934,0.72188079145,0.05082218681,0.81975829847,-0.63626683127,-1.24131756829,0.59166336782,0.18834399744,-0.35572544967,-0.76374658616,1.13239187113,-0.87275658030
-1.31934389112,-0.08816968535,-0.24160070215,1.67807012721,-0.15445502839,-1.18819725482,0.42429141158,0.43496226478,0.34914113299,0.60158223617,1.15214786136,-0.49971316135
-1.60054648303,-0.41790458484,0.15650696537,-1.20461688583,1.92050347595,0.42538431306,-0.09681063588,-1.22729343194,-0.26953199221,-0.31051713542,-0.12354211461,-1.04593989925
-0.40052095202,0.75786942709,-1.41396152122,0.80852165506,-0.39077694904,0.44052560302,-0.55078561888,1.80684723327,0.23860911762,-0.53605894071,-0.75075634934,-0.02084384478
-0.32847831817,0.56589604608,-0.89602846231,1.45768487377,-0.25496339109,0.39670567113,0.42720350070,0.19409306251,0.46572883603,-0.55230065406,-0.23954141299,0.03434137087
0.07213673556,-0.80844455327,-0.44508428386,-0.31940173806,1.33881552776,0.01759788196,0.07239565991,-0.04506102304,0.16004024660,-0.92861666037,-0.52554059363,0.24867515474
0.52291642803,-1.36047727040,0.75854358541,0.24955211959,0.50706485028,-1.14932359453,-0.59397818359,-0.12493261132,0.32070214178,0.23668968964,1.10353751208,0.23801563771
-0.64890782763,1.05861934183,-1.43209629611,1.74768002596,-0.74605287113,0.34266561243,2.00529200627,0.20704570019,1.30315567609,0.05179662282,-0.86686269410,-0.04224168019
0.39996073918,0.69414293403,1.42840652688,0.58302680314,-0.01035278928,-0.42747451286,-1.11956355789,-0.18467103640,0.74747909372,0.33050015593,1.35211897953,0.37573007049
1.04124378732,-1.47913538248,-0.09379157839,-0.03382440042,0.33790950700,-0.42330622709,0.08031325797,-1.10668735656,0.71829010686,-0.32230686739,1.40285522456,0.23033442628
-0.09760443021,0.87726245490,1.54198232227,-0.09048643705,0.46954910282,-0.97308995672,-0.83596858010,0.75504050696,-0.31943455138,-0.19462164491,0.11429947067,0.21255313102
0.48956635293,0.35429816909,1.52856734126,0.53299349886,0.08665572296,-0.62382042547,1.03766100762,-0.32845219860,-0.54705853589,-0.14401180389,-1.48899022460,0.10617932515
-0.68413733288,-0.54250902600,-0.27358623312,-0.16065105917,0.95943816842,-0.12769244696,-0.74029149450,-0.37907599073,0.09747610972,-0.46059598080,1.26862077724,-0.33695106604
-0.44468514571,-1.80877709529,-0.11156254298,0.01017503578,1.09996072692,-0.36006439188,-0.89905993089,-0.85439460211,0.03462915071,-0.03941717350,1.65308574975,-0.41901909288
-0.13641157581,-0.33354201777,-0.08977996596,-0.03364331521,1.19762331577,-0.93886173373,-0.34011213151,0.19583241709,0.08254105186,-1.31859544376,1.24622839640,0.38980201561
-1.61243198781,0.39177894440,0.12478387145,0.17644212382,0.30437431169,-0.44946629459,-0.71712189087,0.66576341653,0.05802860177,0.57736580387,0.51428925954,-0.95991632307
0.05883421376,-0.26546288680,-0.74293287049,0.10820932645,0.00282349307,-0.09026125749,-0.56332956479,0.63023756026,-0.50835024188,-1.05139278034,0.17409834652,-0.26429462092
0.24354200968,-0.30165710728,0.59821713616,0.06881850578,1.13922954520,-0.12141637169,-0.06112493585,-0.38739203826,0.02838795653,-0.55584937908,-0.35737548127,0.38862475978
0.12211998982,1.68170108261,0.33692844692,0.42990958782,0.00281738071,-0.10459621409,-0.43793731375,1.35684460518,1.73094332471,0.60080278044,-0.05435065638,1.04618069430
-0.27561612237,-0.06978491050,1.03072046624,1.11368944161,-0.49707760098,-0.58346923888,0.39847994782,-1.02473169001,0.42073052222,1.09545567513,0.94936219420,-0.53998018886
0.31463233890,0.82989911152,0.48022782340,-0.50046352657,0.93597095070,0.62950726237,0.05439845421,-0.31010745049,-0.64317990168,-1.71833457895,-1.39659688657,0.17395215991
-0.91652019982,2.14851968671,0.59592299598,1.65115953091,-0.23929966756,-0.89398412863,0.88387612154,-0.64892026389,1.98459190210,0.23800686905,2.55778745337,0.33697422524
-0.44123821220,0.20355699669,-0.10109671944,0.53431430900,-0.54290269272,0.14170721017,-0.46447281016,0.33468134064,0.26606895533,0.56379371143,0.04275753158,-0.61505522803
0.55659179664,0.41391128514,0.23213145626,-1.22080990024,-0.80209795791,-0.35340559728,-0.61187617577,0.31770974652,-0.08586126208,-0.62547600172,0.50973714119,-0.75856632412
-0.60677521777,0.94345613572,-0.00743903415,-0.71676066208,0.64999358771,0.09194687339,-0.36540651533,-0.25157710140,0.95609508386,-0.30834676153,1.06044960970,-0.11173869432
-0.61211184837,-0.66178692381,0.98231159410,2.09532454159,0.30508816604,-1.27948521029,0.58959344773,0.68463898091,0.32116339782,2.01252184302,-0.68098676078,0.39483785270
-0.19975395307,0.66395895411,2.27217881175,1.08515371171,1.31659170645,-0.66417443996,-1.20929985337,0.03936040798,0.15998597717,0.36605293447,0.33185473414,0.82714811698
0.92049013819,-0.50823549869,-0.10436158741,0.59288940023,-1.92704051285,0.49245176894,-2.34898619205,0.96757244524,-0.18879013877,0.55528199621,0.47221602469,-0.96257555044
0.75779902732,0.22079931532,-0.00308094323,-0.02661886013,-0.25941586673,0.30340246525,-1.15530068893,0.27791819574,0.50235060978,-0.23565704887,0.60880995402,0.20195951867
0.89427505632,0.19787593921,-0.25540949709,2.37622356179,-1.10837126101,0.52037002026,-0.06439115057,-0.29524670457,1.27805504226,0.31892200178,0.48730478212,0.54854212522
-0.56762997298,0.83069967852,-0.15556656645,0.84694809186,0.32493027229,1.05092731449,-0.41099937689,-0.83796937914,-0.65818696146,-1.41786979623,-0.00413115634,-0.51017225523
0.92109420582,-0.31741497110,1.36400360048,-1.90769686691,-0.66627112867,-0.32383394994,-0.44125357065,0.26118143306,0.45152388029,1.76713366248,-1.00749618546,-0.58881859814
0.31485187507,-0.19229910562,1.11499834134,-0.22269883604,-0.13804387693,-1.34950459906,0.23227235140,0.01069019935,-1.07873372614,-0.66397855422,0.14417378413,-0.39761368235
0.89527128507,0.31403506258,0.57539618464,-1.00693352064,-0.51240733223,-0.81690076752,0.48232492501,-0.32437037950,0.63743520387,-0.51038733162,0.65100079597,-0.19436547664
1.06371218803,0.16336219668,-0.65514698746,0.40624998928,0.06482609611,0.54280636551,0.62179523476,0.66640701015,0.42250280286,-1.08012008903,-1.98959210731,0.71093806902
-1.12422478193,1.84524008666,1.12077491560,1.79590125216,0.52892748145,0.70430929726,-0.84000676686,0.37309772911,1.30670547169,1.52754096525,-0.35011199500,0.54118222167
-0.83781734478,-0.59732180989,-0.34378350561,-0.75400622680,1.95084198796,0.66257714940,0.42113864340,-1.60961231790,0.68574781343,-0.26306359289,0.28235293424,-0.10272385678
-0.13458865877,0.24380814335,0.56400238553,1.79523041202,0.41424816835,0.11916012987,-0.36721402868,0.03303692269,0.43967567762,0.14855904621,-0.24275201900,0.43198525315
-0.64653741514,0.96315807032,-0.30857997282,-1.27465574591,-0.18270944568,0.97821815456,-0.76148956075,0.91489007144,1.18835411792,1.31885606018,-1.06006728986,-0.65824619474
-0.75336841517,1.31048073181,0.43980447803,1.74245242991,0.81730956557,1.00428462107,-1.14394521491,0.35204273523,0.25125396138,-0.25489758036,-0.57112286147,0.48619656989
0.25927992645,0.02067634774,1.80250874193,1.10089811923,1.08163942575,0.49130132334,-1.37426058732,-0.82476273279,0.55849315100,1.05180800372,0.18578534969,0.68056486103
-0.28720949084,0.18446960714,0.03647932005,-0.26304632074,0.27622491584,0.90635927330,-1.35913642795,0.07668500730,0.06053591551,-0.32993790473,-0.38304565518,-0.72814087428
-1.37292336212,1.58399100878,1.14568618859,0.97451421841,0.06919306678,0.42319792963,-1.91497677962,0.52464712269,-0.00532602634,0.78618152068,0.44781845688,-0.52640215988
0.05975867490,0.74134302704,0.48163396925,1.41008695222,-0.51300631638,0.33431157362,1.08759402397,-0.80734633076,1.15617385281,0.86652535708,-0.44840359936,0.10921882521
-0.87574867024,0.23135925293,1.24909105656,1.72741454705,0.03273217741,-1.30965316547,-0.04081967362,-0.58747932943,-0.24767272273,-0.06658984006,1.69281167308,-0.41896808741
-0.11102802748,-1.00525405566,-1.58678213479,0.95129844243,0.03110604235,-0.14257745878,-0.42309811279,2.11906823124,-0.16857789192,0.15201616043,-1.13383277520,0.19647085856
0.74575731230,0.29267615205,0.63417950683,0.69580047773,-0.47178171467,0.34526994842,-0.83988514884,-0.40054806662,0.41387615060,0.04022948121,0.52290851117,0.05219907620
-1.85374027136,-0.62609267979,0.93547703145,0.64363132534,0.86354004464,-1.79163601562,1.45548464730,-1.28320779647,-0.76692053764,0.73474734856,1.31227095833,-0.98732695659
1.33163792977,0.11468207834,0.34062285183,0.51210497290,-1.07223624051,0.54807899806,-0.10356209990,-0.29519261705,0.44276000487,0.29269330386,-0.55239890949,0.07488657166
-0.59415254593,0.78783314446,-1.28330855049,-0.02840186578,-1.59980397838,-0.17438788032,0.77716136032,-0.26874625082,-0.06713741801,-0.87254471212,1.33925235748,-1.45415030848
-0.84428089321,-0.27631284009,-0.51570292914,-0.01983215597,0.02238151594,-0.44365909666,-0.04274522782,0.37501605571,-0.46828462457,-0.48909948488,0.17590852786,-1.00379249789
0.33567929319,-0.60106049345,-0.33308511869,0.08699667891,-0.49248160911,0.11892688128,0.41759608509,0.75059347029,0.62399138801,1.48055304009,-1.49283867820,-0.02140036003
0.15476835323,0.03213343285,0.22404858402,0.28995415265,-0.75025242011,0.43443267443,-0.04840536286,-0.89003742462,-0.77038032614,-0.73011569027,-0.13814521082,-1.13912282288
-1.36403094402,-0.64397774073,0.88833752406,0.91477323374,0.57275763386,0.46685431316,-0.15962268218,-1.46581847546,0.16007096133,1.91330744284,0.04551432214,-1.09628877372
0.87915128813,0.73298277172,0.64515647315,0.29238789009,0.79631103801,-0.68407202128,1.10727690882,-0.15022549544,0.99109639016,-1.03826248218,-0.18867884477,1.25492396087
1.52132612995,0.02178086457,0.29604301421,-1.83801075723,-0.88966930991,-1.17058738297,1.06745502540,1.18976987263,-0.08342168217,-0.36986726327,-1.58541621539,-0.08549534808
-1.05917426071,0.60592474965,1.08275218500,0.92214393560,-0.73708171048,-0.74674888109,-0.40932909769,-0.13801196848,-0.11326087794,0.84170646521,1.02837603882,-1.16121335137
-0.55350957600,1.52677683984,-0.20396541059,0.87061495215,0.26416283932,1.21069764057,-0.94202010410,0.13472112132,0.10229897698,-0.98162783180,-0.26922152504,-0.02803439238
0.29947319894,1.08088167740,0.03203419072,-1.23898789216,1.12565390773,-0.03567580507,-0.69957176100,1.13096923687,1.09347388352,-0.59614815762,-0.14486217742,0.99450889187
-0.70587362527,-0.79316532051,0.35659452522,0.41629798219,0.65970523885,-0.15437630185,-1.19645063669,0.36421142522,-1.50734866137,-0.17648163225,-0.27822991202,-0.63113444945
0.21278970689,-0.19367792409,-0.28031302622,0.89966934201,-0.76302942605,0.33439934780,0.71825839924,-1.48276279226,0.29572621660,-0.12917282336,0.82378706377,-0.59953546476
-1.68514200690,-0.16470973568,0.15691214770,-1.07591620456,1.20791689069,-1.05043566181,-0.48230363886,0.52829945059,0.28868647068,0.88096646327,1.00915360737,-0.71288506590
-0.71319363636,-0.67222575818,0.86701628444,-1.08476332354,1.37851895074,-0.56054165528,-1.01386904579,-0.48985894122,0.26309537110,0.86726223487,1.22016423927,-0.25959388050
0.33479749843,1.36720737940,0.79305542543,0.20122834025,-0.48251197799,-0.30861224812,-0.89128255315,0.85570177915,0.77302436512,0.04421461195,0.42180600211,0.28646186098
0.54450971978,0.89451902472,1.06135357646,1.08292988477,-0.50013524704,-0.92694612239,-0.66183782462,0.98919393902,1.12392017397,0.52560708226,0.71728392220,0.75117320861
-2.12916974651,1.65014160161,-1.34272117646,-0.91301958891,0.60777116245,-0.24062513654,0.68195701321,2.08139265341,1.11973450455,0.84524211886,-0.96643020284,-0.53081935850
0.03904449333,0.09324424226,0.51698013520,0.14711520634,1.13763731878,0.66025453303,-0.32942995014,-0.82935583711,0.75101658806,-0.05412265610,-0.17144333436,0.35249499584
-0.34746174828,0.26747662317,0.01344897563,0.84519052743,-0.07603372028,0.22329334045,0.39782006319,-0.57084854575,0.03548433319,-0.17461188774,-0.13136573891,-0.39456511226
0.56438571963,0.00989635131,-0.94378934206,0.13206349464,-0.77594013162,1.79361417277,-1.52537949067,0.53418357010,-0.21571792850,0.02741958445,-1.03043921610,-0.49169692010
0.33025372441,-0.53598917321,0.49823804274,-0.21321529036,0.95950553903,-0.41362377194,-0.55685035054,0.14315489923,0.19368260323,-0.07630924397,0.11514648359,0.47047088902
0.46653651562,0.15152377064,0.24556977318,-0.85444041985,0.08437334363,-0.12881875214,-0.86785466225,0.20172269368,-0.32659761469,-1.10097134528,0.32045145936,-0.33098909021
1.00778133309,1.40253592973,0.78526509941,-1.68950909495,-0.49931481175,-0.76230484753,-0.05520797428,1.55812828039,0.70536992987,0.03547334899,-0.86835696228,0.45360901176
0.25144913972,0.24379810660,-0.87580346199,1.40509455825,0.58566213277,0.10681900097,-0.65825479297,0.98835338100,-0.57524560603,-2.22738574387,-0.17116091432,0.63183558865
0.36445382522,-1.10161966684,-2.23689039702,-0.00032257800,0.46811622609,0.63538930263,0.41513482682,0.50952890186,0.08467661525,-1.15059792309,-0.83494986813,0.20992571371
-0.00670024645,0.87695929352,0.77427625110,-0.15602430973,-0.42258404130,0.19866819079,-0.33546047589,-0.38073433687,0.31679124229,-0.05890725495,0.05335020062,-0.62823009093
-0.00120386200,0.67179100135,-0.28553423488,0.02260035788,0.20786268484,0.84591277558,-1.38058809118,0.91550664605,1.71237010002,1.03824018906,0.08396258892,0.58712854428
0.72911260014,0.84021154218,0.30555100116,0.50304131627,-0.00350549020,-0.73741768462,-0.38364145080,0.67742583251,0.59983523535,-1.12005482015,0.86804435649,0.75307787693
-2.11318417723,-1.25803968128,-1.60533722600,-0.31849958021,1.49511974312,-0.20773525156,-0.96776774042,1.03788233329,-0.67625030631,-0.26505648424,0.43940740673,-1.08136829232
-1.48680163001,1.11340414798,0.34100479524,0.78662286917,0.14434639368,0.01098167804,0.30310327123,0.59640142387,0.60944587695,1.35158754108,-0.82820995159,-0.47562169082
-0.30231455589,-0.48150785416,0.31640784526,0.37641102905,0.64848675504,0.39875656717,0.21840514922,-1.67768822618,-0.23843790471,-0.41122905756,0.39998661151,-0.54826984498
-0.70908768869,0.76552540063,-0.04351092635,-0.48155109924,0.92888567276,0.07567574133,0.03128904780,0.88245677299,0.58090018589,0.26371806827,-1.01958362162,0.22087323954
0.90934909633,-0.62163662076,0.20783357604,-0.32898746611,-0.35272310564,-0.01620665397,-0.64987388285,0.57164092610,-0.07751490968,0.09158518232,-0.82351231362,-0.21112577457
0.69412447577,0.45267328180,1.76646038623,-1.83208157008,1.07802295137,-0.77252154513,-0.97753096648,0.32109336583,0.86996377502,0.45287182542,0.17457870360,0.62848410174
1.22195695588,1.60522602137,1.40338814011,1.34120571995,-1.66394649666,0.23255307903,-0.68230377583,-0.26666294783,0.71831187076,0.24138758037,0.59405191621,0.21115464177
-0.03274156953,0.81988183287,1.37727791387,0.38844608984,0.42274837125,0.73759904666,-0.34972271184,0.30288053214,0.20519017588,1.20129796087,-2.21482042898,0.25499772298
-0.23397852261,-0.38662817345,1.23425863390,1.01850116825,0.64585782929,-0.66572271100,0.17697103416,-0.27523958561,0.09761241511,0.86790214116,-0.35142295106,0.16436640270
0.05360371240,0.75892426528,-0.32014731766,-0.08577624609,-1.24659366342,0.74605888557,-0.63358706475,0.76594758169,0.74141635469,1.08352417974,-0.57415263653,-0.55693738926
1.06908470040,-0.81012736320,0.29493789391,0.42746814951,-0.23385769030,0.96840225002,-0.26850943421,-0.84826034671,1.27029900508,1.62635492674,-0.44876194239,0.29833417776
-1.05424151992,0.44545198067,-0.06586645447,0.68364497471,1.06691333571,0.17124723723,-0.10045240725,0.64777397531,0.57351615282,0.55101106961,-0.75851687030,0.26353412013
0.10901479011,1.18752350698,0.15784961570,0.18372766354,-0.52609443728,-0.04106772148,-0.20197007183,-0.56193840448,0.61246285950,-0.90089054127,1.52568891731,-0.26075586512
-0.20983734268,0.72111433738,1.02152659282,0.00827884479,-0.70459350336,-0.60629047673,-0.58286216336,0.69071852669,0.64433912324,1.14211496335,0.13998193684,-0.49181607405
-0.39769980034,-1.28526209418,1.95846715988,1.28873867623,0.04876790408,-0.90172573031,-0.21738167920,-1.25293033133,-0.78068462245,1.02773865358,0.27699197619,-1.00029143891
-0.34374865890,-0.03263337660,-0.01435925128,2.47988537822,0.60748461002,-0.12244012174,-0.07652338806,-0.55324464543,0.07204225151,-1.05418608164,0.83231493760,0.37818074419
0.11084388063,-1.25266554734,0.47150922646,-0.58780082181,1.33928722479,-0.21499187778,-0.04738950100,-0.29510925592,-0.22094875350,0.35977720299,-0.76625388451,0.16760769982
-0.49877992038,-1.60595630471,1.23638407326,1.36508396228,1.57658564094,-1.59961547492,0.03491385107,-0.81555065079,-0.44342871428,0.26475256085,1.24003293258,0.46369800861
0.36392864485,-0.62207646761,0.74631508911,-1.22631713785,-1.04515973344,-1.19351229305,0.40831752468,1.20906781679,-1.54521413445,0.08025466379,-2.06442569816,-1.51688678155
0.70136207125,0.31799699096,-0.67756369441,-0.29724475753,-0.11999924110,0.40197674164,0.88419569503,0.07446519990,-0.28251033214,-1.49866476145,-1.40547705187,0.03436907067
0.20848579790,0.33684065022,-0.19536421544,-1.31315914591,0.39912365635,0.92009555678,-0.00509362167,0.33813906683,1.63486742838,1.23975442978,-1.35013450135,0.30013656553
-0.15081234544,0.07691183496,-0.23755020800,0.06627049074,0.40660228495,0.32002657822,0.31104955549,-0.04990315614,1.18023949774,0.82250762251,-0.29990864640,0.30683102412
-0.57106102800,0.87696456043,0.02055118025,-0.00681547960,-0.13127246106,0.46430407360,-1.03351749662,0.80392638085,-0.26573498745,-0.23712653025,-0.55153036330,-0.62339959192
-0.66098014920,1.07910230678,-0.37360208187,0.85633484916,0.51701559221,0.42756784128,2.31026821760,-1.95235752618,1.48681474059,-0.49676474588,0.36504292343,0.07932868418
-0.21290879936,0.47889437854,-0.77520094842,-0.45918134738,0.13816934076,-0.13583369073,1.36761815448,0.02794261710,0.15877683618,-1.30576776093,-0.85553672664,-0.38814005237
-1.64217603219,1.99132647407,-0.69107644674,-1.29255941727,1.10086745715,0.85260811544,-0.83772287115,1.34553810588,1.10642228710,0.05937329474,-0.64890386915,-0.23678407451
0.32468208423,-0.90917993153,-1.41086826010,0.59412899836,-1.00949126476,0.87123124094,-0.60599971876,0.99806756852,0.43646630516,1.16164977647,-0.88236904044,-0.35922431301
1.53037934804,1.32833155888,-0.50180968333,-0.95612605112,-1.08728096128,0.24613916571,-0.62580210023,0.83645856930,0.67732610394,-1.52133801180,0.31357249404,0.24494388312
-0.88783840211,-0.67905738210,0.99071729659,1.05301163870,1.29536988265,-1.03624202114,-1.21908909666,0.97832308239,-0.28969152898,0.77030302104,0.11330576262,0.35418174282
-0.15576210082,-0.18215821506,-0.05172053958,0.40873778139,0.13250675238,-1.45786062459,-0.16701248963,1.16207137219,0.32599979747,0.05348375111,1.02167205748,0.34018190509
0.54306318176,0.51624815642,-0.41820163691,0.91199717562,-0.96257932326,1.26364646248,-0.18382062511,-0.95316185638,0.74753736517,-0.27402025269,0.22641497828,-0.36680676625
-0.56625233714,0.32811101372,0.30513649267,-0.05383327970,1.97768149953,0.74462771496,-0.92865937271,0.79097467896,-0.06256225683,-0.25803627868,-1.81345779504,0.64354319750
-0.58183128483,-0.07615856019,-0.30180620965,0.71064593505,0.23611424850,1.36503663983,-0.52562790316,-0.61417166832,0.29730061867,0.64796105975,-0.61594024029,-0.54202003746
0.05261037748,0.63188124895,0.86176192901,2.13399937096,0.27736452765,-0.13719144097,-0.97181001138,0.25405476812,0.40226798606,-0.39600655374,0.49380297287,0.62851814463
-0.29202164332,0.96752298913,0.52151810480,-2.39336304180,0.77052994897,-0.30113670437,-0.42164800630,0.71221133224,1.57737884071,1.15967586637,0.00829975329,0.11235345492
0.46776466452,0.20325411891,1.88816551433,0.68756078362,-0.46860088548,-0.68808525949,-0.42323226299,-0.68982619782,0.19443362059,0.73241611421,0.75643121308,-0.18917176817
0.42425015803,-0.67844867797,-0.93886355787,-1.12153201467,0.22425734716,-0.38212265575,1.27869778466,-0.70100998615,0.93724310160,-0.82476443727,0.48547366740,-0.20735015505
-0.20262762761,-0.19744466250,0.82944631406,-0.93728936871,0.37830242707,-0.43138093635,0.71500128263,-0.40160359083,-0.90291293802,-0.31346253077,-1.25308159926,-0.83561926462
0.03197998351,-0.17731597327,0.10339608288,0.78391403428,-0.11982090402,0.21636408084,-0.70330218871,-0.01676508185,0.62856218007,0.28091433529,0.24437045901,-0.20928335769
0.09216105264,1.89309322508,1.03180433415,-1.04797237936,1.23263085240,-0.39669387973,-0.05508213445,0.83389771233,1.32501991402,-0.30593439680,-0.41684243183,1.13381848950
-0.62926313427,0.59694469165,0.71726808180,-0.05925510019,0.94376541172,-0.35734017854,0.91104571020,-1.15208222221,0.55695583960,0.00666929659,0.58234815289,0.02683743415
-0.18997204285,-0.11422152955,-0.43103707265,-0.41055291687,0.97045308383,0.60052877089,0.91432683153,-0.43422390712,0.63459666477,0.00704773151,-1.27024781016,0.17433059926
-0.66086719734,1.07127779986,0.67535598474,0.23289257788,-0.11990131218,0.89331594853,-0.76303525810,-1.49029572969,0.55751142480,0.06842663614,1.28979079604,-0.91107577264
-0.77283537171,1.14330626034,-0.46255555146,-0.41752541284,-0.58422882918,1.66363950881,0.83811893539,-2.42463697278,0.45196784743,-0.66698504312,0.43010140232,-1.63735143918
0.80057475787,-0.30416935777,-0.30045385984,1.99549630881,0.35979761438,-0.30333447477,0.16215751481,0.60184062482,0.69648120664,-0.49043209554,-0.20215282366,1.30549509841
-0.33744010761,-0.15484943659,0.86363563606,-0.27627128111,-1.22291089248,-0.61853385166,-0.28989923674,-0.51506075136,0.01447087551,1.18532251675,1.04943529467,-1.51505412054
0.26923654964,0.20010521894,0.04642012341,-1.57394049612,0.11736658882,1.00760645485,-1.98687190946,0.91128535020,0.67296139519,0.91313577668,-0.64881658598,-0.29510634942
0.30241241858,-0.26779063824,1.14329086448,1.69553696463,0.27988170853,0.09422571442,-0.27503021682,-0.95836160049,0.51742387126,0.74506650937,0.29964242975,0.34097860218
1.15930276325,-0.25752026217,0.75138183899,-0.92802218428,-0.19694749728,-1.00696649561,0.47467609058,-0.43680696630,-0.75685478050,-1.17575616199,0.37804091067,-0.07251299090
0.85666855932,0.40658887649,2.38874545671,0.13956577130,0.46022526800,-0.36849566693,0.73510517192,-1.66671882405,0.63714342136,0.75264569858,-0.11616255961,0.44802675410
-0.71503064035,1.94228479594,0.37019006663,-0.22412001233,-0.17783346799,1.17021981987,1.38074570385,-2.04235148369,0.52762038500,-0.64517118594,-0.31844468793,-0.93536457112
0.05602652812,0.09966764959,0.24566242042,-0.69257503060,-0.66965102784,-0.82235892690,0.88757557914,0.30678915196,0.65567018345,0.77708857155,-0.31817881258,-0.57084360910
-0.47579660467,0.54968761997,0.30786932647,-0.28559238122,-0.86319031645,-0.05708709723,0.24860266986,-0.37914773560,0.40138955058,0.81722342224,0.28824661568,-1.08577730937
0.49911965946,-0.10159313861,0.58637265635,-0.96801741778,-0.06366578908,-1.13610165747,0.22941722475,1.41239174092,-0.78409900472,-0.13501243618,-1.47737910070,-0.12529305444
0.05606098919,1.33770600078,0.27169392562,0.27350067964,-0.70379377231,0.96755581054,0.70188014562,-1.81429354783,0.29916505947,-0.86016564012,0.37372735540,-0.75616356945
0.09265028367,0.42460197946,0.53026366531,-0.75094340692,1.08046035788,-0.54518624819,-0.05759042412,-0.40411696503,0.65119887648,-0.82372433091,1.01627840029,0.43684990373
-0.52329018456,0.44020382672,0.96848993431,1.69706567038,1.10802315574,-0.88989451393,-0.15329616005,0.29425025392,1.05210992647,0.71047254546,0.79713741939,1.08137689247
0.21752811729,0.67038195881,-0.20411246022,-1.08309520960,0.11534871423,0.02660703445,-0.17490830879,0.41869311100,0.89572772589,-0.29078964327,0.08172849276,0.06008896244
0.09276777300,-0.68950944271,0.72930402920,1.28729395675,0.74156394485,-0.71809656718,-0.62191621382,-0.41334872722,1.18490609815,0.65325923538,1.61076754597,0.66350602300
0.28073597573,0.00797396721,-0.16905841793,-1.00812953533,-0.44332937193,-0.33998048879,0.09102357353,0.47057752209,0.32321539952,-0.01480176082,-0.22694636594,-0.51331779573
-0.28772804897,1.00630130155,-0.47218882198,-1.93533199295,-0.81642952798,1.37641229581,-0.52145965309,-0.11117513868,1.19830928139,0.80430325579,-0.53410402672,-1.30050220451
-0.19314237302,0.71929783195,0.82359557978,-1.13403276122,0.30281711314,-0.57145306299,0.31360461296,0.02459095819,0.81250722703,0.50572770355,-0.00225532854,-0.17373940363
0.28635444944,0.61439535772,-1.51406960149,0.50650473055,-0.65868677279,-0.87369760548,0.66247202500,2.36594607205,-0.26898682758,-1.60040531877,-0.97388952838,0.18841675468
-1.04294564549,-0.43712850607,-0.09241394421,-0.86204427400,1.34585877193,1.19633218650,-1.58055282469,-0.19172369390,0.79066579951,1.38441066154,-0.17427763010,-0.47807885131
1.55702612928,-2.68867311349,-1.15476699220,-0.09007126177,0.64971935667,-0.12036001597,-0.96455316968,0.97416796160,-0.21633055727,-0.35402743796,-0.41404734051,0.66456148108
-0.22461304732,-0.99399248626,-0.75258720100,0.19426093022,0.88953024376,-0.18205121914,-0.38266449829,0.89480614868,-0.11047567099,-0.54371900952,-0.70033760178,-0.03742257419
-0.22539404553,0.90085934139,0.44376522757,-0.50923897671,0.05591528999,-0.67500031210,1.09942175798,-0.47238964389,1.03862558851,-0.03810538519,0.51214835415,-0.16686904682
1.09862430114,0.60525487878,-0.43794497375,1.21428588433,0.09882720406,1.02493338309,-1.68138733267,0.87203048362,0.70935529452,-0.91794900141,0.03616032415,1.12998443061
-0.57741595373,-0.46593437145,-1.26167486492,-1.66215725317,0.38279142455,-1.10303312083,0.90332823136,-0.26007246643,1.12823199396,-0.61647538654,2.07591292037,-0.67975057768
-0.12816857051,-0.93534689666,-0.25408210195,0.12385155920,-0.89268369527,-1.26476771720,0.59671072852,0.51717151210,1.05579328263,1.40011139265,0.67227059297,-0.68525596586
-0.49545098401,1.58987889329,1.17498054633,0.43288569078,-0.57342959430,0.85379801838,-0.03234387439,-0.68153782591,1.95846828611,2.38155886131,-0.11347178655,-0.27429015319
0.35989283366,0.32912685232,0.56299745507,-0.61702242545,-0.61372787273,0.21824263714,-0.49936368323,-0.04221455681,0.30341782058,0.14417658073,-0.39046977452,-0.75452439843
1.00264254832,-1.08974216530,2.32533903100,0.11763283078,1.00113808889,0.71312657514,-0.44914670266,-1.59397843349,-0.46197911606,1.32860058254,-1.83349973182,0.03833248030
-0.50349026753,-0.12624566503,0.71032864611,0.23458935036,-1.26821783905,-0.66579706486,0.26845548315,-0.74907258254,-0.52738193179,0.71702120581,0.84155977000,-1.59773105840
1.13320453904,-1.00631503497,-0.03113919865,-1.55772965996,-0.44235970070,-1.24978492121,0.62622069470,0.23859845757,-0.06672479383,-0.31991023288,0.24889900899,-0.26983440295
0.57946935675,-0.90046531017,-0.39197146015,0.34306499194,-0.63220987446,0.24399452558,-0.86109762253,-0.54094824287,-0.42053383569,-0.56434148072,1.06264325981,-0.66152012333
0.22415981637,0.75186267298,0.42370576154,0.24551370661,-0.61602841538,0.19478451760,-1.08060738878,0.30690768505,0.74357175098,0.20440478466,0.52956676622,-0.23594629090
-1.69914308815,1.82844912679,0.23510913279,-0.01637104466,0.69752813936,0.34941731518,0.59592955953,-0.54628735920,1.04759840599,0.33509033385,0.19775182958,-0.51436730249
0.07490181466,0.63477193155,0.63878282520,0.11515031712,-0.76447800248,0.28352703335,-0.01867030053,-0.90622047154,0.04243791163,-0.13133990824,0.28961874822,-0.88302660745
-0.88416626235,1.43092506953,-0.78172830478,-0.59921698947,0.20145045845,0.54129069704,-0.14575750895,0.13759206923,0.35506788072,-1.08342121329,0.35833592774,-0.53450568221
0.70116437061,0.19727712309,0.67073371367,0.81825343598,-0.36767329836,0.40194336394,-0.05583953905,-0.29972866948,0.37087570592,0.44344957376,-0.71021801702,0.17617194409
-0.16067510413,1.20619024180,0.29277776126,-0.00930606916,-0.87665187223,1.17514703185,-1.52864524231,-0.71526321192,-1.14203995083,-1.57493889480,0.59826841599,-1.45927417277
1.24869202393,-2.75427088357,-0.45193285741,-1.85755116708,-0.46222864889,-0.66260712244,0.61083130135,-0.19791230116,-0.07961607503,0.53612819764,-0.69496395466,-1.02195644659
-0.67781138522,0.35924703272,0.27041178659,1.69977976237,-0.18575143214,-0.74656264480,-0.59382014332,0.50983796338,-0.31975493707,-0.49410093061,0.92704242118,-0.25137774338
0.10827347024,-0.71099421235,-0.24530308829,-0.86130643783,0.50159621844,-0.23160855712,1.28840167224,-0.83330562532,-0.40116160676,-1.01353171174,-0.76791228971,-0.57851771518
-0.69477445301,-0.58212441285,0.44571146727,-0.42137132190,1.96874328424,0.01984859448,-0.47161520652,-0.93440763116,-0.03389797797,-0.57075972209,0.44535107804,-0.00308352569
1.43375533777,-1.07350664230,-0.04475883034,-0.53108450319,-0.75573196065,-0.82209377864,-0.65962271263,1.23620231373,0.52991371863,0.39319752257,-0.10627477974,0.12587757874
0.15170292263,-0.40754603383,-1.11442219691,0.11935287018,-0.77117303270,0.99125133594,-1.40324181270,0.09909363561,-0.29694496779,-0.71172436435,0.53554119383,-1.02019348109
-0.73069138164,2.38080508947,-0.01573362845,-0.69433244989,-0.76066642232,0.08607692046,-0.19886226000,0.82369875717,1.16118416608,-0.01760206785,0.30856981773,-0.61888800477
0.65793060135,-1.00573705955,-0.15953205142,0.41971785221,-0.48479103943,-0.31112994855,0.40614442413,-0.72702956695,1.20925220704,0.86866142006,0.94861340521,-0.04403957777
-0.92716214998,0.79744925986,-0.69695957524,0.86497402114,0.16714106883,0.85608106176,1.27088320087,-0.18676015784,0.42977878213,0.11751448144,-1.62303403511,-0.33684227462
-0.00644573905,-0.75723258163,-0.96333213589,-0.00264677918,-0.50325907575,-0.35637377034,-0.77827278941,0.97181304739,0.49021204055,0.18891064201,0.74623991363,-0.48396471644
-0.32919797896,-0.90057490380,0.45668092722,1.19136319914,0.51978204595,-0.60437546765,-0.37206514799,-0.13122092687,-0.13763995091,0.20675490079,0.38431101741,-0.09753510278
-0.53413050361,0.33702458323,0.68680959714,1.33901802666,1.46853291948,-0.01144918009,0.19592091484,-1.29772664425,0.10762890332,-1.39333465840,0.60095766583,0.27916569808
-0.00154433658,0.64791012103,-0.24140068294,-0.36909029843,-0.45506221676,0.67346719388,0.56244544539,-0.97671226862,0.72650187083,-0.12078698084,0.12128432064,-0.57425882410
-1.78366323657,0.47065086619,0.24876407745,0.84426833726,1.05928146185,-1.09644289154,-1.23810675212,0.62721055031,0.75302847738,0.42203846418,2.47792392368,-0.03979632682
