0.56869727917,0.26813120269,0.48555743058,-0.33893754736,0.39721395307,-0.40718138905,1.54375525858,-0.57121452268,0.15602125581,-0.82638814408,-1.04642352814,0.29831681320
0.19763893107,0.14471707684,0.39455567429,0.83840054389,-0.71768374942,0.43548211612,1.81963056847,-2.00640208525,0.68159819750,0.64306364468,-0.26498215960,-0.55458077079
0.65385741201,1.34340033569,1.20892183452,-0.85805654451,0.90373925814,1.39156953766,-2.01256850650,0.48138620731,1.68472759485,1.55527796359,-0.65741090618,1.27273421407
0.21287598277,-0.23019522669,0.94919177406,0.42502291887,-1.46883355050,-0.01950847690,0.15602627093,-0.73344010569,-0.68512188120,0.70368534921,-0.41598963015,-1.44976851541
0.49982620685,2.00477031500,0.59526652020,0.96067884131,0.20104440509,0.29243741912,0.97816702512,-1.26042576869,1.41132868203,-1.35869457101,0.77758243300,0.91137343416
-1.65197467983,-0.06118169005,-0.16654282169,0.23625654917,0.70890575882,-0.65428284785,0.48907696494,0.67577862055,-0.01823296927,0.93369121101,-0.44418546593,-0.63219085858
0.47622892092,-0.27282644908,1.23628532400,0.59758692817,1.23355483642,-0.00348437379,-0.30811792049,-0.21366179218,0.70202675658,0.81822118948,-0.65391596299,1.06431870986
-0.93344723303,-0.44786192443,0.76175371537,0.14122338904,0.26657703093,-0.46212399201,0.95092794656,-0.80705511555,0.49171719450,1.56301410147,-0.31362262906,-0.92835195204
-0.03985003727,0.10913613386,0.53289429372,0.75340686306,-0.08552083906,-0.40704145376,-0.28768637176,-0.55743686876,-0.27547757730,-0.58098512262,1.08511977559,-0.25775295998
-0.47900409906,1.45365882766,0.79214218514,0.51478519882,0.52863662823,0.76535343516,-1.78836122918,-0.20894976009,0.46101655508,-0.42425406877,1.04519758288,0.05670381847
1.05290030409,0.82962943229,-0.17481600119,0.54067627907,-0.84849219130,2.26153995414,-1.03942929597,-0.83926211164,0.52447606896,-0.35495883752,-0.64559932482,-0.22049304082
-0.21383891987,0.94894724623,-0.47228308779,0.91395191375,-0.57638106575,0.11040292077,0.21610602523,0.45647313759,0.99918353661,0.05388653424,0.17473140758,0.08480964580
0.77086296414,0.04521664281,0.08231233885,-0.02748519687,-0.50352792405,-0.27605705005,0.72353705077,0.00895443779,0.37658508924,-0.24829874529,-0.58572527779,0.01170791097
0.61410696539,0.13744138921,-0.42508032722,1.58458854150,0.08456594640,0.42003433760,1.25870788316,-1.33463862243,0.33917311230,-1.57770166321,-0.12496866711,0.41487797029
1.57964069125,-2.54661046946,-1.00518540421,-0.07996816378,0.82121720540,0.48994834404,-2.09586665861,0.16895964572,-0.04877528482,-1.07427957271,0.89420642340,0.45909258951
-1.58200810188,2.04455817130,-0.85966600836,-1.60400729405,0.71930954239,0.41379434186,0.36345934185,0.53437390844,1.28819994502,-0.25505002250,-0.02858406749,-0.55701765891
0.04418896689,-0.37069326512,0.32773820247,1.37708828008,-0.76622017343,-0.46595860624,-0.52487863693,-0.24349446945,-0.10398277324,0.06064001745,1.17014728976,-0.47286170412
-2.17459098820,1.52180104659,0.11779439355,-0.19751185227,1.96683987546,-0.14239571178,0.69995358747,0.76464881639,1.01212967014,0.97840337582,-1.03908543818,0.24228982201
-0.58694981043,0.44705702333,-0.10407928053,-0.98788951448,0.46607189800,-0.04867568410,0.79155779244,-1.04803923152,-0.71955101726,-1.66552397859,0.22802448967,-0.89842269499
-0.48945283681,0.27459947388,1.03064141204,-1.43013962225,0.92127869603,-1.19010335853,0.43317546864,0.15001562334,-0.43914502144,-0.49804716571,-0.29159940235,-0.45164919197
-0.14128879909,0.61690359494,0.49587764492,0.43172629394,-1.53081162970,-0.97116218385,-0.22127922551,0.54498986772,0.77639820689,1.06561040053,1.30133736547,-0.67521518415
1.17330728304,0.43773898467,-0.27121084561,0.80833452070,0.21855552052,1.40702909879,-2.42225198679,0.66107834177,0.30511469921,-0.87040499681,0.23023996335,0.90786828440
-0.57027638674,0.12806190083,0.01896906428,-0.43709326145,0.64174855176,-0.47820036810,1.86043056288,0.26935239026,1.24581877348,1.54897452285,-1.45718585057,0.19479867828
0.82814540426,0.29718612184,2.65805850890,0.42447473236,0.24904444953,-0.62966465274,-0.50487563664,-0.01765822366,0.80500562916,2.25276269328,-0.53446110948,0.91563441388
0.48420380560,-1.15523011085,-0.43192233078,0.27155369818,-0.76837377810,0.82926624365,-0.40346263698,-1.74095396397,-0.34479535224,-0.79614750051,1.02672378660,-1.34092479836
-0.51511021843,0.35078146762,-0.29972675151,0.24308183038,-0.43386634293,-0.02844986344,0.41203592782,0.91523644978,0.24549744774,0.67974561393,-1.18272640096,-0.47842447885
-0.52582657471,1.67032455978,-0.15740212187,-0.26745679484,0.29731400600,0.58948186640,-0.81939276798,-0.15813225021,0.55177017006,-1.21876522306,1.09385759097,-0.14717167468
-0.25340982767,-0.15556292227,0.85141718850,0.53403811198,1.80017150392,1.71591807822,-1.08136356674,-1.60059632514,-0.82817547700,-0.86275401633,-1.02146332460,-0.08496412470
0.14781708999,1.10618532453,-0.03911750490,-0.35500806665,-0.38450709813,1.22661702915,-0.73932417170,0.20812167264,1.63434470764,0.94299914047,-0.42997886590,0.03846872831
-0.77795265812,-0.09473397385,-0.24106448695,0.99096597661,0.77628860326,0.11420079788,1.11681715156,-0.66305428706,-0.14287856047,-0.49186025163,-0.80371205743,-0.20712208247
-0.43125687612,1.71928813406,-1.06989758366,-1.90359606968,-0.80826443786,1.57544503073,-0.11785129452,-0.90379980639,0.82057063703,-1.19785206048,0.47437085086,-1.48265925025
-1.56002617795,-0.17130187882,0.53767220710,0.18154102935,0.95828471583,-0.57992594243,0.34534175060,-1.13945222088,0.23123649760,0.48257313135,1.19191225345,-0.86711453993
-0.70977036787,1.37763470593,-0.17408998147,1.42516915311,0.91425140422,0.31299134710,-0.31382419110,0.97223673959,0.58382076046,-0.69186098027,-0.47584095021,0.87947488163
-0.39359736722,-0.02949740923,0.68859234428,0.52856366044,1.19079169194,0.39011369020,-0.20040138333,-0.74746991388,-0.06245308224,-0.28592208862,-0.49889170313,0.03107366660
-0.51107584514,1.27010215336,0.31692947763,0.58928992967,-0.66653410420,-0.74902481703,1.13552944201,0.18994362543,0.86711965410,0.42532528936,0.23615683589,-0.22542715498
0.14613937259,0.30310661135,-0.10302203730,-1.19794152296,0.45380209759,1.74400177925,-0.15017297566,-2.92362688715,-0.06933044744,-2.40121364109,0.90269009436,-1.24020320554
-1.45260081234,1.41847440138,-0.81708008564,0.93103757432,0.46910900530,0.67868761964,0.87980373280,-1.01854828909,-0.04614716604,-1.61693100499,0.39331303566,-0.60141883763
-0.94312766653,0.82334954827,0.61205328569,0.36290594033,0.91837695936,0.25551915329,0.86305902091,-1.42937352764,0.17183344810,-0.29845585491,0.10120534049,-0.25013993904
0.31910690945,0.33985237847,0.61934707527,-0.21032199560,-0.88309683715,-0.20512825560,-1.35465116330,1.01977555038,0.97660106040,1.48195163398,0.39787655106,-0.15849295872
1.31829592209,0.29771089673,-1.67559933172,-0.21840758661,-0.82474858148,0.00624272696,0.54994906821,0.30566782009,1.46676887311,-1.61439066602,0.83277864244,0.45982061431
1.09255672649,-0.84029234866,-1.69705122031,-0.16314275954,-0.73861560522,1.30779621321,0.59186730035,-2.95963692172,0.85356410516,-2.13736476391,2.34310310825,-0.81585499823
-0.25261336330,-0.49927901153,0.70783085219,0.46735477765,0.19324679483,0.42897142078,-1.30795844779,0.22594535251,0.24085372835,1.79522943152,-0.33058456724,-0.16899428170
1.70383844933,-0.39631685216,-0.00792468576,0.42825998338,-2.20707652855,-1.14708159340,0.55620921230,0.88758294705,-0.71360981163,-0.95911520134,-0.57651337800,-0.62896886109
0.41418109296,-1.84013642400,1.11682261057,-0.34229916778,2.49905838798,1.09309240910,-0.67987641979,-1.89218325278,-0.56275024997,-0.20386146394,-1.40454551206,0.18775517504
0.80036787139,-0.77521242511,-1.04230646049,0.74688538548,-1.14187526487,1.14535466196,-0.18840221517,-1.28509395234,1.30719049835,0.56088450740,1.16323424583,-0.43491563931
-0.68839166835,-0.07950577353,-0.98956199498,0.01818232840,0.85996851342,-1.00245790573,1.51025330368,0.31486600418,0.77432805167,-0.47253926028,0.32554594477,0.27867370881
-0.69469939939,0.58012635116,-1.46304497311,-0.30510843109,-0.21556850398,1.11528247307,-0.70388184799,0.25270821530,0.96785645096,-0.14707328611,0.47796360742,-0.64967190184
-0.00066458153,-2.43380913322,-0.61578338836,1.34859422107,0.81729127353,0.06383371267,0.47966795529,-1.99876649067,-0.09463842904,-0.24777425060,1.05344407575,-0.26241222681
0.11914083675,0.50461664409,-1.91053079865,-0.35645108166,-1.20018832040,0.77743356057,0.77822232068,1.13254679734,0.89416313140,0.10082229394,-1.39560074025,-0.43376446116
0.19493839453,-0.09153951982,-0.03511845984,1.04456877102,0.67298559208,0.05630382447,0.57689681679,-0.76480053946,1.06005957823,-0.19670815090,0.36732887200,0.68322418103
0.28003514465,0.80452969110,0.44388397486,-0.71841571274,-0.83907748095,0.44563640379,0.93499121252,-0.83792855476,1.19934746696,0.93068499182,-0.47530575393,-0.55522780080
-1.32596825761,0.99121809048,0.20097424412,0.53387348073,1.16458190911,0.19788383295,-0.58496066553,-0.12200338751,0.37164325557,-0.55945513633,0.59535085587,-0.10343719136
-0.41212362649,0.49723557034,0.57901218300,0.07365211791,-0.20396506344,1.18976223293,-0.27311040994,-1.32203751634,0.10392031099,0.60422181226,-0.20340071007,-0.96767178308
-0.73556614028,2.78520387924,1.07818935567,-1.43290796563,0.20621803672,0.65355575003,-1.64881833764,0.17495221108,1.31126569886,0.26793667282,0.96352920059,-0.27780240963
-0.72977954747,0.58723379748,0.89015257445,-1.08783862649,-0.43219070412,-1.62078106773,0.09537913302,1.14677827295,-0.05192210728,1.01164237768,0.24942504710,-0.87813702077
0.62161400320,0.04414981414,1.75938795052,0.01443422038,-0.18903146701,-0.46387029625,-1.20050029930,0.42675809449,-0.16505275246,1.08593837288,-0.21415377074,0.10716856593
-0.47699845221,1.05083538924,-0.06141597083,2.82585282899,0.44264279885,1.27029566914,0.66242409303,-1.53563154646,0.95834058970,-0.61101674553,-0.01577818177,0.46269255268
0.11479430176,1.62115985205,0.67181841283,1.31117301398,-0.68516892704,0.53717174300,-1.78270008710,0.89771819499,0.36968451343,-0.10555624166,0.34180151599,0.21254080036
0.55601308699,0.04872422499,0.48905299025,0.09733937866,0.02710387453,0.08885462801,-1.13037463358,1.55825287959,0.61066234148,1.26197001363,-1.16395423456,0.71707150281
1.70886215906,-0.21183840286,-0.44371004352,-0.86840636703,1.05186086989,0.74249122465,0.07054153414,-0.04662867558,1.31122761304,-0.93887889639,-0.86123751552,1.49735282895
0.73870105393,0.89297817335,1.31273611572,0.96205319165,-0.18720468255,1.03510542527,0.07962139168,-0.93448777616,0.93427623761,0.75787058473,-1.05988096681,0.37449925490
0.97396273938,0.64220494854,1.22817880175,-0.10301987606,0.64537211528,-0.17349993603,-1.04540009038,0.80698673920,-0.06053278547,-0.81555353512,-0.77047569898,0.78334649895
-0.06464420335,-1.19004046321,-2.32317553144,-0.17840786201,0.29890641789,0.86242179852,0.28052761869,-0.10639937175,0.33354025034,-0.71350633046,-0.10387310086,-0.30568393256
-1.69284485703,0.55599094219,-0.41613872316,-1.38563713935,0.61149184588,1.79052036061,0.27103248649,-0.87005081046,-0.13343128184,0.54587420413,-1.89519577567,-1.86474546518
-0.04084689126,0.01714205204,0.30554781619,-0.54755022337,0.45830035639,1.23971733414,-1.29724764186,-0.83194099547,0.83349150122,0.65683612434,0.32319980739,-0.39648538450
0.86016110681,0.62713181365,0.34918640291,-0.17871706129,-0.41672150880,-1.01122821332,0.13629827692,1.23785422947,1.01321917321,-0.04208294043,-0.03203513600,0.66076872342
0.63207500568,-0.92486960611,0.57913555676,-0.81354883263,-0.11427657983,-1.65443015541,0.74941687492,-0.81655991655,0.14171842929,-0.52037631754,1.70368657014,-0.34328023993
0.12000827458,0.44026458432,0.83044741837,0.54093599534,0.77893865272,0.00929538308,0.86031152949,-1.41633901994,0.51665612470,-0.56731376497,0.15710993479,0.33311310937
-0.06452242807,-0.59178319152,-0.41154152858,0.48541302666,-0.10362408366,-0.65746593758,-1.42694859694,2.47469548714,-0.36771507232,0.41438339575,-0.54914501877,0.09973032754
-0.32924909963,1.30666022171,0.74121650488,-2.75734492863,-0.68054190773,-0.13784738505,-0.30155205708,-1.38886373179,0.28622399664,-0.99622320430,1.90172135477,-1.91899705926
-1.25163603557,0.52731561934,-1.14179193048,0.89757086717,1.16739216130,-0.66956151695,0.11374489309,1.27991029619,-0.23787337522,-1.56651646849,0.31819846195,0.30008248999
-1.11341716793,-0.10524078327,-0.51625903429,0.63903597890,1.43358044380,0.82662106885,-0.11564710915,-0.68780312254,-0.41915661980,-1.17705283005,-0.46881606863,-0.34382133694
0.02360875979,0.40076147282,1.04398770080,1.31195157990,0.91911735246,0.36238413108,0.25594810491,-1.50970800693,0.81098200755,0.03032198958,0.40955266011,0.54890078771
-0.10366966996,-1.07278902020,0.47584679176,-0.53887170235,0.19053950458,0.10407369529,-0.51705394938,-0.21622288446,-0.07915149578,1.14669149258,-0.56009851011,-0.80136388494
-0.98535389366,0.39399559389,0.01711301126,0.30438143043,1.01029109635,0.72033404644,0.12936855674,-1.01420624740,0.56680310757,0.10706121885,0.12220180671,-0.22542167651
-0.13155457200,0.65569272706,-1.99551000860,0.26566647726,0.11019360544,0.34026663810,0.12218818439,1.63241800103,0.77435989405,-1.19070392145,-0.55650238987,0.46902950642
0.00126826089,-0.45802690208,-1.02393632694,1.72614244373,-2.36615782340,-0.97349698361,0.81694894837,0.50164075423,-0.16110358988,-0.06009799162,0.74598763723,-1.27583156306
-1.54300232457,0.33356710263,0.50114101721,0.04310264875,2.17494152146,0.71187320124,-0.46752958009,-0.99679167176,0.10793004169,-0.02706209843,-0.07914718140,-0.06336487607
0.79051058988,1.50045834585,0.44107751903,-0.12469734341,0.78278446283,1.33744173753,-1.22264281894,-0.99546033383,1.20397814720,-1.61474208755,0.90326478895,0.66597309665
-1.89948214552,2.03861103226,0.13414341646,0.16186827699,-0.14361857528,0.70253607507,0.74760069932,-0.61268600393,1.15042829843,1.19733864603,0.00199518189,-1.08467025827
0.36728775955,-1.05122035660,0.38971044221,0.35059043860,0.11519445256,-0.34023513554,0.43926843069,-0.45984751327,0.50831121918,0.91715280717,-0.26206381815,-0.03657892650
-1.61543531093,0.86366661967,0.07859408723,-0.39047173975,-0.95478866994,-0.40724235933,-1.86612295105,0.86711096267,0.09138309733,0.45434248227,1.88053633485,-1.96402168626
2.25880040611,-0.61818086371,0.28058322000,0.10625325735,-0.79871602902,-0.43891759572,0.14620054124,1.19433940473,0.63062334888,0.42818061675,-1.46672129366,1.10270279287
-1.12233314056,0.01560054891,-2.05564153564,0.38163406223,0.69506012228,0.42170334438,0.43052365544,0.10921170131,0.78454840692,-0.91182710617,0.57471800360,-0.23329037907
-1.43921289308,0.57467682059,0.50332409068,0.60070951306,0.31713381419,-0.96086070511,-0.57100886513,1.20635865684,0.47587271581,1.10261109201,0.46035794713,-0.36365274588
1.04596115233,1.43833080267,0.25569733864,-0.41658967470,0.03860953862,-0.75502649500,-0.88918790774,1.40774948623,0.74913826224,-1.53421452421,0.88780462868,0.95486878189
-1.08405112761,0.48299346048,0.38806868673,0.98747325184,0.07218286740,0.77700115981,-0.52571146227,-0.79547377991,0.00480425927,0.53368698693,0.20842242457,-0.85312493170
0.96634053096,0.06651768529,1.28419934517,0.23659983188,-0.74929750684,0.26260719086,0.11399279669,-1.60079764399,-0.63445156299,-0.72003986207,-0.01199094527,-0.79759866864
-1.75753773200,0.00705654958,0.18648471072,1.46499948438,2.04537336508,-1.05911923264,1.05861409920,0.16384429387,-0.03303151742,0.00120375676,-0.22505433637,0.50461476760
-0.02182401665,2.05448852137,1.32519166324,2.08399168984,-0.51021124390,-0.11710037955,-0.39949813301,0.24717102279,1.69192679051,0.93592328997,0.89028505328,0.93542703622
-0.27501308540,-0.92172301185,-0.26730054927,-0.65862643711,-1.06016404756,-0.47661457476,-0.81040132826,-0.08138984265,-0.45388608115,0.01741129173,1.41297250360,-1.72738584568
0.18216233830,0.17674710061,0.65774733468,1.28396512440,0.32835427633,0.38520853263,0.08922472740,-0.89696269149,-0.33137389916,-0.75416536225,-0.46024747223,0.00954186759
-0.33734335838,0.27466429171,0.94387397721,0.33680085734,0.40259128401,-0.11418181469,-2.04288245346,0.66198991813,-0.64415397504,-0.47360326335,0.42501114715,-0.34065524308
-0.16517673690,-0.48507694878,0.38305171778,1.11699021378,-1.09441827127,0.03422417276,-0.92089856798,-0.25242892344,-1.29319393221,-0.18140981692,0.35904764710,-1.32290381311
-0.21601635763,0.96683725992,0.02350392735,0.11843916388,-0.34014847910,-0.34606645437,0.03137949997,0.63054954344,-0.38337972892,-1.00738659570,-0.21098573380,-0.38305034356
-0.98217525568,-0.43779221808,0.25979078992,-1.62875961772,0.11599654239,-0.38927659774,0.42568300690,-0.49977109619,-1.26020979455,-0.35228108027,-0.47528373033,-1.89791093226
-0.94629264948,0.82663269850,-0.55201924448,-0.14701843322,0.38424657365,0.86718100182,-0.80283741915,0.07170599112,-0.14459720476,-0.81129989796,0.07605157509,-0.65050282776
0.53749919325,-0.05040357871,1.34961189759,-0.80112758681,-0.52682976582,0.07495212162,-0.85711738650,0.19342165255,-0.08669235286,1.26726552278,-0.92133354945,-0.61093536889
-0.18121759416,-0.49587836461,-0.10370294768,-0.16274689710,-0.40945019018,-0.15888491225,-0.09732763321,0.42945015610,0.78290748949,1.57528894499,-0.10082036079,-0.43414710835
-0.55099621736,1.76359967306,-0.73117768535,-0.78199766054,-0.41212208973,0.39483094199,1.08399501481,0.61056022325,1.32552549433,0.21244149675,-0.89965040249,-0.21702625260
-0.96414573045,-0.48255295068,-0.51843281389,2.93541936970,-0.28525378639,-0.15142936167,1.25774029761,-0.12697339512,-0.42620024452,0.08836923202,-1.04582599292,-0.53671952034
-0.20210258656,1.25618820562,0.02738509638,-0.06151181029,0.04193346167,0.72478283020,0.79639888516,-0.75128988134,1.09524352705,-0.11693766261,-0.37380565025,-0.04567168415
0.34696229334,0.83609457133,-1.23063161028,-0.21101921389,-0.30274436854,-0.20894627764,1.13446786328,0.23190825752,0.51026168211,-1.94833840284,0.08614542074,0.06214367413
-0.40079557674,0.14808431418,1.13809315610,1.71878388234,0.84683239875,0.88243508143,-2.34355027161,0.40665846213,-0.32812233435,0.60932179756,-0.46689224931,0.29976277409
0.19540950249,0.44724622575,0.00248484780,-0.89755233950,0.84119544198,0.40844874784,-0.31072894785,-0.53753722370,0.86002301216,-0.89381220443,0.45537905771,0.19293856861
-1.01889724057,0.71351534028,1.04987461360,-1.08005790118,-0.06223131822,-0.67154497797,-0.48504173983,-0.42419666697,0.45432052153,0.47283475360,1.30440906456,-1.35545531271
-0.89700546142,-0.65691962584,0.83451055776,0.62757652681,0.61484195955,-1.22578800680,-0.01488922624,0.36392718867,-0.10434632185,1.00142215606,0.13843818662,-0.31986216148
1.23090307304,-0.50521837331,-0.79720678764,-0.90282718393,-1.37327988828,-0.06092196504,1.62394613078,0.19042769141,1.68415503928,1.11459508734,-1.16095857227,-0.14457138854
0.94414753388,-0.10547050292,0.32835608187,-0.07813715322,-0.01595065203,-0.87742233535,-0.50106255287,0.27383917658,0.08458225519,-1.32994878315,1.00994923262,0.22860047360
0.59044573655,1.70567669911,0.37859551065,-0.29136254249,0.03778679500,0.85077921943,1.18482349602,-0.16525857989,0.77234176473,-0.72584375801,-2.08307484627,0.53278622227
-0.02058234363,1.04751946161,0.06138995265,0.32454968414,-0.71408406065,-0.86850561967,0.28660703815,-0.10412583676,0.45383244790,-0.73821094284,1.81010798722,-0.15368803720
-0.21657020076,0.17765189886,2.38392517343,-0.93821865985,1.28574769689,-2.47876687927,0.72902800957,0.28058566921,0.07142749972,0.98677421708,0.17868999678,0.55062729834
-0.94065599463,0.65182183488,-0.03275514251,0.78738915423,0.99786285136,-0.33177411393,-0.02776374966,0.63850548676,0.93933205699,0.18305669708,0.22753616387,0.51674412104
0.32559894617,0.41134658830,1.33162960860,-0.10719582080,-0.02293417936,-0.31513132059,-1.08258064856,-0.54147514246,-0.16730035237,-0.55105714959,1.13552856224,-0.36382969778
-0.86926033329,-1.09235807306,-1.42800202418,0.81845017716,0.10958353184,-0.73788000850,1.35610192301,0.12019160018,0.36619852119,0.17244700306,0.20000611007,-0.54182197212
-0.27772613074,0.44376789959,-0.49075537675,0.50605852818,0.59892937583,0.93395865610,0.98573776329,-1.95620870678,-1.09187244364,-2.71524967052,-0.14445687193,-0.52043211362
0.42754792134,0.41186383186,0.64979444906,0.08895947710,0.24165806853,0.23554224699,-0.21587439554,0.82236444602,-0.22397558878,-0.06838210098,-1.92098047684,0.29582472149
0.47884677882,0.58556495203,1.77747042983,-0.79703673898,0.19858676246,0.06846173271,-2.31947317650,0.45515598543,0.02862882350,0.39417059271,0.18449975323,-0.17207011968
-0.28674599993,0.09902290880,0.45095709873,-1.20467182972,0.46037954315,-1.14062700172,0.94744083665,0.79393899356,-0.21549941839,0.10254114418,-1.09882896081,-0.28633483385
-1.09110318274,0.11823937921,0.80286367037,-0.78874430463,2.05476718336,0.30510338162,1.19342896056,-1.95079107841,0.95862252207,0.64308374149,-0.28035542956,-0.09272067306
-0.49274691460,-0.90664740535,1.25118518135,-0.35819539477,0.67767701595,-0.74186918940,-0.60879911949,-0.44625787032,-0.43552531276,0.87438242435,0.39555706183,-0.64802921624
0.10302839136,1.30529580081,0.75744975325,0.90504035336,-0.84873041571,-0.15766147590,-0.05786804402,1.00769821086,0.97837786861,1.03822733532,-0.68123549245,0.29364938515
0.88367936091,-0.85066226245,0.00043350706,0.80618790987,0.65209657072,0.74040580390,0.54204276363,-1.04029479896,-0.42865086920,-0.94878894709,-1.41062166650,0.29087213525
-0.41286976441,-0.12204066415,-0.45372220527,2.61382345470,-0.08136628318,0.17171546654,-0.23061313309,0.09864511726,-0.05764865419,-0.36727076135,0.16466117347,0.14432941589
-0.05817852030,0.93580563656,1.65438310825,-0.79213862377,1.16381071737,0.27313876588,-0.78596658049,-0.60598674751,0.04778647052,-0.00763471211,-0.18428292899,0.20255944474
1.91738726905,-0.69683072937,0.19549336276,-1.63142377176,-0.62943104457,-0.11573806427,0.22416176273,0.10140708893,0.17322906157,-0.65877352437,-1.16683398056,-0.23441857756
-0.70143109880,-0.72604365166,0.28343116871,0.32308107733,0.50735770252,-0.34253335077,0.51084551479,-0.84796343698,0.39009755131,0.30246148120,0.12892185843,-0.80440848699
-0.97070132159,1.09175251956,0.39815814309,0.88729141245,1.14995518076,-1.93692767185,1.54220496154,-0.10726008710,0.85263684105,-0.75207107621,1.78014022923,0.78416253099
0.10819048192,0.03346764785,-0.94787054875,-0.02987137134,0.30764796318,0.89451275976,-0.71403439940,0.48880186113,0.29918589397,-0.46076805609,-0.42417757348,0.15951061291
-0.36981202788,-0.71612749578,0.56862154672,0.83209745011,0.35385408708,-0.36934866263,-0.60085498508,0.10470184032,-0.23635122422,0.70910839363,0.05379633986,-0.19246109188
0.16221226289,-0.40181834643,0.24152477252,2.62550551690,0.61112942866,0.69639745930,-0.19646427283,-0.08813080744,-0.13964283883,-0.04060219105,-1.37109411750,0.70013907393
0.21260188709,1.04926412181,-0.70664883602,-0.78673595054,0.90482027149,0.29585191506,0.12619573162,0.14037244058,0.88371928319,-1.77567153257,0.23271776420,0.65224380778
0.59098912445,-0.66807284757,0.02282862577,0.66199379697,-1.17917268860,-0.02600724136,0.68624788390,-0.54947479792,-0.16889092451,0.31178235479,-0.53187497967,-0.79979978074
-0.64816693752,0.46062063521,1.10473656077,0.62823006305,-0.30503366196,-0.73825043188,0.00448222119,0.00468808642,0.97951270673,1.83813715525,0.71906599249,-0.29541230598
-0.55372159809,0.51127048608,0.19157861516,-1.23718560002,-0.00496195708,-0.78248567451,0.14926924375,1.30066361852,0.14561422545,0.56945235359,-0.79112981579,-0.57072137569
0.35650289135,1.04250543378,-0.43027868920,-0.42734394556,0.12232845265,0.16098336771,0.47740692091,-0.65662160387,0.89409649343,-1.55315564968,0.93158018334,0.24752393010
-1.23462052000,-0.18382177558,-1.31842791106,-0.02352237764,0.00100691850,0.23406869807,-0.93799701854,1.69276748626,-0.11297556270,0.60276553600,-0.42572621159,-0.78401226389
-0.16372684573,-0.78942510197,0.65233239466,-0.21091301200,0.55720438407,-0.17906767466,0.14612320552,-0.39880366661,0.29420198438,1.06721514336,-0.57109471179,-0.31715627884
-0.96455393482,0.56984800854,-0.06542624358,0.03996807192,0.12157983227,-0.42517828071,0.22845489089,0.43987289291,0.78629829844,0.65891169873,0.31051634483,-0.37376303387
-0.06897212276,-0.14789034677,1.04082725336,-1.28922959722,1.07270595559,-0.27403081724,-1.69174033912,0.55910444974,-0.10583483443,0.48105065526,0.15064705955,0.05120786158
-0.79359159198,1.05026812852,0.50974918200,1.22272809613,-0.77594929457,-0.98665716364,0.78388923975,0.88570074043,0.96140656819,1.44879174013,0.02490418918,-0.15869965432
-0.19323748718,0.11237683526,0.38811730007,1.20901422412,-0.29258254173,-0.73915748372,-1.03775907049,-0.14923721219,0.78826088409,0.20474965129,2.64307293636,0.06971026602
0.20944239914,-0.43285819612,-0.79236507190,1.20960962179,-0.70526199057,0.65604514907,0.70533313714,-0.56621257228,0.07377657696,-0.21200873445,-0.74021275346,-0.52763421655
-0.42840617073,0.35631976739,-0.74428298639,0.59582492272,0.46120843416,1.21367551008,0.59527300544,-1.43999329123,0.31918660056,-1.04906223859,-0.08457077700,-0.32778159316
-0.18957133749,0.79918856989,-0.37331373798,0.04709538450,0.99592573028,1.18578464819,-1.60848856248,0.35891767066,1.30725917808,-0.09095912015,0.43396124208,0.70223420714
-0.05866096353,-0.00253189604,-0.43850325574,1.52393657048,-1.12622942185,-1.74080597317,0.63555366353,1.04654833109,1.01158429703,0.17690701887,1.48312080239,-0.01512615894
-0.05030584481,0.76472591213,1.23020530391,-0.29378849661,-0.53345933937,-0.78658994528,0.04721577374,-0.29901902550,0.47768075204,0.54576438933,0.85926713475,-0.49312282626
-0.55210858550,0.51834575059,0.32264454617,-0.97924333382,2.21695207496,-0.34544904748,-0.37433161042,0.68001944643,-0.10450422187,-1.14696369663,-0.50163459238,0.76033470191
-0.86794807388,0.55141391144,0.60309140126,0.25608615858,0.19758338428,-0.61318086931,-1.55627721369,1.52007200098,0.37714369539,1.11795819362,0.55348580690,-0.04376992571
-1.60458465887,1.26022405909,0.46668697792,-0.20600548418,1.59712281905,-0.17500734314,0.29801405990,0.35124790807,0.46353213952,0.17488650881,-0.59708279436,0.06033489189
1.09688703372,0.27984006293,-0.63928495760,0.74437465121,0.26082569911,0.74202162930,0.54613887861,0.46543939924,1.27798039275,-0.16000168252,-1.31154315433,1.46147148395
0.62045980086,-0.11399432459,0.84871533599,0.78016096788,-0.42337651167,-1.17854352159,0.33859249233,-0.77972340304,0.64465831521,-0.21652084750,1.81814058857,0.12873196358
-1.24552257837,-0.14705212901,-0.34090348905,0.94876412898,0.60278367489,0.33162702550,0.46837947598,-0.02609839474,0.04728513048,0.64100666910,-0.92830738428,-0.47587473783
0.18401159052,-0.27381781075,1.12504302742,-0.14003558831,0.22982054077,-1.14727487447,0.24635584554,1.04698373617,-0.33013232263,0.75521936646,-1.35638995319,0.12751869713
0.77889238547,-1.26603368847,1.22786891884,1.33773149509,0.65595169578,0.41685428954,-0.60445842663,-0.75772449213,-1.02105837501,-0.05944383184,-1.45989666481,-0.01259037782
0.07895867915,-0.04549408930,0.08365136268,-1.27268747618,-0.58843073643,-0.56209552966,-1.29967303866,1.38223595410,0.08326996487,0.35593146547,0.23102379696,-0.82445217738
1.13492119391,-1.21666231940,-0.34652799757,0.20041746425,-1.58073697168,0.94655791125,-1.32628084073,-1.00817936219,-1.44423233101,-1.15313934060,0.66890370679,-1.61028683959
0.41177343856,-0.90998650938,1.47530524354,-0.21254093782,0.32916504596,0.35142547360,-1.12859960894,-1.52779211264,-0.34694459705,0.29088521484,0.48018696632,-0.81908896494
0.51913128736,0.16592774105,1.02363520550,-0.33837489156,0.12467659098,-1.28947212225,-0.24134091576,0.11784186591,0.04957350476,-0.69505320711,1.09469074302,0.13599180927
0.01076289424,0.59742557760,0.21769979082,0.25833508978,0.19834853220,0.49553994156,-1.08355557125,1.68810005799,0.79890366964,1.30916411537,-1.39229375060,0.70879707804
0.59512638814,0.20166136778,0.39371047082,0.87934624709,-0.63830433014,-0.34824353052,0.74556494132,0.52137891683,0.56958886881,0.72485260168,-1.05687271580,0.39558018505
-0.68910360452,0.46992424213,1.38930115279,-0.12004666657,0.62785417311,0.16662162060,-2.16283500664,0.40721325439,0.24291492819,1.31556282738,0.43361495979,-0.22412535664
0.01042495442,-0.68159216133,-0.23792238765,-0.18553987356,0.18719733490,-0.38748465979,0.14898320067,0.34208968429,0.04535622792,0.03301777446,-0.38314888511,-0.26431845202
-1.73325321190,0.79171604960,1.76653551236,-0.00930646900,1.33964318909,0.02265197807,-0.33285909543,-0.16294051342,0.33105659929,2.15944664851,-1.00309663088,-0.48197999460
0.57484235192,-0.15953961459,1.17036140810,-0.44532957817,-0.15440532789,-0.32169112885,-1.61233342405,1.03807363673,0.12295206802,0.89693427888,-0.42004448097,-0.08358105159
0.10114379511,0.16252394515,1.26482814626,0.70425787048,0.57331608463,-0.98842202640,-0.55406152440,0.46854929610,0.05753482545,-0.19940488168,0.23478012351,0.41148997787
0.58338091202,-0.20494023647,-0.55998929878,0.40072392824,0.16559381026,0.86379159099,-0.27889490446,0.01024811564,0.97073711700,0.15513500900,-0.49905196125,0.48986944359
0.01958193449,0.52693415829,1.12688194924,-0.22067054032,1.10487297042,-0.22742351773,-1.45033172410,0.07816845345,0.83274169471,0.04277831334,1.05669138427,0.57370171338
0.65497528031,0.03461943430,1.18414166415,-0.45700489411,-0.47851020247,-0.42776737566,-0.93480252416,0.06866618980,-0.22363240013,0.04436638632,0.28785647548,-0.45664329762
-2.45725049978,1.10984424416,0.11130681205,0.61555160921,1.06579682511,-0.82825112715,0.33151057821,0.94559657134,0.73436815484,1.34269489639,0.18548960248,-0.37715717596
0.42643651636,-0.52161396384,-0.17556948725,0.80563550474,-1.00650589772,-0.97757044341,1.55040559382,-1.10517755361,0.89659859480,0.23326992522,1.44504165413,-0.31408199292
-0.65291371416,0.25709617865,0.45685156857,-0.58743519352,0.42993802170,-0.70059619217,1.12417184177,-0.99559992871,-0.55399879550,-0.92604977720,0.29581810807,-0.80393687820
-0.39161365797,-0.34249499646,0.66841613705,2.19171092576,-0.47722068755,-0.58901739501,-1.54224158891,0.70036739944,-0.71281596485,0.01898605460,0.80124165104,-0.35339755302
-1.55404157839,0.90214928789,0.74045464591,0.70035963551,1.79723606899,-0.95061500586,0.03509705578,0.29020202105,0.23454468035,-0.35718531390,0.55740867899,0.38426870191
0.06889342994,1.21270406229,0.00718219423,-0.91667042071,-0.17900311051,0.16014897731,0.47210467262,-0.53244570560,2.08167370903,0.56640633429,0.98221353454,0.15833993765
-1.79559649628,0.90860356035,0.21559214488,-0.75994979473,1.56584341750,0.97097312887,-0.73763636647,-0.66988181658,-0.10951412796,-0.34578687681,-0.14698462876,-0.83879463310
-0.11784368772,0.55296529918,0.03093539576,-1.48493078196,-0.29805747111,-0.08027811231,-0.07677566688,0.04563596806,0.71287743283,0.00562057428,0.22551302884,-0.81184959902
0.40071012947,-1.49567018347,-0.55920834938,1.04849047611,-0.71982301797,0.53352740776,0.73909169219,-1.62726663302,-0.22281134043,0.12370111677,0.06383480806,-0.92624442807
0.11521701039,0.46474905753,1.68823545961,0.62469088299,-0.49761838690,-0.93462297203,-1.67063954412,0.53793523607,-0.94506224783,-0.60709799952,0.89412353539,-0.54384363275
-0.49532415888,0.71608165367,0.79511739657,-0.13382828824,1.25729698022,-0.23032458569,-0.38714445238,-0.34111599360,-0.78000508186,-1.54625546782,0.25203945425,0.05249489090
-1.74688890764,1.28446499991,0.49614927334,2.61470027006,0.87840180398,0.08871598986,-0.19098887971,0.44464972896,1.03045820268,1.22714062990,0.10752820302,0.54828663564
-0.46695416073,0.13476750678,0.80178615650,-0.12132415146,1.74178216658,0.62409840724,-0.52617605300,-0.18444027530,1.11733488504,1.18828528112,-0.85599997714,0.68559737034
0.12167440899,1.28050053597,0.99228911892,1.16391237614,-0.44365449159,0.30763816094,-0.76939827528,0.39561310357,1.38970461788,1.39604240848,0.20654960605,0.63826497374
1.51299974149,0.23732563972,0.45512919185,0.31045969321,1.02807185378,2.41546527543,-0.10619812816,-2.25952608867,0.84157170500,-1.11651409350,-1.26085447861,0.68654901609
0.09475260877,-0.58495264430,0.49042989805,-0.25177401155,-0.24732801216,-1.06383059414,0.73609746708,0.18187208152,0.41445475693,1.14310821230,-0.07490117760,-0.22997720478
-0.27783521799,0.68850798522,0.38208999866,1.01385847984,-0.71667119382,-0.24078535185,0.78550253813,1.06550350982,1.07277410108,2.02037283617,-1.38121134384,0.18188604452
0.87067425259,-0.72260076421,-0.44865748816,0.11329420018,0.07885203510,0.02265618155,-0.68860943668,0.19966106468,0.54417765224,-0.57076315843,0.45332585621,0.25939060743
0.72739490033,-0.62568820186,-1.00183783130,-0.34206095566,-0.12483754387,0.14276311874,0.25793708508,0.28142572978,-0.08370564506,-1.04038229765,-0.62100253225,-0.11305492180
0.30120973952,-0.11607171096,0.51637328616,0.03584480972,0.49733002205,0.40014975538,-0.48709374532,-0.06227681624,-0.24729463389,-0.30779234865,-0.96372580410,-0.04489631521
-0.36294119727,0.30278033108,-0.54238036649,-0.85398057892,2.08769616112,1.31236885184,-0.54844525855,-0.18724176729,0.95108085150,-0.89049170601,-0.89561622413,0.59748672536
0.10889784895,-2.96972114316,-0.14600923450,-0.71856200255,0.31590668065,0.24341935998,-0.43030022932,-0.64061579893,-0.71005161068,1.48113047872,-0.83039168838,-1.25987116169
0.78945485191,1.45234407997,-0.40535272549,1.51914890710,-1.86409459703,1.95508363739,-0.57309338801,-0.30282688575,0.82027518644,0.03543250671,-0.59278252433,-0.21618213436
-0.44399504363,0.36267623456,1.11427500798,3.02941205299,0.92638643639,-1.21191916477,-0.19468562464,0.50272225598,0.82424286754,0.34315812473,0.94012380887,1.37382436656
-0.40355353708,0.08584538392,0.42233563754,0.79848674224,0.66434846566,-0.57769389828,-0.74842988363,0.39675120885,0.90943836204,0.46483312838,1.07231727405,0.48148345469
1.57251073523,-0.01145941153,0.93905832164,-1.43609186419,-0.92822852017,-1.45869423931,-0.66787572498,1.80361016178,0.43364597464,0.47551331327,-0.28721162581,0.23710523004
0.41689921610,0.14667170114,-0.48493555154,-0.10756827252,0.44490100083,0.69034271765,-1.50131828564,-0.30551680713,0.83720655788,-1.00127163508,1.59850354311,0.25025018476
-0.37096980668,1.48624239873,-1.17202048488,-0.63499131113,0.12673258148,0.43255206269,0.51615829719,0.70010823168,1.96453440885,-0.08901381191,0.02983151462,0.40910818489
0.05212054498,0.77863880411,0.21613411100,0.91991809913,-0.74987266359,-0.31587048131,-0.21716715736,0.85968695766,-0.49799933189,-0.66707751451,-0.48154931092,-0.28333699722
-0.45082859488,0.71259056713,0.27843565630,0.62682120641,0.97257018946,0.46651014911,-0.46846157567,-0.60765290943,0.25857269892,-0.92250486900,0.46646866682,0.20364896567
-0.61672269594,0.24973059174,-1.50078588615,0.51367360810,-0.18537084550,-0.00932592460,1.36241424329,0.25613108467,0.67027078588,-0.54771307960,-0.39795517567,-0.36676580756
-0.86882921057,1.00289188259,0.56619725710,-0.03372822875,1.50027107681,-0.66903629404,0.17553638334,0.34374039580,-0.26744310967,-1.11002124340,-0.04703918327,0.41187331856
-0.58501774600,0.92711304910,0.90843489431,-0.50406385228,0.96483738483,-0.61929867190,-0.14564619438,0.83560010078,0.44458359232,0.53504022151,-0.41862423232,0.41737278932
-1.48327046419,-0.02404543092,-0.22527144302,0.82941725231,1.05613642546,-0.47377387006,0.70120042567,-1.03340779274,0.10322105325,-0.42718652276,1.31984811699,-0.37248045797
0.36081593384,-0.61945757264,-0.84448176684,0.92721821383,-0.93012524334,-0.02617581800,0.64598813955,-0.25671384154,-1.35278313067,-1.66999024802,-0.55344083627,-0.96826729597
0.91863186869,-0.36665343461,1.15337805910,1.23070919003,-0.46464642930,-1.29965209330,-0.58151294171,0.88798349082,0.62477517478,0.65465356638,0.46193593937,0.69146466291
0.92311086464,-1.04647750244,1.58280337494,0.57857819380,0.96172147392,-0.60938023929,-0.39965651746,-0.10846843024,-0.89484154931,-0.32263602078,-1.15921547319,0.44990425484
-0.22537470240,1.06964986965,0.22924997286,0.02839087164,-0.43078160757,-1.01873542706,-1.66364495941,1.74497347894,0.06781470655,-0.91486217110,1.45973644273,-0.29888002096
1.94031173603,0.01444937104,1.80350417529,0.33471022325,-1.51670781653,-1.73062319956,0.31540614702,0.53277234736,0.03192889467,0.26686469635,-0.02312860693,0.39272291447
0.44840389901,1.02258324519,0.35266571679,0.09251524069,0.05926105822,0.08216471018,-0.04268513261,0.49935173125,1.10705849706,0.00129086807,-0.35662952127,0.69455214271
0.88120870862,1.01223860374,-0.28904068639,-1.26507211137,-1.65806895117,1.42113062973,0.17422357712,-0.82543474802,0.81577830303,-0.24631520095,-0.64009451419,-1.09953955187
-0.19872308809,1.28294931806,-0.11110113641,1.23950621688,0.18330445561,0.55615441568,0.31913255534,-0.67162609165,0.52986051971,-1.15629343964,0.35594120982,0.30072660433
-0.71152984044,0.47825187579,1.09104389161,-0.44314557956,-0.90942923228,-0.56527366945,-1.49197465981,0.06388114076,-1.04225706437,-0.12947772845,1.32520251073,-1.71764660947
-0.32847768010,-0.64333832587,0.16382433695,-0.12195127104,-0.23928721796,1.20555288571,0.27322078823,-1.44269493705,0.09158744511,1.08936075682,-0.99116364634,-1.38709543919
-0.67470511698,0.01479871798,0.23944745341,1.36015490751,0.59208910729,-0.03959167715,-0.55579425371,0.00981353042,-0.07524953383,-0.10175240311,0.29821179973,0.03232643438
-0.04686962272,-0.16701061938,0.81718098382,1.93759027548,0.02786860173,-0.59541296765,0.33824118266,-0.70277836879,-0.12854106214,0.03307044407,0.58041121316,0.15051230495
0.41958026940,0.52127494538,0.22884411664,-1.36665909175,0.63745856419,0.72219551353,0.25151700489,-0.70759315033,0.90214066496,-0.38492047353,-0.65925753969,0.08744443697
-0.30830815613,-0.51995234269,1.20887493244,0.55504563532,1.66581247239,0.02946743000,-1.26469076793,0.07705392190,-0.16658953391,0.48247476955,-0.56800259624,0.49353985248
-0.93695882847,-0.45238084341,1.09175512219,-0.19105390212,2.63450393463,-1.30841981191,-0.40101814666,0.65459406431,-1.17224893855,-0.76913856810,-0.49538964428,0.65331082917
-0.71958665401,0.65082303426,0.73209609557,-0.51720924491,-0.08657872321,0.29752045036,-0.44592535477,-0.62779162272,0.47455930588,0.79290253132,0.43879639542,-0.97575559284
-1.10765967020,0.92412392511,0.18819248895,1.23504918215,0.34457273077,-1.38340310193,-0.19543563434,0.95283334350,0.98096481557,0.05999273565,1.74810544923,0.26422508603
0.21067058634,0.87335668832,0.65857506222,-0.26864796301,0.12772819550,0.32103537708,-0.36980253614,-0.59587625801,0.94327481592,-0.05306428001,0.58087823567,0.03990639370
0.52444724444,-0.31108651334,0.42317141994,-0.77511764658,-0.02523018900,-0.33680709173,0.68195078132,-1.05142357268,1.08008337163,0.83820785484,0.86186142426,0.04684595923
-0.07606665375,1.53513495469,0.69343930720,1.48729861063,0.91887666072,-0.74140172914,0.37730320113,0.81414277121,1.24282582172,-0.28008782634,0.21541282033,1.63815490855
0.59187382017,1.58962389873,1.21114639006,1.41271705694,-1.45604873986,2.11414362213,-1.67583196059,-0.34612046797,1.13493102065,1.97463318917,-0.68289783201,-0.06988951005
-0.49177858091,0.75598633078,-0.28860388997,-0.35505862278,-0.32982009484,-0.21090223828,-0.25024044898,1.06504178868,0.20732429537,-0.03992842225,-0.24961236524,-0.50208627180
-0.29303778507,0.79493508634,0.45725914543,0.06553847120,0.32244866659,-0.27019425069,-0.92175837001,0.54178367670,0.07480419058,-0.54508434475,0.55439241786,0.00368424075
-1.32283988809,1.56000162717,-0.14087640793,0.05001198116,1.92700807110,0.37382910254,-0.68919843327,1.13120582420,0.17457188683,-1.01121001207,-0.67436978946,0.66369029159
0.08346816144,1.28166827948,-0.66038014670,-0.72867559716,-1.07320033777,-0.16107636060,1.46624298672,-0.19945314085,0.94029363642,-0.73488951783,0.08413099193,-0.62300421564
0.20695000142,-0.42962660683,0.07920331587,0.11117839434,0.52650937243,0.12015395098,0.29893653428,-0.82544582517,0.09255181071,-0.29118397358,0.04913053976,0.06398850854
0.30294210121,1.21998025296,0.13804691018,-0.93663778694,-0.05524351442,-0.82907225435,0.87641361911,1.38380845087,1.10766841410,-0.01248613430,-0.94412115022,0.53509801331
-0.40501644560,1.00405271173,0.22961607102,-0.65350719952,-0.18068226731,-0.18705936013,-0.36514343251,0.27637184100,-0.00386993073,-0.52008526962,0.38191267000,-0.61611129510
0.66712508231,-0.30880078130,-0.59517291140,0.95602790180,-0.82232485656,-0.49953195362,-0.41906347919,1.37707593710,-0.05859381894,-0.62797045967,-0.29457842575,-0.00287010568
0.05045051699,-0.08650697945,-0.61152615007,0.60192322319,-0.23493364502,1.53387485972,-1.06022003655,-0.24066862549,-0.26681591151,-0.28057762957,-0.56863766024,-0.56871195529
0.09611052647,-0.44717392825,-1.13894901651,-0.05462357207,-1.76901521210,-1.12239467105,1.26195007054,0.20309261837,-1.02612102143,-1.40789527626,0.45945868330,-1.64603467573
0.15717349767,0.07402645452,0.62437459495,0.94162965184,0.64066956471,1.29180967754,-1.41227429026,-1.19185086924,-0.79971496833,-1.09410167361,0.11630544929,-0.24865765914
-0.60556572153,0.05555436807,-0.57432486400,0.47325427540,0.50298779830,0.33137158393,-2.95813063454,3.22082467160,-0.38170621141,0.60716940580,-0.82684459325,0.37088695430
0.24207036321,0.93272313370,-0.73117912465,1.66483359073,0.02597432359,1.02068930572,0.81965343237,-0.24097749895,0.63322574042,-1.09156303140,-1.07835316083,0.64296702895
0.39833485729,0.30123599571,0.82566802542,-0.93036791296,-0.48906774680,-0.15225887279,-1.82254310553,0.66351441042,0.65252616715,0.63092363465,0.75201219420,-0.46430282220
0.52160351658,0.70208762947,-0.53821238939,-0.01391219468,-1.87737490863,0.13719136206,-0.07288699356,-0.36519827239,1.43703600110,0.05033842988,1.55355307213,-0.81291187219
-0.93714765539,-1.75469071835,-0.08086683050,-0.79428478386,0.61677738235,-1.52338386505,0.18927059588,0.34343880174,-0.95614947289,0.06530269783,0.29885704848,-1.23754304753
-1.15906847842,-0.57080993384,0.57397332014,0.42116878012,0.36935041985,-1.32945247190,0.00683659016,0.18116542509,-1.06726651066,0.06216312577,0.55342859850,-0.87598979184
0.17236678253,-0.24736625835,0.24717525639,-0.30234361395,1.37907464138,0.32226807960,0.78533662551,-0.73337013961,0.54970081652,-0.27524573051,-1.08476239187,0.55726187660
-1.82630587897,-0.39311616740,-1.66494871807,1.63973444445,-0.16820759821,-0.51555061741,0.95271616740,0.67611644408,-0.28462826360,-0.03117868742,0.04344479461,-1.08163490179
1.29637328305,0.23995177221,-0.68561604241,-1.97452418788,0.67792642521,1.03781961852,-0.13964525267,-0.23233302552,1.61634676483,-0.93254180179,-0.47702277477,0.69303494521
1.27489875090,0.30530981524,1.47630623535,0.53071094342,-0.08001207426,0.34479596852,-0.79179293705,0.19481991690,0.16036253781,0.53831526035,-1.16080832586,0.65469123886
0.30012044795,-0.93698633670,0.14643459213,1.11485267483,1.14094696088,-0.46329093645,0.70961645819,-0.18633974786,-0.54457053559,-0.77818911480,-0.95998379219,0.69455142054
-0.94536822314,1.27540411934,-0.38941452815,-0.16279423372,0.60018220199,0.15770633515,1.00038133386,-0.38507411637,1.00251580684,-0.52006068032,0.09496826349,-0.12853511719
-0.89305676400,0.05354795163,0.71999768127,-0.50901814183,0.57503562768,0.42451974636,-0.58266888532,-1.87105545578,0.09327555461,-0.41889639918,1.40537347054,-1.32420429763
0.23892638664,0.53802280580,-0.24988427905,0.32695646260,-0.10424599366,0.33744301743,-1.78234850567,1.17502650985,-1.12798431950,-1.71405277662,0.00202010669,-0.20600780039
0.32171739724,0.55715264423,-0.80997618275,0.13552517688,-0.83480376486,0.25911942712,1.24339617469,-1.14567111313,1.41375282149,-0.41475893677,0.98769825295,-0.24639060891
0.65083074777,0.51542438225,1.40261326589,1.08667287964,0.71659364931,0.64018791376,-1.49413299224,-0.76079446654,0.52005467440,-0.23041389564,0.61573914169,0.63324067510
-0.84533467430,0.76180990658,0.65496150821,-0.22727137607,-0.04850559098,-1.64086821441,1.05920342634,0.52575136633,0.40085758451,0.39390955532,0.42950596588,-0.47787865224
-0.67167450921,0.50693288284,-0.25876340664,-1.11817640124,0.59133853749,-0.97273092765,0.21410333519,1.24213941843,-0.15172506170,-0.43220952583,-0.12828053967,-0.19474075797
1.09960666785,-0.42100525735,0.47754751184,-0.02082841999,-1.03666488172,-0.08575222290,-0.09812248198,0.16558776791,0.45723387431,1.03691914308,-0.49505167774,-0.11936049621
0.22776158034,-0.42114497816,-0.76240867174,1.09442304327,0.68496784585,1.51488717668,0.33498927108,-1.25515309951,0.61827542861,-0.40780119858,-0.73121588969,0.30010467876
-0.96462289806,0.70065507577,1.00808750697,-1.77305028169,1.60267684834,0.01469863730,-0.76828008588,0.13655825437,1.15416729367,1.40958030181,-0.13191350729,0.02042671750
0.80733217421,-0.28183559840,0.32291646001,0.55622979734,-1.11909895178,1.67217336499,-1.34450214314,-0.94817910057,1.43033539957,2.40124834729,0.42806314866,-0.27843957238
0.39450498524,-0.77107254616,2.14414604892,0.87903559657,0.67732850629,-1.12762392715,0.04408657487,-0.13130513438,-0.29540574695,1.07247525541,-0.87211249163,0.39518791317
0.62613792996,-0.18673463868,0.89357220046,-0.02928508350,-2.15597851595,-0.20515497103,-0.89788323293,-0.42262582272,-0.17826880881,0.82748858397,1.06263589096,-1.51000633872
0.68484536331,-0.92497038848,-0.05042028892,1.82658160327,0.90056005153,-1.01790030589,0.31190210170,-0.54473125438,0.26275339126,-1.25382478615,1.52748340155,1.20682762646
0.72003330432,1.50787896253,0.81661510977,0.40042517842,-0.81713180631,0.92455726663,0.93479685581,-1.80289487318,0.65994859817,-0.75892677284,-0.19963530634,-0.31107540409
0.29854613871,0.66915960937,0.47744883396,0.85539193490,-1.22637828102,-0.17865009019,0.30715014463,0.34784363050,0.83522578695,0.87141643423,-0.36860561489,-0.21279468039
-0.20439558278,0.32375234757,-0.21451218027,0.73467621394,0.34330364123,-0.01268257466,-0.14229669734,-0.56148068824,-0.45349348995,-1.87923506479,0.83455524829,-0.22639009104
1.05442610636,1.21059878651,1.24717107142,0.26807702587,0.52658131366,0.07759786262,-0.67662821108,0.13130686864,1.32810759303,-0.13302618187,0.20868584131,1.32844965899
-0.43933203954,-0.07155826427,1.07426545534,-0.41109915105,-0.46496957230,-0.58502162012,0.64513724236,-1.83889556066,0.99882011679,1.46460839324,1.86931563780,-1.08006790239
-0.33851340933,0.10308217917,-0.71763831230,0.41619755577,-0.14280743702,0.12325031214,0.77789727699,0.52616189525,0.91855177608,0.66031844720,-0.85982289630,-0.04694543907
-0.19649989721,-0.78251369345,-0.44082034304,-0.34058320080,1.95326405008,0.24521048160,0.67188092938,-1.34129293566,0.27464200846,-1.25892109798,0.15313096497,0.42710992290
-0.59429515808,1.08353682381,-0.09199963306,-0.10129268170,0.22641730324,-0.77923526287,0.77523954917,0.77595882610,0.65122143050,-0.31832472505,-0.04638773296,0.07395311692
0.97858160841,0.40814949014,-1.14131459518,0.83517162753,-0.74207405718,1.25184944442,0.06517241300,-0.26949675354,0.98348653375,-0.66052329804,-0.22237588252,0.39237124805
0.64899104194,-0.70078019071,-0.37011322796,0.09039698992,-0.25657884521,1.58566380943,-0.55921846324,-1.99803348190,0.71161274917,0.16667758303,0.91856819788,-0.57216075311
-0.26816467685,0.51603890146,1.46670004502,-0.65747244532,1.64982625719,-0.53831768254,-0.36979869644,-0.69690491499,-0.08249952229,-0.99869700393,0.48335447385,0.22218784037
0.53644547682,0.06382550970,1.84502831691,-0.40846439126,-0.95543680816,-0.57889475243,1.17029301749,-1.41838304869,0.21634472266,1.46240890350,-0.19569260534,-0.80608243118
-0.39569007107,-0.52324451958,0.31063845820,0.54400786496,-0.13553761172,-1.15937763959,0.44298494698,1.16986204122,0.06626329355,1.29189099748,-0.73779546856,-0.13582659184
0.57902936002,0.79353740359,0.31183430112,-0.16241251979,0.02910926933,-0.74192047226,1.57865381931,0.28129242100,0.62373611855,-0.68982293979,-0.99952103055,0.55425798540
-0.80678728219,0.66520583665,0.20981430551,0.45636282734,0.19169018484,-0.58996994989,0.22029094611,-0.28090088910,1.50760854253,0.76012048709,1.61395131914,-0.02386179301
-0.59010597627,1.42718226216,0.50369395811,1.16106380239,0.22562026833,0.21769305342,-0.70500770372,0.46573961277,0.93598340300,0.30768535012,0.40087272069,0.46106142821
-1.27668320548,-0.37412257549,1.08423787699,-0.38487402247,1.58903191779,-1.25947884186,-0.01184821803,-0.98208190120,-0.40645516007,-0.34341798357,1.49842180544,-0.50511274846
-0.02474325980,-0.09130299138,0.20800658013,0.79151377588,-0.50120990666,1.38579681394,-1.38448776323,-0.95707583015,0.43977638696,1.07320927690,0.66002678150,-0.63779265065
0.23235404388,-0.27566496952,0.58408696773,-0.26304978698,-0.50518431959,-1.06030691243,-0.41884335897,0.35913368892,0.72381056870,0.77038707361,1.14979249913,-0.26342527080
-0.82318489423,0.05410003378,1.52858931289,1.40441688281,1.73533841916,-1.34516496920,-0.47082768685,1.16872174268,-0.27640580834,0.66795950586,-0.58752425954,1.04885197192
-0.94167981496,-0.44381700571,-0.68431647515,-0.84471553758,-1.10715886765,0.08149836354,-1.41056867225,0.54180528933,-0.73882740684,-0.07883203539,0.84812902020,-2.28901328991
-1.32062093829,0.59122992127,0.54287523239,1.36967639871,1.94928213169,0.36521032662,0.11770352218,-0.36225701823,-0.10745834413,-0.42989411838,-0.85948926247,0.46219980794
-0.12259376910,0.18043061018,-0.51909383515,-0.10891833805,-0.59881112455,0.52551093253,0.73696629338,-0.42505917475,1.14189343349,0.75922218777,-0.33559307445,-0.58533149341
-0.55429295874,-0.13076354887,1.69847331926,-0.28320593772,1.31480715726,-1.11545277318,0.75794998365,-1.08729245586,0.34047241508,1.00555780828,0.45857849828,0.12831841529
-0.43334209691,-0.35597825060,0.11278306902,0.54131710932,-0.91079608433,0.68063861006,1.20202224629,-1.97395147429,-0.03386807019,0.74400448316,-0.23912284189,-1.61877987199
0.54365174842,1.10903876235,-0.16713258359,-1.61201915774,-1.35135891438,0.13018461910,-0.08573947721,-0.09321382149,1.40309053669,-0.20176808912,0.75438405822,-0.90703425079
1.49213223128,0.58175023745,0.85112408210,-0.08707746019,0.22420910247,0.99006220891,-1.15028839788,-0.42123984424,0.31820972772,-0.69231395383,-0.31446019283,0.62963143068
-0.28310514955,0.52773759728,-1.11525617596,-0.46754783684,0.85658106224,0.30646770160,0.49651850699,1.14578507064,0.76770389179,-0.50385712189,-1.30674763541,0.55388609696
-1.27079188280,0.98490691611,-0.34893854758,0.93153010349,0.51399129918,-0.72535225723,0.11790057819,0.49469872606,-0.27216678069,-1.30117628986,0.92928720608,-0.21579814568
0.57070478509,1.13313589012,-0.81140554564,0.08328569519,-0.34150372092,-0.39052837759,-0.22006727796,1.59354772263,-0.24819669481,-2.06930612966,-0.14605388030,0.36155786698
-0.57555956303,1.36438742646,-0.24486039669,1.09304258087,-0.36848032143,1.16480401073,-0.26861415118,-0.48128833773,0.49907488020,-0.33353599538,0.07406041589,-0.35574341449
-0.17677757608,0.21388172102,1.15433130629,-0.47243231782,-0.62888821695,-0.67974696352,1.58826408436,-0.80631721934,0.59903779320,1.21667452781,-0.69393457519,-1.02254549842
-0.30383197753,0.78540659266,0.24868013043,-0.35008020825,0.30717800266,0.29081527806,0.45093985611,-1.09717836277,0.44450323167,-0.72425207339,0.41371208112,-0.40227940810
-0.42443454002,0.58319377575,-0.44112391416,0.31513415659,0.18243461976,0.97254283822,-0.25849410343,-0.55227308131,-0.35441355752,-1.26633149203,-0.23938805429,-0.58664349059
0.10915574708,1.24318122291,1.82649198016,-0.51962857624,2.02262148956,0.55326449471,-0.36856539990,-0.57387917594,-0.08554577682,-1.06499829473,-1.44118116524,0.76834367263
-0.08718846244,-0.40709162565,-2.09509655600,-0.35707686435,-0.31467054466,1.43466199132,-0.54278473227,0.10964495417,0.26915066242,-0.72753352332,-0.15468628406,-0.74548452993
-0.59455785948,-0.22059199887,-0.25807522968,-2.04539910469,0.78368725498,0.26580817918,-1.08472633907,-0.30227300549,-0.21950520134,-1.07961809998,0.72942605629,-1.16323226842
-2.27996971041,1.56368375379,-0.27585436875,0.16070035555,0.91382295908,0.44864877745,-0.37128254746,0.23774871134,0.39792633843,0.04455637142,0.26779828839,-0.78759056230
0.12100875700,0.63416442990,1.12234566903,0.66188614514,0.67285012087,0.68874641982,-0.19304199701,-0.41228677383,0.94522358493,1.09533373526,-0.83045776329,0.69801782497
-0.57807387634,1.14711426042,0.29149334938,-0.60431129508,0.60775661422,0.54434963411,-1.23358535893,0.90285446783,0.74947990335,0.53549994462,-0.35216335811,0.12058728127
-1.47577583471,-0.38124755719,-0.64040029956,1.71562815562,2.01616551857,-0.15234692776,0.66753758558,-0.45577872236,0.04002820877,-0.73355169886,0.18677839994,0.52548100693
-0.08207582309,0.90692290386,-0.22115251947,-1.73314535409,-0.03540658574,-1.86181733416,1.58890791111,0.22215178481,0.53296264936,-1.51931076090,1.27238489400,-0.43830125082
-0.72262523276,1.05962216400,-0.82738399448,0.33341337543,-0.65409856510,-0.99489819072,1.29456652939,0.37387227313,1.10632321919,-0.33617073085,1.15849611227,-0.39033793433
-0.26452367866,0.07503240478,1.01471079321,0.57195612549,0.89155497261,1.21564516107,-1.12650582097,-0.40466018051,0.69298069841,1.91477826190,-0.87149632605,0.34471604133
-1.70477784334,0.11081803809,0.60781213069,0.72268921974,1.06243651579,-0.80773577157,0.73270653079,-0.81909732545,-0.08493399946,0.28810417436,0.71326745917,-0.60537530221
-2.08123687759,1.26105420934,-0.99903533134,-1.19623938639,0.84954945470,0.17813854312,-1.18693124772,1.14232794271,0.78757589368,0.06776998545,1.01679856460,-0.86771731172
-1.20365055418,-0.88937782088,-0.83478811507,1.49562197694,0.36154906784,0.16295390864,-1.76641501198,0.28245889121,-1.46672764384,-1.30407306403,1.22562988797,-0.95139368298
0.61305352016,-1.19649304785,0.66471598680,0.20742080556,0.19563265965,-0.15652983212,-0.76836668672,0.36461616958,-0.59138091554,0.41468893127,-1.03065477273,-0.16243901393
-0.06874585751,1.17490026179,-1.50373187197,-0.52385893810,-1.21685781012,0.14488382985,0.35011097788,1.18728044326,0.61387376954,-0.85388537147,-0.24997092130,-0.66027859937
1.02733697695,0.49061499780,-0.18580199789,-0.42784907803,-0.38901394152,0.43849763841,-0.97355182450,0.22669726278,0.80602097259,-0.80312091808,0.51368913793,0.15178389976
1.01821864969,-0.62384220703,-0.32332012233,-0.02315837691,0.83223870775,-0.21484771250,1.08373378836,-1.28043006488,0.20270928496,-1.82278000700,0.41494574428,0.65733507947
-1.06692861432,-0.94878984168,-1.20084968191,1.26817949339,0.07846877521,-0.11434465478,-0.79164303346,1.08941849072,-1.47543939859,-0.96094843811,-0.29007164112,-0.99789521268
0.43618409076,-0.18666618367,-1.01809349189,0.32131231080,-0.92331644473,0.62458299467,0.17657730017,0.22610836360,0.18481454343,-0.12142993362,-0.68569603009,-0.43796657710
-0.43162812871,-0.57470848367,1.21142082335,0.89421605096,0.70443208919,-0.99069928451,0.13821861037,-0.29159164627,0.60521711235,1.42419831727,0.42028806022,0.19627273013
-1.09245497008,0.05367799405,-0.09109370048,1.20813799253,1.40108797225,-0.65961619295,-0.34145919728,-0.05995740392,-0.51927105784,-1.63268528287,1.15544394767,0.13290018413
-0.08149132015,-0.93587191797,-1.06937233917,-1.63671851611,0.38935427937,-0.05236033864,-1.70477304202,0.40658955358,-0.50374457620,-1.51272137887,1.69171878434,-0.89345673995
-0.40033706849,0.87866075176,0.85796976468,-0.90857944967,0.53180390288,-0.46224794606,-0.07360896222,-0.19168580086,-0.77245885317,-1.54225451240,-0.03185772890,-0.66238565089
-0.38317620648,-0.12458902008,-1.30856127471,-0.24303681639,-0.34617524849,-1.07823149127,-0.25407375784,2.82261060647,0.31571962973,0.35559557475,-0.41961970158,-0.10261145937
-0.66233847760,1.76748609772,0.14994503420,-0.57942447874,0.34388148178,1.20746247659,-0.57120678194,-0.39598436727,-0.17975168860,-1.29552872834,-0.45364117558,-0.62746630495
-1.62762073299,0.09656194773,-1.26362944388,0.66718645130,0.39100733111,1.12298467024,0.62783189777,-0.81375593523,0.29904936395,-0.00430602121,-0.39745054033,-1.15563169342
0.98759231389,-1.44946180439,-0.38416434061,0.83988556280,0.54675620285,0.16094963759,0.96741358814,-1.36847075260,0.51240383380,-0.41229151810,-0.09043815559,0.51510405095
-0.68565670416,1.93544047161,-0.06478659542,-1.15600384350,0.79418683730,1.04512880549,-0.04814937989,0.25858256202,0.95822927355,-0.28129498940,-1.03073316009,0.07116794286
-0.04434235422,0.61868354430,-0.19861592848,-2.03675707298,0.10110038275,0.14981807730,0.30232724525,-0.00451515166,1.20861447066,0.12346013849,-0.19954351844,-0.49753910099
1.10410685706,1.82628357733,0.44989583597,-1.46722099992,0.44961543226,0.10362682207,-1.32219262630,1.35204371596,0.69444727055,-1.48817877915,-0.09446989259,0.93121652018
0.72628179851,0.49371187927,0.22771664975,1.40861668681,1.40523799269,2.44162930829,0.08964796878,-1.15939748069,0.09893916935,-0.88368859750,-2.69438659536,1.10027027918
0.01748623352,-0.71787828817,-0.10389464937,-1.00193123835,1.25882965565,0.85015055290,-0.17676477986,-0.20710123207,0.63839114370,0.65701143723,-1.39139880697,0.09294417694
-1.32486585927,1.02827362663,0.67609368766,0.60727249217,0.12014810461,-0.06254731935,0.54715597450,0.43337685536,-0.23077486806,0.75913890940,-1.42446372457,-0.71240910930
-0.87533822379,0.67365303701,0.03518302794,0.82906772362,-0.63582082472,-1.22667482280,0.63164966076,0.15269938548,-0.32964213098,-0.74273456649,1.12519010825,-0.88452027283
-1.31177678486,-0.10432435361,-0.21993114786,1.67543072873,-0.16509091009,-1.18116008082,0.46087065351,0.41658973346,0.30998124818,0.59457375553,1.11336511338,-0.49627622719
-1.61649228685,-0.44034877290,0.14081642923,-1.17403944321,1.90605174003,0.43617470153,-0.10374556651,-1.22739818228,-0.27948180680,-0.29087705099,-0.12305954253,-1.05315443789
-0.42545966930,0.74270077576,-1.39687119922,0.79886644447,-0.38217169837,0.41151097475,-0.51605986358,1.79933467374,0.21766143007,-0.58312924927,-0.73212849388,-0.00844317916
-0.32993960135,0.54374269072,-0.86796071846,1.46850134107,-0.28212840642,0.37139741105,0.44421371126,0.19048849367,0.46717177818,-0.54937199673,-0.24464579042,0.02411774427
0.02114855639,-0.75802902722,-0.43575895519,-0.30304246857,1.29612377905,0.04785092231,0.08129645474,-0.06153777990,0.08628380001,-0.89483943344,-0.53771053757,0.24019749116
0.48930886077,-1.33305015878,0.78153368167,0.27657624496,0.45078929688,-1.15475717080,-0.54619298450,-0.12662813506,0.27284499402,0.24420892991,1.09087960066,0.19208146010
-0.60861579283,0.96030448882,-1.43028326344,1.76484892521,-0.73620678579,0.29969479649,2.01930710673,0.19708999706,1.35939515755,0.05645846106,-0.83348371930,-0.00444275200
0.37907420786,0.74310991988,1.44593699877,0.54805647021,-0.03472796594,-0.43139604766,-1.06011342008,-0.18796348280,0.68012042264,0.31418986452,1.32930409086,0.35070257119
1.00047299861,-1.43355446896,-0.01881588744,0.00242821299,0.26028879569,-0.45737563224,0.12014299789,-1.13342576191,0.63859800154,-0.34585190261,1.36822292394,0.18880288819
-0.09976235993,0.86926164371,1.55562979173,-0.10516894950,0.44838843324,-0.97260747397,-0.78944691901,0.76342986249,-0.36363698879,-0.17161339072,0.07953981274,0.19032567284
0.47353491907,0.32696622370,1.52282755092,0.57409888258,0.09626718134,-0.61590420012,1.02992311940,-0.30266730576,-0.56389236346,-0.14634797657,-1.49139450962,0.14063476046
-0.70617152304,-0.54339435527,-0.25710794207,-0.15837959725,0.91018487590,-0.13793584849,-0.67802345507,-0.39969721776,0.07735198883,-0.42532594491,1.24892479781,-0.36773895705
-0.48242097103,-1.80200660124,-0.09966126726,0.04698964014,1.03148464309,-0.37123921142,-0.83873427752,-0.87579922496,-0.02105913034,0.00397642861,1.62467802529,-0.47788845925
-0.18011231877,-0.30499352916,-0.08127107037,-0.01915385342,1.13446384074,-0.94312203118,-0.29215848081,0.17287278671,0.01129329376,-1.29392132259,1.24175571118,0.35018499742
-1.60660280444,0.39267509821,0.14635493375,0.14916090582,0.31375046695,-0.44986758535,-0.65488008595,0.64797431417,0.02565621220,0.58769880353,0.48220256726,-0.94552095230
0.03952140032,-0.26947774734,-0.70752116797,0.12375455417,-0.03853884478,-0.10184697604,-0.52334839552,0.62026529320,-0.56466901837,-1.02597563023,0.12876752840,-0.28657801018
0.20472388862,-0.26070422443,0.62111685984,0.08082118900,1.10555211704,-0.09920736738,-0.03896867226,-0.40352942664,-0.03393593362,-0.53536580798,-0.38065550618,0.38064382487
0.11454842635,1.72714641354,0.36731872826,0.40580359733,-0.03039962779,-0.11277423217,-0.39113371820,1.35375052019,1.68904130228,0.58745275542,-0.08018402265,1.05606434858
-0.30825193177,-0.04792025492,1.03399540736,1.08847810029,-0.48705433552,-0.57793944020,0.39920667962,-1.02967161592,0.41777793581,1.02632161016,1.00200749804,-0.55922753888
0.28480028366,0.77905663832,0.44457134048,-0.45824317077,0.91764324427,0.63911330353,0.05331941815,-0.29028675129,-0.66505360321,-1.65251026221,-1.38187524292,0.19175103224
-0.94795063192,2.08784282240,0.54259844444,1.63536213819,-0.20687588887,-0.89476568529,0.90445484520,-0.64731081064,1.99477560075,0.26779305234,2.53928033830,0.37337098544
-0.43379161139,0.21784230950,-0.05602986169,0.51987630869,-0.56066714373,0.12311649143,-0.41612983024,0.34003968703,0.21401825662,0.53140987902,0.01466399356,-0.63518018177
0.55250498294,0.41061093780,0.24947356680,-1.21331386819,-0.81507029693,-0.36276799230,-0.56431364427,0.30699974185,-0.11071116413,-0.62203495009,0.50576698163,-0.74515872293
-0.60508275229,0.92832191259,0.01306026021,-0.73345519903,0.62789735735,0.06863184375,-0.34196722217,-0.24713105769,0.94696837119,-0.29610772949,1.04893107915,-0.11590560534
-0.61270362034,-0.66161040340,1.03986224205,2.10482807732,0.27526674839,-1.29789262764,0.62624808940,0.67003615719,0.27296163161,1.97279450898,-0.67862479303,0.37913561929
-0.22316424502,0.70602222579,2.27608185811,1.09727929524,1.29963449763,-0.65010229486,-1.17417578568,0.04648726737,0.08357986293,0.36551861391,0.30183557093,0.80089263301
0.89795363484,-0.49910193343,-0.06693610044,0.60632744389,-1.95754028924,0.52205937144,-2.33542120774,0.95234165594,-0.23014104327,0.51676265026,0.47071721804,-0.97695211365
0.73987496530,0.21112933357,0.02901592312,-0.02297724898,-0.27122245077,0.29621354963,-1.12440102972,0.28248200100,0.45722917552,-0.23562404618,0.55884099500,0.20061952068
0.87790718969,0.23477406333,-0.19774594550,2.40960467982,-1.16744696552,0.50137879095,-0.04077991782,-0.28460822448,1.20838985433,0.31354303326,0.44424141858,0.52257032438
-0.58886026836,0.79972022591,-0.13895561499,0.84046700488,0.28751530434,1.01328441557,-0.36489507385,-0.82836487330,-0.69058888812,-1.41530157528,-0.02829246943,-0.52250578494
0.90767273283,-0.27909544159,1.41598740352,-1.86087608028,-0.64293468527,-0.29664828817,-0.46543307087,0.25699589233,0.37859593733,1.75138939104,-0.96549353654,-0.57063540592
0.29622348197,-0.21484337276,1.12424437558,-0.20403103656,-0.15264320590,-1.34702894815,0.26515317866,-0.00231795145,-1.09240902295,-0.63128215672,0.15163010958,-0.41886477228
0.87973411023,0.30831170398,0.56388642645,-0.97866497489,-0.54490087498,-0.83536727975,0.49958888293,-0.30939686155,0.62834535137,-0.52473842175,0.67018984886,-0.20973400397
1.07406068838,0.12030511093,-0.68370140451,0.43210703890,0.03236923913,0.57544380888,0.58818178326,0.68278697194,0.43187947792,-1.05487836432,-1.98749595723,0.70374484884
-1.12383622105,1.84761004976,1.12295107347,1.71929426784,0.52440002150,0.67559844391,-0.81769112599,0.42132161532,1.21548626872,1.49005573113,-0.33089883819,0.57231978271
-0.88496469327,-0.60391675718,-0.35037252474,-0.73968934932,1.91212947221,0.66135150877,0.43390617741,-1.63463239738,0.68111145216,-0.22811616161,0.28419053357,-0.17785955821
-0.15433415703,0.25186129877,0.58959115706,1.80215949496,0.37867383739,0.10192287284,-0.34327822972,0.04446594982,0.34830065188,0.13332643220,-0.26714454028,0.43274301234
-0.63951602875,1.01730747929,-0.27796953847,-1.30071329796,-0.16470404522,0.96368202012,-0.74053821025,0.93322119139,1.07872387940,1.28409614060,-1.05313333018,-0.60622664452
-0.75872399348,1.28760592663,0.43037328451,1.71489024456,0.81038891826,1.00500266676,-1.11710851261,0.36882579560,0.23054305008,-0.27466649625,-0.58315781860,0.48998415436
0.24341638956,0.08582142203,1.83737840286,1.11318640111,1.04908893195,0.47942937879,-1.35546541144,-0.81133130007,0.46558001609,1.03315758703,0.18973725368,0.67015363353
-0.27679052123,0.16548918421,0.05115487227,-0.26633576911,0.24989389431,0.90346046113,-1.30876301050,0.07642197710,-0.00251710356,-0.30993917829,-0.39183512680,-0.70732249965
-1.38725547097,1.59156501265,1.14036742707,0.89925113700,0.07853768849,0.44274004146,-1.86236440646,0.52699689622,-0.04643058480,0.77253417594,0.40623156240,-0.55527492539
0.06933011721,0.72415048666,0.51346833801,1.38536367411,-0.51197522037,0.28808619792,1.09343942943,-0.75499146608,1.06483598319,0.83553411664,-0.45992656653,0.14103999617
-0.89593485715,0.21886049980,1.19530529629,1.67994970117,0.02184595531,-1.28660978206,0.00526016144,-0.59168368324,-0.22767017090,-0.04448294221,1.69604010361,-0.45352853885
-0.16285797035,-1.00729156141,-1.54998720865,1.00093454343,0.00647775874,-0.15184589989,-0.39173366039,2.09823021756,-0.20964379114,0.15486121392,-1.15925996141,0.19507701368
0.73207509196,0.32495027265,0.65197826190,0.67180684036,-0.49117540363,0.34219730437,-0.79530596880,-0.38741377218,0.34449541310,0.01806753942,0.50014042910,0.04762116220
-1.82567712603,-0.70195525303,0.88216817078,0.65549617479,0.88976651287,-1.79518239626,1.41046428132,-1.24828017065,-0.65425112504,0.69402859889,1.34141581189,-0.95521659683
1.31529310534,0.10811790691,0.34118303114,0.51790755954,-1.08398445253,0.56265332067,-0.06423535438,-0.31729232204,0.42660752076,0.31327421530,-0.55569193517,0.04129983912
-0.58969021574,0.79716963328,-1.24563566956,-0.08106867277,-1.60404685638,-0.20970656661,0.79798326547,-0.29151236565,-0.02782708654,-0.92787416044,1.32512181083,-1.50760349689
-0.84322651073,-0.28013373948,-0.49445208600,-0.01894409077,-0.00057004555,-0.42979289802,-0.00892699014,0.35791126617,-0.50693606992,-0.46863356489,0.13656085086,-1.00561509780
0.34258570691,-0.55852999478,-0.25170245216,0.11490996506,-0.52092868270,0.11537212536,0.42736548630,0.76338309282,0.56687317001,1.49142208699,-1.52864524083,-0.04077680588
0.15091517711,0.00564705445,0.24274551317,0.28863344872,-0.77083582919,0.41133901245,-0.00340381104,-0.89276013595,-0.80064448102,-0.75996556967,-0.14562459603,-1.14240024011
-1.33718330629,-0.60262305198,0.90529293290,0.88319347580,0.58591772842,0.44135484403,-0.09775043995,-1.46314926338,0.17702781626,1.83840948751,0.06708269138,-1.08517388208
0.85270372933,0.72921385051,0.63948299370,0.36268152036,0.76805441523,-0.66679451467,1.10444841549,-0.15273341169,0.95729020009,-1.04322875051,-0.20319438235,1.28118075081
1.47684347112,-0.01835185738,0.26176113791,-1.83010040874,-0.89046131601,-1.14900883541,1.02016899916,1.21924058102,-0.03987104211,-0.33050971120,-1.59155686794,-0.11664379372
-1.06965577751,0.61739516918,1.05658689293,0.87711254060,-0.72090650567,-0.70868792185,-0.38613722419,-0.14039133974,-0.10528652393,0.78764428840,1.05236755554,-1.16938287733
-0.56530467150,1.47396580252,-0.22383300980,0.86588633435,0.25649966841,1.19468237703,-0.92227070911,0.15196272588,0.09709579462,-0.98369196622,-0.24972739274,-0.02431501952
0.25462397069,1.11678726210,0.05311376084,-1.21316048787,1.09704156572,-0.03753031969,-0.69325052535,1.13039448224,1.04129467832,-0.59344828308,-0.13563564929,0.97765422081
-0.69457544139,-0.81515457471,0.37421011063,0.41952158242,0.61747717697,-0.17938596593,-1.15181025541,0.38619568283,-1.55570411186,-0.12702250110,-0.29704270595,-0.62136090401
0.21887712215,-0.19637464350,-0.25319085600,0.87926234787,-0.76066897474,0.29878848455,0.73371122173,-1.48935017306,0.30883717013,-0.20037034283,0.82992488300,-0.60048629779
-1.69586438436,-0.15878146113,0.19767954116,-1.07244845310,1.20134325453,-1.05516606939,-0.46401125096,0.48640516867,0.24839476921,0.86087667984,0.99399896965,-0.72604800708
-0.72671546898,-0.67685095498,0.89040834283,-1.06379027383,1.34936300217,-0.57626641734,-0.97188225985,-0.51864238358,0.26318527294,0.87053502091,1.21477804479,-0.29021454022
0.32625613718,1.38721954978,0.81279603618,0.18761382701,-0.51518250307,-0.32674507659,-0.83943247729,0.84962775465,0.73464115115,0.04282279554,0.41927787097,0.26674906114
0.50600786583,0.93661957542,1.10685521449,1.07281504450,-0.53740132179,-0.91480579044,-0.62719318695,0.98661843700,1.04156983832,0.50592802159,0.65954948186,0.70351130162
-2.06024883493,1.66660703294,-1.29492046383,-0.93476145021,0.60070979581,-0.22272455640,0.71178857659,2.02942072470,1.08256390672,0.80891812623,-1.00084502214,-0.44169227344
0.02549764560,0.10758328055,0.55372056656,0.15261676056,1.10263483444,0.64476583902,-0.30021135803,-0.83525631629,0.70331849568,-0.01632176242,-0.17826728364,0.34410513709
-0.34423267195,0.23398568654,0.03552955869,0.84079214242,-0.09286037348,0.19324677049,0.41767007087,-0.56351019198,0.03293115538,-0.18826364015,-0.12855333522,-0.39740337971
0.55746691581,0.00669638643,-0.94952323518,0.10324199857,-0.78322901810,1.80707359333,-1.51385023757,0.56585691246,-0.23722211430,-0.00124673195,-1.03854208410,-0.46737128413
0.29055370051,-0.49727026180,0.54083988416,-0.18196938492,0.91054461171,-0.40845507470,-0.53518924278,0.13211969904,0.12396660804,-0.05063660313,0.09484904963,0.43925513252
0.45366572992,0.12769040347,0.24750501627,-0.84724626215,0.05642976151,-0.13367729402,-0.82815011366,0.20103052728,-0.36520231274,-1.06437069525,0.31917450048,-0.32581928074
0.98297334018,1.38362361696,0.77808548367,-1.62191628274,-0.50485044215,-0.73866983925,-0.09108856825,1.59308926019,0.73121503201,0.06962601685,-0.89132178518,0.45249265754
0.25279385144,0.24386856244,-0.86321857629,1.39382228283,0.54825930428,0.11314900574,-0.63447788116,0.97733459727,-0.61069987253,-2.23530140890,-0.21929852685,0.62893978377
0.32188058712,-1.09683068397,-2.21811911950,0.05944018686,0.42191844005,0.66685885903,0.43160906681,0.46458682762,0.05368724474,-1.11747380230,-0.89157316992,0.15947671449
-0.00988815412,0.82618155023,0.75266204394,-0.16887689818,-0.43124825106,0.20357952209,-0.30012376258,-0.36668592758,0.28534535793,-0.03574523855,0.05353533699,-0.62924740210
-0.00742935921,0.72899668050,-0.20850933111,0.02074311212,0.16794940701,0.82247967212,-1.34808871236,0.92392832326,1.60593109819,1.03065807680,0.02370793271,0.58874886242
0.71625651666,0.85459320975,0.35037791621,0.52382513671,-0.04760787403,-0.74993740010,-0.33032997902,0.67093453305,0.52439173219,-1.09430185369,0.82804250595,0.73110725429
-2.13428607130,-1.20095480290,-1.54964626963,-0.31014364451,1.46891641790,-0.21909615861,-0.92762515363,0.98938776139,-0.75691040558,-0.28191391518,0.41762754796,-1.08583514895
-1.45586719491,1.07583057289,0.36662922277,0.74880154402,0.13378926868,-0.02446363968,0.36096596406,0.60284863363,0.56945666752,1.33631797340,-0.81677565822,-0.45663369299
-0.30928642189,-0.51121496516,0.32525278294,0.36911312823,0.62695893037,0.39875099344,0.23641724473,-1.66398461613,-0.23766613881,-0.37930513295,0.36366081992,-0.54419112217
-0.72501406861,0.77102548260,-0.04528024784,-0.49639042215,0.89577880415,0.07844222581,0.05639056984,0.89495292277,0.54767239019,0.26212343713,-1.03104783305,0.19361245168
0.90602974207,-0.61798490365,0.23079782612,-0.29701612733,-0.35981995193,-0.01083582294,-0.63301973163,0.57179516657,-0.12843732420,0.10565064826,-0.81660909140,-0.19575606933
0.65342860636,0.46209076446,1.75356478502,-1.79263740118,1.04828920673,-0.77565100321,-0.94930538371,0.32757588810,0.82835098685,0.47938006077,0.20265971450,0.61933380156
1.16338708675,1.68310500587,1.40018876059,1.32046069760,-1.70654978072,0.24071419839,-0.64598541468,-0.27234241546,0.66716860378,0.23706357454,0.63836992098,0.16544927588
-0.01624661840,0.80152157236,1.40693454833,0.34965949873,0.39110865090,0.71599259119,-0.30790752143,0.34317195541,0.11593834827,1.24073827969,-2.22779979944,0.27217575960
-0.24562522116,-0.36520593224,1.24990614432,1.05552467108,0.62816450644,-0.66030427255,0.20287720759,-0.26049192770,0.04587970975,0.83125230287,-0.36956418410,0.16578039133
0.05194761619,0.77130871952,-0.29923918219,-0.08862877641,-1.25210984864,0.74241539018,-0.59323825605,0.75878397343,0.68868203163,1.06319110650,-0.57456047589,-0.53834715295
1.06540758454,-0.73066477136,0.34507182326,0.41025152903,-0.29723122142,0.95612781865,-0.21333799629,-0.83933345965,1.18360707261,1.64084236884,-0.44227569056,0.26455488650
-1.04376407391,0.42097928262,-0.03379781678,0.69866798080,1.00764038566,0.16056868685,-0.06240312257,0.63693062285,0.56040270639,0.55170590469,-0.76929614675,0.23915996117
0.09628161452,1.18457759888,0.16516544888,0.16292532586,-0.55475942113,-0.08556717834,-0.13841448465,-0.55299003604,0.58799696099,-0.91430753654,1.49448463082,-0.26728404587
-0.22718396860,0.76124251853,1.06925055650,-0.02227220400,-0.71989519231,-0.60344894620,-0.54728550572,0.68610260576,0.57180042242,1.13691192042,0.12509567331,-0.51858061399
-0.37906703717,-1.25572632963,1.90845676806,1.27729847802,0.04220258254,-0.89743881280,-0.16604709821,-1.22754670379,-0.78941113808,1.00607502079,0.35192459844,-0.98419384351
-0.38274932740,-0.02653581456,-0.01827489550,2.47882811858,0.55941583436,-0.13507266545,-0.03637264219,-0.54600711212,-0.01620719532,-1.04449582494,0.77849528921,0.36179388884
0.06965447826,-1.19890921377,0.51048474947,-0.56537959851,1.29659386321,-0.20028999202,-0.03481357424,-0.31942047202,-0.25486621745,0.38031675108,-0.77763995924,0.11920646404
-0.51218396149,-1.61885005836,1.22073356199,1.40240559975,1.57130118643,-1.60141262211,0.09434678502,-0.83967646921,-0.46510189221,0.27425211506,1.21196336288,0.47426859440
0.33396600087,-0.66567605504,0.75902724417,-1.18696483082,-1.03036431325,-1.19063471761,0.39988817917,1.21015386624,-1.62924550976,0.13094975387,-2.06064973595,-1.53444133737
0.65075258987,0.29472786365,-0.70990117405,-0.25262530526,-0.14613664282,0.41874619425,0.87088785789,0.08347134430,-0.27859122225,-1.46687702849,-1.41575852097,-0.01670644276
0.21416564190,0.36632218628,-0.17261498548,-1.27014841569,0.37356249814,0.91755739457,0.00031414576,0.36209339998,1.54229090909,1.26534802148,-1.35117456513,0.31733717340
-0.16638768404,0.10663775104,-0.17559021321,0.06590871575,0.37841996317,0.28887284797,0.33970407452,-0.03341178873,1.13729177913,0.82083437061,-0.32604348506,0.28218679087
-0.55955673472,0.84396824238,0.02154506369,-0.03545692387,-0.13002468389,0.46463924230,-0.98767663167,0.81459436020,-0.29793439341,-0.24727334484,-0.57519400095,-0.61302104041
-0.66833141335,0.99307667673,-0.39628157877,0.89190170279,0.53499059857,0.40411056690,2.28916079414,-1.94039993870,1.55137850574,-0.44069495228,0.37139814478,0.10891128949
-0.24924074914,0.46902836648,-0.80788305809,-0.43057080629,0.11573205736,-0.11426512321,1.33256160130,0.05827697250,0.14798774320,-1.26211656036,-0.86702513082,-0.41962263993
-1.62579485666,2.00139400434,-0.66931443459,-1.29449904547,1.08040302783,0.83181540970,-0.78933203822,1.32434190077,1.05248999006,0.05918226304,-0.64357290604,-0.21958259130
0.30551535675,-0.87928194986,-1.38591993714,0.60577770420,-1.01593554118,0.86333637906,-0.56683574453,1.00651583326,0.41592751779,1.16143571515,-0.90991779708,-0.35520796755
1.53709412002,1.27244286667,-0.48690884467,-0.95062017343,-1.12893388674,0.23106021957,-0.62212234477,0.84996564887,0.69651907876,-1.46177283814,0.27824874311,0.21018710204
-0.89201045424,-0.63325957450,1.03239635237,1.05835164855,1.23139384284,-1.05195289012,-1.15467351358,0.98214444833,-0.37776053200,0.77973737774,0.07015675635,0.28873802558
-0.18409947989,-0.14640526488,-0.00029785921,0.45882813816,0.08313746450,-1.45524140704,-0.11031510127,1.13436804439,0.25158905987,0.03864361776,0.98315172660,0.28851123370
0.54576586703,0.48662252812,-0.38832988038,0.88240005814,-0.97117298137,1.25299980912,-0.12440621847,-0.97858927291,0.69538920293,-0.30320042677,0.16406169881,-0.40803991856
-0.57507512311,0.31053357492,0.32083095190,-0.02863191458,1.92473196159,0.75319632969,-0.90858797413,0.78875516281,-0.08002900848,-0.22046568832,-1.81572068737,0.62613069100
-0.54418750353,-0.09886664231,-0.25123334110,0.67367057676,0.22133220348,1.33435868361,-0.47348602318,-0.62253190040,0.26570402066,0.62236769338,-0.61409868199,-0.54508864559
0.02156001014,0.66590090618,0.88026819019,2.13506680957,0.23636156033,-0.13547152201,-0.92442933089,0.26753949742,0.28024173496,-0.40402004499,0.42789948637,0.58457102614
-0.34268547446,1.03972075737,0.55309985131,-2.33951178400,0.75142211941,-0.29012313109,-0.42162906650,0.69260426223,1.51026087563,1.12299442820,0.01933531717,0.09136233408
0.45953665458,0.25382216650,1.90325307929,0.64370077636,-0.49808733336,-0.70805370371,-0.35073752841,-0.67720233843,0.14226038896,0.68984805538,0.77092092964,-0.21255677974
0.36084936742,-0.62813038230,-0.93506657081,-1.07082141226,0.16722640956,-0.36625000237,1.27390658018,-0.70247858913,0.91827107696,-0.78265258790,0.44434851923,-0.27713377898
-0.22787254583,-0.20805722245,0.82201429267,-0.92045745409,0.37755058015,-0.40912758749,0.69618905332,-0.38401690046,-0.92188798084,-0.28395628297,-1.23189057605,-0.84304158804
0.03435792424,-0.13424476605,0.15644034705,0.79685952589,-0.16830763207,0.20674614114,-0.67404276153,0.00186024619,0.54288888559,0.26785645007,0.22301053676,-0.21502912852
0.07596618880,1.88503366500,1.00535290888,-1.02463582450,1.20890923439,-0.39857163557,-0.06452752466,0.86262175912,1.30853473041,-0.29242692966,-0.38656405558,1.14382712301
-0.65979027994,0.54522589199,0.71252613824,-0.03376233321,0.92040912138,-0.35583427321,0.91661828177,-1.14724601007,0.58609872391,0.04379778977,0.56953017132,0.00529458361
-0.20966497020,-0.13793074725,-0.44884769727,-0.40456590365,0.96058194845,0.62740929206,0.89857439052,-0.40883563277,0.62066821924,0.05209966557,-1.29855572176,0.15299833271
-0.68682301755,1.03777337724,0.65171458561,0.16952751044,-0.12430019814,0.89098328622,-0.71769739704,-1.47673044666,0.53112992997,0.04549392086,1.27874718135,-0.94217308253
-0.77495241249,1.09604568393,-0.47066875912,-0.46892038947,-0.58139112449,1.63876745769,0.85571338782,-2.41457673378,0.42993086579,-0.72932611169,0.43380476229,-1.68989571698
0.79370427153,-0.28116456807,-0.23821355949,2.06648992136,0.31746550414,-0.32608998319,0.20539374960,0.57358486111,0.61905878709,-0.51228183067,-0.23703273462,1.33868802438
-0.33700264956,-0.11243036975,0.87697820953,-0.30668457046,-1.21903390191,-0.59975351043,-0.25813356659,-0.50476216461,0.01338600165,1.13265991940,1.06905509521,-1.52072338109
0.27121733400,0.23991806207,0.06148094578,-1.60403109001,0.10247443617,1.01339492661,-1.95180812924,0.91640702580,0.58209875782,0.90233211302,-0.64677816386,-0.27457579844
0.29527870376,-0.22173809475,1.19285000796,1.67005616169,0.26815503859,0.08401084411,-0.26817658611,-0.95540504854,0.44653797558,0.70045231833,0.29949461644,0.34439811240
1.12808917614,-0.27238909515,0.76694187007,-0.90918600419,-0.22756566280,-1.02724034952,0.49263598098,-0.44167821306,-0.74184513002,-1.14972282376,0.36923480203,-0.11352210322
0.83336998832,0.38925822091,2.40488834723,0.17770346145,0.48082848122,-0.39804987110,0.78343747948,-1.66409756203,0.58310053229,0.78280660516,-0.11511967570,0.47722725368
-0.70424700602,1.82439026785,0.32117609142,-0.24672321244,-0.14478386373,1.16924763787,1.33303317986,-2.02644135928,0.58902248124,-0.62275086992,-0.25353535779,-0.93151621897
0.03668997330,0.12871915333,0.28332356033,-0.68226226093,-0.67953569035,-0.83401640541,0.88818630509,0.32974817797,0.63574498560,0.76050911184,-0.31507892777,-0.59416273493
-0.46891360277,0.53178485237,0.33522726169,-0.32247390067,-0.86814492135,-0.07377530911,0.28449653598,-0.37905286867,0.40533222825,0.79841345895,0.29924250458,-1.11366477707
0.46132994801,-0.12014431960,0.61591040537,-0.91308196318,-0.06929285652,-1.11497103939,0.22747015431,1.40444446801,-0.82601197290,-0.09245232113,-1.48853671435,-0.13677827108
0.03919017939,1.26247162088,0.24636898807,0.23198510575,-0.69307258927,0.94476779427,0.71474659695,-1.81164707011,0.31007932044,-0.86917582433,0.36429969177,-0.77224721605
0.05946884880,0.43428886947,0.53643265918,-0.73810211046,1.03625495353,-0.54321081053,-0.02213676437,-0.42143089440,0.63460244362,-0.80392135134,0.99721650923,0.40187461514
-0.56077403317,0.44921634764,0.99217808326,1.73596204127,1.07489132116,-0.88528472467,-0.11911735388,0.26675517215,1.01270470677,0.69876585589,0.77838463089,1.07053373557
0.20190882518,0.67331038697,-0.19657087836,-1.06404334256,0.09766917474,0.01314585301,-0.16959877877,0.43847328654,0.87209808964,-0.27996787493,0.08285227038,0.06607283730
0.06148738746,-0.65483763580,0.76607541112,1.29454450322,0.69662115198,-0.73187686268,-0.55799270421,-0.44876198640,1.13262078681,0.65672864656,1.59005917410,0.62502139103
0.27414573625,0.01711477028,-0.16368233115,-0.98275674051,-0.45506255786,-0.33259052329,0.09825645530,0.47968911376,0.31449797685,-0.01535544297,-0.23280959396,-0.51338855243
-0.27247910293,1.02697944115,-0.45563514632,-1.91960719719,-0.77803760000,1.36821345069,-0.53059219413,-0.08587694391,1.13686427632,0.78431793877,-0.50437222438,-1.23045981323
-0.22325286161,0.71851930681,0.82376464486,-1.11643534822,0.29915192649,-0.56916604874,0.30267618670,0.04861448451,0.80125036552,0.52420382315,0.01154824274,-0.18103334717
0.28036320803,0.59196518340,-1.53656256609,0.52031912284,-0.67623470557,-0.86548068339,0.67494777335,2.36203872308,-0.29010144195,-1.59064120393,-0.94764450469,0.20410475763
-1.02525587066,-0.35663281247,-0.01306472440,-0.88752168402,1.31667251099,1.17349278985,-1.52216801159,-0.20992882945,0.71031461279,1.32613635253,-0.21600188245,-0.51098284394
1.47271094465,-2.66431059405,-1.17893490014,-0.07477555360,0.59066294806,-0.09845594299,-0.97454627850,0.96852914999,-0.24681518845,-0.31948536820,-0.44153071802,0.59277451995
-0.25764213999,-0.97113700603,-0.72730662822,0.21842075826,0.82637772683,-0.16415007830,-0.37570004676,0.90477025501,-0.21448361538,-0.50029356758,-0.73771133565,-0.04923467311
-0.25811379769,0.87545205723,0.43780474363,-0.48815519090,0.04889015642,-0.69524449314,1.08810969167,-0.44129945020,1.04853408994,-0.01300697530,0.53988702726,-0.15912535973
1.08590243550,0.61667463215,-0.41541386889,1.23015421628,0.06805160911,1.04180775479,-1.66855335681,0.86469834071,0.65866603589,-0.92114151833,-0.00766560305,1.11149354469
-0.64510487796,-0.44186828050,-1.24665158662,-1.58510861806,0.36651839668,-1.11870505985,0.91372712329,-0.27400792848,1.07650100335,-0.61155387767,2.04834264156,-0.73319853646
-0.15430495382,-0.88279344256,-0.20108738676,0.16675323536,-0.89837103394,-1.28449387742,0.60178747497,0.51371628766,1.01320157916,1.33200777188,0.71145881491,-0.70998425427
-0.47608643398,1.61481299635,1.18336943837,0.36946971649,-0.54752435894,0.82208411037,0.03879039876,-0.66236593244,1.82646718321,2.36220259752,-0.09665723091,-0.18512210926
0.37349712590,0.31592518965,0.57804338053,-0.61055666132,-0.61907499916,0.22393946917,-0.46617310419,-0.04664426530,0.26321870591,0.14510426183,-0.36734929757,-0.72942076877
1.03709294820,-1.02760356405,2.39044264122,0.10019456196,1.01037016279,0.70833576484,-0.39065046319,-1.63672272694,-0.54700434336,1.29469538395,-1.83920197328,0.04785457191
-0.49589230751,-0.13835034669,0.70513464941,0.20838082280,-1.24983703252,-0.66644205720,0.30487073887,-0.74402873047,-0.46703827398,0.67199557557,0.88167037545,-1.61087080847
1.08604036156,-0.97289219939,-0.00218889014,-1.51880686157,-0.47270979221,-1.24996132670,0.63527149082,0.22278241961,-0.08155179618,-0.32168751465,0.22751752954,-0.33362302147
0.54676122532,-0.89405304257,-0.32242017424,0.33765497869,-0.68729200431,0.22006490550,-0.81249313177,-0.55678549584,-0.47089891311,-0.54934010095,1.00978334695,-0.71316815359
0.22477586563,0.77299293272,0.43911794194,0.23086252926,-0.65010736873,0.18743948809,-1.01986515204,0.31279145265,0.68746777379,0.19981843532,0.51819404532,-0.23968985187
-1.69093332741,1.75689438102,0.20766730737,-0.07705000928,0.72063363405,0.33863056568,0.65198267741,-0.55163065895,1.03640035576,0.35477559378,0.17351806264,-0.51392767536
0.06296626584,0.60049275072,0.61737597328,0.07918718216,-0.75722536441,0.27675274121,0.03632303920,-0.90241764886,0.03029268654,-0.14625068655,0.28757488188,-0.88474298390
-0.88076857740,1.40778280352,-0.78057711273,-0.63093929805,0.17819570692,0.51964733215,-0.13024887854,0.16052391610,0.34093297835,-1.07014551340,0.34086811591,-0.55671775187
0.69457851696,0.22113295154,0.69403968529,0.81145228949,-0.40407380365,0.40331000779,-0.03790650059,-0.28441898241,0.29085701325,0.43538297258,-0.72267403335,0.16705271962
-0.22534377205,1.27736920927,0.32160344231,0.02221734182,-0.93695464306,1.17873894697,-1.47382538428,-0.72600801459,-1.18974058516,-1.63068596154,0.60502555694,-1.50154860090
1.21022873153,-2.72906005579,-0.44250281337,-1.84546098066,-0.45988434096,-0.65875005603,0.62517562401,-0.19436653188,-0.15681844343,0.50687839302,-0.77061850931,-1.10184975431
-0.68456520108,0.33736309890,0.27065928242,1.70264659592,-0.20837600420,-0.73740181779,-0.52536354652,0.48576917190,-0.37466849604,-0.49079754391,0.89929991623,-0.26787953339
0.04755832241,-0.71200573875,-0.26853558376,-0.84024156409,0.48096825519,-0.21031859098,1.26544605122,-0.81277027645,-0.42629845704,-0.97119981617,-0.77923804475,-0.60991043395
-0.73608303917,-0.55403149611,0.43489274583,-0.41805585728,1.94614239984,0.02604930389,-0.43576564594,-0.93484689673,-0.08521377512,-0.55965070206,0.41953263465,-0.01854494269
1.39654040967,-1.03863957873,0.01175795898,-0.48492081259,-0.78912580906,-0.82938649968,-0.64352362143,1.23828541384,0.49074246700,0.38852880087,-0.12902632591,0.08409741393
0.12684435875,-0.39502127214,-1.05386504140,0.13118390605,-0.80975818566,0.96892539472,-1.35706559736,0.09099455846,-0.35572327062,-0.75726229839,0.48269091691,-1.04038240717
-0.70938685287,2.35319487320,-0.02770432679,-0.72313470591,-0.76422670206,0.05766923948,-0.16016158388,0.80797930411,1.16884954616,0.00419928166,0.34423249550,-0.57928752461
0.64600908561,-0.94326246060,-0.11346141442,0.43470497224,-0.51512435553,-0.34120228297,0.42023978817,-0.71858992708,1.16375064856,0.78498631291,0.97728793495,-0.03926994191
-0.91242856655,0.71061222172,-0.69210139627,0.87684379581,0.18930221821,0.84652091313,1.27540900474,-0.15272217669,0.43626107979,0.15601087103,-1.64194091568,-0.29970298821
-0.04157980066,-0.71389231090,-0.91224613981,0.04472477561,-0.53418224187,-0.36280264600,-0.73406292906,0.94768846098,0.41713643511,0.18795365070,0.72395944202,-0.50697099914
-0.34559616809,-0.86746044265,0.49766507840,1.21795113285,0.46056727067,-0.60736255635,-0.31873854730,-0.13586821040,-0.20738667263,0.24151417129,0.36091807164,-0.12058941327
-0.58627579655,0.34366507721,0.67266371156,1.30168413003,1.45849108932,-0.02992453585,0.23839355480,-1.28424274448,0.04404837833,-1.35653921730,0.55161939478,0.27968179572
0.01224985547,0.58895122466,-0.24481443724,-0.37262766582,-0.45641108117,0.66410598611,0.57277034759,-0.98490211142,0.74750872792,-0.10667064973,0.12407911073,-0.58894126056
-1.77952103929,0.45291150457,0.27787486618,0.82181751563,1.04329870099,-1.12520011988,-1.17264144888,0.58491538622,0.72462100728,0.43684484638,2.44966865046,-0.05100294150
