0.55028882918,0.33606758709,-0.04892903526,-0.21087870336,0.30502788755,0.00310431056,2.35078262445,-0.83415025827,0.36491481860,-0.68576723247,-1.27541734414,0.21505202309
0.20180489116,0.20596410325,0.15208213643,0.98850248436,-0.83700394094,0.72635061710,2.86883170523,-2.44642381850,0.70854220176,0.93766479852,-0.60476428948,-0.64440937694
0.74470353921,1.74205628202,1.39824016100,-0.63693393848,0.37947745608,1.60651643051,-0.66253499340,-0.09362518830,1.54306728838,1.75201711972,-1.23668924247,0.73439044408
0.21377279068,-0.44359493584,0.52772575641,0.68294600877,-1.77815310332,0.59277845742,1.14479901824,-1.40605175102,-0.17210927609,1.08157588269,-0.70904402228,-1.27431881944
0.56511732992,2.03369664095,0.34741337893,1.07088235507,0.06436772111,0.49402147162,1.87277633452,-1.62627582429,1.36885895862,-1.16882425091,0.41280742462,0.85023535367
-1.41793580087,0.01867629015,-0.24228817774,0.36970796159,0.40542073425,-0.25736775169,1.13927015364,0.11234677287,0.06845488239,0.88097015412,-0.73315626288,-0.39560911500
0.57466539780,0.13385756596,1.25335884481,0.84028456371,0.94039293476,0.21644100549,0.73945109386,-0.68736718293,0.45733563524,0.83097783302,-1.02511068113,0.89928542349
-0.84495459479,-0.28472415904,0.56640875761,0.29599481949,0.04783017140,-0.04348472666,1.79859581543,-1.19920399863,0.32879334234,1.64108008557,-0.68427029753,-0.73784402741
0.00532179578,0.10926415260,0.38661072683,0.93876641621,-0.38580365925,-0.02032655329,0.61122117699,-1.20407953520,-0.03147624024,-0.46070706457,0.63593844849,-0.18361495027
-0.39658116730,1.36968182994,0.65978557032,0.54575529092,0.21100424160,1.06820147513,-0.69904319345,-0.86368649478,0.50609697769,-0.43447441680,0.47714528395,0.12149478709
1.18694462065,0.89287698513,-0.19145490527,0.83767349730,-1.32601573982,2.83926775757,-0.14898672785,-1.46692305977,0.44303295593,-0.19572159728,-1.40387310762,-0.34305347389
-0.08593259944,1.11546592342,-0.53490508219,1.06431004210,-0.91238063911,0.39351431984,1.16806264820,-0.14988985593,0.90333034360,0.22205186264,-0.28295701877,0.06853221541
0.83527962083,0.23442808043,-0.18766500244,0.24729416260,-0.78023567170,0.16892598477,1.67331170059,-0.48273117128,0.45229224877,-0.09306785457,-1.00968496613,-0.00255528482
0.69849425469,0.35861358215,-0.69988817516,1.87064029239,-0.19963282325,0.62941118853,2.26329870277,-1.77118048310,0.23071722872,-1.52251507835,-0.44033016677,0.39522276124
1.16491935479,-2.07185875794,-0.50360519889,0.09707278097,-0.01214076694,0.69050876652,-1.21564011092,-0.46612127985,-1.26507367338,-1.11344661737,-0.51920283520,-0.31963186984
-1.38611369487,1.84992078388,-0.73759533907,-1.22755788016,0.35237665234,0.49349672681,0.83720569197,0.27002350563,1.06366310198,-0.18421611480,-0.29722843122,-0.38271809031
-0.01046563958,-0.24472589704,0.17997874181,1.59868142434,-1.16178930240,-0.12763607719,0.47341701159,-0.90455579624,-0.07037491508,0.19097243148,0.66963197470,-0.41235339669
-1.83628020071,1.33238285250,0.04118018665,-0.00068874726,1.47410788122,0.19111566565,1.14034931660,0.27789705934,0.79058179687,0.82737754325,-1.04108914316,0.21388304811
-0.62056223221,0.33803023369,-0.34648250828,-0.77547115606,0.22316034567,0.22262899513,1.47177178986,-1.37249928746,-0.22524859742,-1.44335661968,-0.00316700379,-0.82266440567
-0.47650127892,0.14869663182,0.55369620038,-1.18322803213,0.72462592508,-0.66619201262,1.12721186721,-0.23555842325,-0.01071354643,-0.36477124992,-0.47582540144,-0.25806636279
-0.16699848487,0.72921418810,0.36336354827,0.58174433907,-1.80977653930,-0.58851986882,0.81018403447,-0.06275889645,0.85330530866,1.24834388380,0.72972007493,-0.54676572500
1.02222443080,0.65408684234,-0.02239587207,1.03102745029,-0.08346966047,1.70309912422,-1.50458992556,-0.05594200130,0.00288950194,-0.97904219952,-0.66406523980,0.76255137010
-0.53926049098,0.34830113640,-0.09310860093,-0.31466318126,0.46236901973,-0.15983243149,2.53951980411,-0.15246201904,0.89200973997,1.50295631816,-1.67253055650,-0.06403473516
1.01246746177,0.50492208878,2.62704878317,0.92784885207,-0.18555065152,-0.25517556220,0.73069434405,-0.53632837822,0.93862464908,2.48040990691,-0.88045474785,0.75999953911
0.41715613349,-0.80303015317,-0.27921862954,0.41528999138,-1.29765261544,1.15346725837,0.72458024987,-2.71015572573,-0.50693207351,-0.87110386223,0.56852496454,-1.50496564528
-0.42188695177,0.42173074666,-0.49195167566,0.44646381948,-0.64490908856,0.34749342885,1.24636480502,0.31459360249,0.40390781532,0.85468418034,-1.39907216201,-0.32594250673
-0.44205990305,1.53139348662,-0.16269683880,-0.11427089349,-0.08925767147,0.78793661382,0.03247796581,-0.68167737570,0.61196428657,-1.07206454728,0.58081286447,-0.12532392948
-0.16075517636,-0.11557501008,0.72912559137,0.62317708741,1.45306451025,1.95748855695,-0.30565112505,-1.84182323660,-0.70196362037,-0.81533963532,-1.34665909863,-0.01093084452
0.26484939399,1.40549441783,0.04800495203,-0.21955600078,-0.88689433743,1.52891469382,0.34139844870,-0.29477932459,1.34850351628,1.28859256048,-1.05876170339,-0.23512526548
-0.63815296995,0.01868453844,-0.47754410480,1.05193687769,0.49873250505,0.38613944441,1.78767734003,-0.98163303533,-0.05119571819,-0.32636683395,-0.96358834666,-0.10075860705
-0.45490329794,1.74775038031,-0.92360020532,-1.74197136109,-1.23715662878,1.60668106154,0.66634775982,-1.24364188838,0.85107251022,-0.99293404941,0.22638682170,-1.48109370243
-1.34436292348,0.03667596810,0.46850663179,0.28689861874,0.59228839878,-0.20014572818,1.15278044237,-1.47931827106,0.18386241570,0.53938181050,0.61325318207,-0.62677825255
-0.67227814127,1.39796892297,-0.29427283816,1.39583024609,0.68828702018,0.45127143286,0.52921769064,0.33483835477,0.56938146118,-0.50919533273,-0.64810343620,0.85561141961
-0.25285520222,0.09397001406,0.49521889224,0.63739882263,0.85601255753,0.69879476321,0.61348463994,-1.12272803554,-0.05654243952,-0.19438934803,-0.77733495267,0.11362483367
-0.37218660390,1.21311483546,0.07985239042,0.66497279092,-0.82249232154,-0.28736806388,1.89140961712,-0.31172449194,1.02006048837,0.63526284857,-0.15465303062,-0.10211829696
0.04808149491,0.51200373895,0.07434674805,-1.12198457939,0.08217985569,1.74734881261,0.90599083441,-3.51855964840,-0.08581372789,-2.23954205876,0.73558858506,-1.36981408304
-1.23018927790,1.17026704076,-0.93315213865,1.13575781162,0.12002636940,0.83654066510,1.45342669686,-1.31610695200,0.21743652512,-1.28791369383,0.13779509034,-0.36574665712
-0.76041027871,0.71814148078,0.35399791243,0.44114817765,0.69346605709,0.54059214792,1.53540887953,-1.65698216744,0.37460009671,-0.11129889670,-0.19637138447,-0.16890601460
0.34905936652,0.68486048674,0.64842549835,-0.02603843342,-1.37540429380,0.21259630379,-0.22640770590,0.41265886379,0.91917000599,1.68732964858,-0.26145268482,-0.25829645311
1.35442181530,0.87320159239,-1.65237972830,0.25626870615,-1.46456401713,0.15461117602,1.68410071084,-0.24036097526,0.93409653997,-1.72704181060,0.11174113188,0.22419247080
1.07404451056,-0.14250398397,-1.16288613756,0.06649316603,-1.41519052787,1.23777930961,1.99557773853,-4.04318195703,0.25965901862,-2.30519607767,1.86030855828,-1.35897368540
-0.19585776522,-0.23769625269,0.70982682286,0.72370034578,-0.22991980078,0.80366007967,-0.18114412920,-0.41126795889,0.16771860103,1.87323744842,-0.93421538963,-0.28500022409
1.79957480099,-0.59943530504,-0.64066521084,0.93787809425,-2.93253430527,-0.69191855998,1.64633490050,0.37350434198,-0.37184788737,-0.76002714470,-0.95886006010,-0.46881206711
0.43278037373,-1.30605550626,1.05780158546,-0.30082498205,2.06040319566,1.36888311573,0.24596179950,-2.00425169608,-0.85084058978,-0.30521615463,-1.86877296028,0.00936740924
0.89411921429,-0.20931563621,-0.63490523692,1.09787304637,-1.83635146678,1.39185185249,1.11392518131,-2.25227973559,0.71278296050,0.68222385504,0.37315636166,-0.85892149687
-0.62776533268,0.21840324365,-0.88198456281,0.19299005192,0.52863750805,-0.70131728596,2.09307606561,-0.12018892744,0.45148069824,-0.39092212491,-0.25727491361,0.13986552986
-0.60165798997,0.83702135226,-1.11666995380,-0.01921593073,-0.73683211869,1.23082836291,0.18945914075,-0.33754415804,0.56078218176,-0.06935260843,-0.19683375485,-0.69495649263
0.03810008577,-1.64107239220,-0.29672989795,1.30449265250,0.17891006925,0.13698364068,1.54529178324,-2.44399286934,-0.57175188013,-0.23273206210,0.35893620152,-0.59875679913
0.17041534278,0.87025430504,-1.94427816008,0.02861425445,-1.57739026949,0.90564211186,1.71040412012,0.73868454224,0.82051050236,0.27639913927,-1.79024545250,-0.43944656464
0.29001362976,0.34700278646,0.07652527355,1.20444774334,0.34945619686,0.23778663098,1.52302965411,-1.23952543443,0.61527716746,-0.12901996611,-0.17501435452,0.52241539159
0.28894244569,0.90452993111,0.25971563023,-0.58481340487,-1.06473172701,0.81935272930,1.96997506633,-1.27459123439,1.19966782752,1.30534898668,-0.89114672576,-0.73642983323
-1.11243848551,0.94500606563,0.09132670620,0.61193413544,0.76550149294,0.47078236911,0.24136141628,-0.58294429904,0.30897628166,-0.43222100225,0.11749983166,0.05530654315
-0.34468977576,0.38661538467,0.41609146918,0.27577435812,-0.48650314645,1.59589796840,0.69994339933,-1.92831002167,0.28803234543,0.81372645306,-0.59508670851,-0.95672893132
-0.57240918158,2.62039500825,0.94344413366,-1.43517700174,-0.17766633677,0.92488759637,-0.57898939288,-0.26630349581,1.51579220574,0.33741014031,0.57435815755,-0.22508559038
-0.68431048963,0.38088480108,0.54171846337,-0.83909704280,-0.58468232844,-1.09150170168,0.87885357112,0.60649976757,0.35458549677,1.00436068687,-0.09589782025,-0.56823868888
0.67567904638,0.01705627318,1.59127330666,0.41794928325,-0.58007671552,0.00744912570,-0.17886313054,-0.15077945079,0.17984172930,1.35199897813,-0.62494995345,0.10058165225
-0.38054921855,1.17393710871,-0.27232825857,2.74751337472,0.24690769994,1.31175114065,1.60453185253,-1.89110342171,0.66659031402,-0.51890125827,-0.25754924666,0.50145838998
0.10264534691,1.60294523492,0.34163518037,1.27862703834,-0.88617447107,0.95927739404,-0.74204212399,0.24204853287,0.63612511325,-0.10280430785,-0.12623901960,0.36649248281
0.56256618264,0.47062413093,0.57736501250,0.36524786633,-0.31326653516,0.38267473912,-0.02462401631,0.91949871832,0.62070234109,1.49883204680,-1.58649887877,0.54004538717
1.53649886698,0.43200142697,-0.38502677922,-0.62844628320,0.77503725010,0.87813848170,1.09929209022,-0.33591714222,0.66945191005,-0.95969784135,-1.64783047816,0.96660173493
0.81315478723,0.97777950125,1.05443279373,1.19695181033,-0.36918818623,1.40332007651,1.19674404206,-1.45337401097,0.95955219838,1.04333475688,-1.37568621893,0.32012646550
0.91556924582,0.63183578705,0.99921348525,0.18028545775,0.49666958490,0.26532769436,-0.19514487058,0.24984815437,0.15475041108,-0.60138402961,-1.08718792859,0.92347293058
-0.15555942984,-0.59244635477,-1.92584288767,0.20144238171,-0.23381764878,0.92855622359,1.13458637463,-0.56492645397,-0.25812650040,-0.75229602682,-0.94898529637,-0.61532369045
-1.75688615626,0.34155525132,-0.52584628968,-0.86281173074,0.39739238087,1.92492157435,0.88832216223,-1.09666803423,-0.04432766579,0.82783335605,-1.88612210230,-1.54355072166
0.03545708676,0.28461551689,0.53692518193,-0.29275406021,-0.04313204444,1.56545233922,-0.18969146746,-1.54618038686,0.48597407969,0.75633977670,-0.33531838984,-0.59394549729
0.88518356783,0.95261619374,0.26159812727,0.03609053262,-0.71552499673,-0.65910823930,1.09600105241,0.67767039137,0.97364446317,0.08591077860,-0.44915280690,0.62984043753
0.41531145788,-0.69015506709,0.59880690463,-0.61628511371,-0.37577113708,-1.43619509911,1.74851285615,-1.43212987061,0.10353953707,-0.23948504323,1.23472591792,-0.51722698236
0.23215387986,0.56298612518,0.64183946246,0.67186527049,0.59832683536,0.29218515556,1.69008211779,-1.74788602644,0.50929661727,-0.41757398870,-0.18363924627,0.34651885676
-0.27448943786,-0.40741959203,-0.36595095612,0.72116980586,-0.38049339604,-0.45901437480,-0.47353938761,1.71128380661,-0.34628101290,0.58476944575,-0.98218552711,0.17104659864
-0.60339529641,1.31107143582,0.70139322723,-2.77204129627,-0.71581711723,-0.03010936807,0.79759573408,-2.00968820485,0.77470945804,-0.79512270370,1.94866850947,-1.68739247581
-1.20445493455,0.44122702559,-1.06616561849,1.10679653897,0.73686342595,-0.39114225328,0.75162997570,0.56375243278,-0.14653178492,-1.18749865304,-0.15801056019,0.33985326339
-0.96158160544,0.05265320343,-0.52469009577,0.75793590635,0.94554874965,0.99012039324,0.56187738340,-0.97527518054,-0.41631783311,-0.95198200999,-0.78234554276,-0.23786315796
0.15700175238,0.64095999302,0.98848506201,1.42712247064,0.70351938168,0.57861111222,1.18231944097,-1.90667457201,0.59771148806,0.05743929976,-0.00003492944,0.56957541456
-0.11319696885,-0.80375901512,0.40366594880,-0.27894084573,-0.18177492151,0.56369545557,0.45216015996,-0.77893783723,-0.17050215470,1.21494286469,-1.07683595487,-0.80891980103
-0.79640257839,0.50409306438,0.02729801746,0.45800911929,0.61964093755,0.90012322177,0.95044946241,-1.37336772334,0.37603249941,0.20574666833,-0.33589156662,-0.24566369194
-0.17658366641,0.97988792345,-1.80034797154,0.64628710586,-0.25325348728,0.33939205269,0.98031652813,1.00964193866,0.53446380872,-1.00565549149,-0.92332278605,0.44298650545
-0.06023255113,-0.43620944629,-1.37977160738,2.13049320557,-2.88634075400,-0.74065113277,1.99159011500,-0.20638275547,-0.05655389605,0.13834725589,0.37134838982,-1.03494120615
-1.23425571865,0.42676595864,0.41112285757,0.21787965771,1.60073037679,0.86988356552,0.38893159804,-1.24818537507,0.07041327501,0.00428571963,-0.41736974762,-0.05465947838
0.85091585969,1.62215357998,0.58614894966,0.09683578049,0.37532787911,1.52195402232,-0.19145974624,-1.65203463346,0.85853552871,-1.56060939455,0.37447586375,0.56014146806
-1.77128302465,1.63113137969,-0.07779216534,0.36480275100,-0.36072231634,1.03600086394,1.43697796031,-1.00802830883,1.10136507986,1.40199020309,-0.36860748328,-0.91369004606
0.41869310266,-0.64515602545,0.41244424981,0.57443968668,-0.23512568720,-0.03503214487,1.46618194276,-0.96899727375,0.22423620508,1.05312117909,-0.78757632305,-0.15210584239
-1.77420037723,0.82065813670,-0.15279690050,-0.39726841355,-1.10423644552,-0.05197545676,-0.79842983791,0.17291711813,0.21278068382,0.28929910717,1.31917932992,-1.40644619718
2.38173725772,-0.08031487470,0.27283884331,0.50527061846,-1.17244809447,-0.12869017268,1.37455290435,0.72298829083,0.62515545974,0.71712727409,-2.09542667991,0.94068631784
-1.00891746153,0.37218304054,-1.62722924225,0.69841685913,0.16669913862,0.42648788763,1.16387407273,-0.38128250526,0.25984291337,-0.78488250304,-0.05214354638,-0.26876342444
-1.28678333093,0.60991254279,0.29766112541,0.65737529288,0.04663702127,-0.47756133934,0.31471875259,0.55126442363,0.41703387473,1.00193494415,-0.05978006769,-0.10810731966
0.82979347621,1.39395324932,0.14200638795,-0.08101114131,-0.23547083705,-0.47403335491,-0.02035636036,0.76677194504,0.71917638627,-1.43913398697,0.36010322542,0.94133632624
-0.92204768999,0.42240615705,0.20893149790,1.04387695776,-0.22165666049,1.13746844028,0.40620617774,-1.34690987965,0.13458493023,0.62274329636,-0.23524844443,-0.66334907016
1.07496079394,-0.02483683077,0.99130550977,0.45345622760,-0.97124402590,0.81966622044,1.12847585780,-2.38540097421,-0.12482824770,-0.61856319401,-0.17727065834,-0.61944275394
-1.44331000103,0.14685200753,0.05251798854,1.33589136959,1.55073311973,-0.57452064746,1.49477389556,-0.23673178151,0.00767394755,0.07730572075,-0.52488609472,0.48185375542
-0.02821247056,2.26717583056,1.07262251240,1.96369387667,-0.63491999891,0.24450204741,0.71755767346,-0.32108757905,1.60340057275,0.93465545094,0.34098638776,0.86253901633
-0.56999884022,-0.68830334622,-0.28559368981,-0.54820404941,-1.42694628674,-0.19977767313,0.25329990951,-0.88097272951,-0.40829171883,0.00821957164,0.92175003379,-1.70154509708
0.30049651802,0.18032431679,0.35336418629,1.46233111131,0.11492318545,0.77516944858,0.91858499502,-1.37504745059,-0.11817111778,-0.66232434462,-0.68092757428,0.21021630606
-0.43344840724,0.15496683964,0.63099179671,0.47105828521,0.05930810919,0.34045312618,-1.07363366724,0.00176249803,-0.40319071400,-0.35798698982,-0.02092353132,-0.16088804554
-0.25991770646,-0.59082229858,0.01503826093,1.27428429229,-1.48854481752,0.53355927371,-0.03265882630,-0.90462329244,-0.80991083777,-0.07633391710,-0.02572755167,-1.13650089098
-0.14790108620,0.74625225954,-0.35697830286,0.32985036180,-0.56727786155,0.10650600578,0.75614310787,0.08932136663,0.10739731763,-0.81066499115,-0.44947603856,-0.12895250836
-1.12024132036,-0.48309138614,-0.09978515064,-1.46377544717,-0.03825072324,0.00867233276,1.16591688478,-0.91336474709,-0.65877924748,-0.29776164272,-0.57819932446,-1.60848355679
-0.83738295327,0.74708379965,-0.52823806260,0.09442129268,-0.02186157429,1.09200843626,-0.03174855740,-0.46010752848,0.00387120165,-0.65484602341,-0.34642021581,-0.52173562046
0.59010729278,-0.05427051550,1.12792645148,-0.51620415010,-0.86122430699,0.69338278737,0.14934253754,-0.37090363590,0.25856671301,1.61074253303,-1.38277388224,-0.58601811323
-0.12955892288,-0.14317534480,0.00384379615,0.12772497196,-0.77042318655,0.18800332217,0.96094332198,-0.22468559789,0.53143577539,1.68898285519,-0.75389262822,-0.53714077546
-0.45199286699,1.75767235960,-0.85041316099,-0.60159814328,-0.67335680644,0.57621695381,1.74297310299,0.31048551170,1.30601213899,0.40055161540,-1.09720549646,-0.26369472028
-0.84791925087,-0.33570230343,-0.81937883782,2.89586686866,-0.52117272824,0.10098064552,2.10472172393,-0.65683326394,-0.26281169910,0.29550347088,-1.02536740834,-0.19805770468
-0.11828240469,1.24105348060,-0.16640691442,0.11958303177,-0.23100456141,0.96481379081,1.64924033449,-1.09526888268,0.99672305794,0.16172032791,-0.73427893743,-0.17154042626
0.37362841662,0.93052422940,-1.47165557364,0.17111058207,-0.67445501327,0.02699294521,1.95992145246,-0.18157703858,0.50485163469,-1.85440452782,-0.33790633800,0.06302680378
-0.43665117778,0.29675249989,0.88508733965,1.70340141374,0.61999471169,1.20785838445,-1.25535433581,-0.17040630036,-0.23508018606,0.53444122362,-0.86921375310,0.44183772334
0.21329616005,0.70029154606,0.10157763884,-0.64102436835,0.41173832399,0.62117339323,0.59824340211,-1.00283011494,0.54861587965,-0.75734223444,-0.09375274713,0.01061358179
-0.99980899580,0.69689280779,0.83871842220,-0.87710527747,-0.24391235142,-0.22195030779,0.52020415552,-1.02782249047,0.57422744013,0.57698265648,0.92880773864,-0.96603311337
-0.76976528499,-0.48844122077,0.62680397129,0.77609807689,0.23460853005,-0.79261722893,0.84125500185,-0.11437982906,-0.10161966762,1.06493102052,-0.28408798712,-0.15905212101
1.23797454198,0.17091559539,-0.95178330499,-0.77678345746,-1.74375649999,0.23699640354,2.88385690227,-0.14047700016,1.28271906998,1.32011256970,-1.84647004667,-0.51410037986
0.78061036693,-0.08440423802,0.22406226209,0.32365182803,-0.45561752262,-0.51874642176,0.42796531978,-0.44725354205,-0.04270060284,-1.14529215249,0.47982988283,0.15169604346
0.54412568798,1.66442055049,-0.25872589723,-0.22797822372,-0.04903948626,1.09494264043,2.03091876049,-0.29780805376,1.02710398248,-0.40919304754,-2.10607490753,0.38652704501
-0.01578030506,1.01227735371,-0.03384778140,0.53002790273,-0.92280118935,-0.52680502519,1.13732107757,-0.73111769321,0.68690249710,-0.61054156828,1.27583035155,-0.07795700719
-0.05984426154,0.02833186406,1.96618414612,-0.52757544146,0.90395037148,-1.87445234115,1.56632712975,-0.06362641231,0.35113654624,1.05589453242,-0.18566330458,0.47983626215
-0.78568253573,0.86157176599,0.00100204070,0.83684642716,0.65403550266,-0.05964493947,0.77545915078,0.07126172416,0.63574051666,0.22374872118,-0.26730509159,0.47685107884
0.31634892936,0.37507914201,1.16851404372,0.10280131756,-0.30247415792,0.12201543161,-0.06695288251,-1.30743656756,0.12631895696,-0.43384448296,0.80219220600,-0.23373825726
-0.80480014830,-0.62938550174,-1.25460364197,0.94357836821,-0.24374631057,-0.50256172189,2.12189860358,-0.40160154906,0.00645588368,0.20589727583,-0.36795275052,-0.49736528855
-0.22571700482,0.33594079120,-0.77515271269,0.71565094336,0.22759666917,1.12355605433,1.73458442158,-2.21437020384,-0.57358724248,-2.45254952061,-0.37073698194,-0.52727007172
0.40296904491,0.42451415233,0.27289110327,0.26238899903,0.14753083488,0.66599251420,0.60508839656,0.36350923949,0.12831327326,0.20698496317,-2.07648574593,0.39042254691
0.46354888682,0.60122126218,1.59675764846,-0.53862730727,-0.18155714530,0.60289794882,-1.22103597867,-0.22968432884,0.29732228494,0.50762603060,-0.20127490546,-0.05309328117
-0.28240502116,0.06888465766,0.00352023373,-1.01637458790,0.36026244515,-0.61680085705,1.57542457776,0.39479099801,0.12371795344,0.10466899609,-1.29854329251,-0.16977544692
-0.93223236543,0.32108152954,0.67214240269,-0.56703614420,1.67340241570,0.46881634620,1.96308610159,-1.97987094606,0.60693325476,0.67095467085,-0.60723183353,-0.22354308698
-0.44388590140,-0.72956381638,1.03469013174,-0.09184985635,0.25875337980,-0.33511362540,0.41858924982,-0.96104150780,-0.26963550441,0.91143834734,0.01309893603,-0.57823848447
0.19772017436,1.47183116817,0.51314938681,0.96635037072,-1.12982039406,0.24805510136,0.97892964845,0.40640408797,1.18151191141,1.30478957179,-0.93788402849,0.28409602141
0.87256521528,-0.61944537536,-0.25242339588,0.98255929893,0.46495775054,1.09952360556,1.36296211544,-1.33097198579,-0.51538551166,-0.96877556602,-1.86594253369,0.23689412192
-0.33349348110,0.11079583777,-0.56325650376,2.66173785009,-0.37242552403,0.38768274821,0.76815319194,-0.53245756774,-0.08145951850,-0.30386124282,-0.21620368746,0.27806467399
0.07148290972,0.82064305390,1.38088514347,-0.49675107119,0.88843874629,0.64203051610,0.20777068948,-1.10340460642,0.40553231719,0.08498300309,-0.43524688398,0.21120293436
1.82876222821,-0.35738861910,-0.13450093491,-1.56950523484,-0.92675095243,0.48843213958,1.13756241172,-0.18601769731,0.03479196048,-0.68263832657,-1.94452282330,-0.37590909189
-0.59872536313,-0.38997999353,0.20107875141,0.42556169486,0.17734780617,0.02690785041,1.34179546314,-1.24590712419,0.06909152415,0.42118810121,-0.29130061704,-0.57190522845
-0.88282455568,0.97783321377,0.27625296687,0.92630592996,0.91079826531,-1.35995250168,1.97058810928,-0.51188211814,0.72186952713,-0.55566671879,0.96288676090,0.67822029214
0.12417845461,0.29267909733,-0.77473559930,0.23638024330,-0.10713697966,1.10376952040,0.14884159107,-0.04627071260,0.09969803926,-0.36914460664,-1.07848086914,-0.00770258130
-0.29913639294,-0.51074317024,0.46103074057,0.98502322308,-0.04564667226,-0.01947400679,0.33622500915,-0.44383735906,-0.21105355038,0.78560584137,-0.39814953771,-0.16300589189
0.19434307833,-0.07418206214,0.08980387410,2.66927437755,0.46465270313,0.84612218710,0.75598294695,-0.59699812531,-0.17219354700,0.02574258366,-1.45978890745,0.83408601973
0.17899768951,1.16578737566,-0.69211100864,-0.48053570031,0.51280408176,0.40759478791,0.90737725382,-0.22485252574,0.63260366270,-1.59849220697,-0.29509766804,0.44067373047
0.62626217616,-0.59067605028,-0.25013259034,0.96074051260,-1.56338536537,0.44463995826,1.73321244692,-1.16318909401,-0.04786387315,0.54824106389,-0.96567043163,-0.78047809067
-0.55040701970,0.59376323128,0.99832900306,0.78784617912,-0.57349657425,-0.28152067084,1.02578801259,-0.54249880421,0.86301414819,1.93066892401,0.07135862295,-0.24587320138
-0.48839105867,0.49767377083,-0.06679365809,-1.00204811049,-0.17394316876,-0.31266925046,0.86267672872,0.79613291227,0.38815770053,0.56871474308,-1.06295331022,-0.34859074551
0.39573765240,1.16752180693,-0.44681183687,-0.16066364067,-0.24299294453,0.34488699492,1.36939065653,-1.11988913466,0.79581498457,-1.39150926520,0.43203819749,0.08800467828
-1.16902038997,0.04768398027,-1.07115948907,0.23465663379,-0.30035352157,0.40818510449,-0.08274077116,0.96061337569,-0.11410385297,0.56390574563,-0.91137232213,-0.54926556776
-0.09372471490,-0.48465927420,0.55596330891,0.02534968043,0.23122621801,0.19330366625,1.09527423195,-0.85478894854,0.13267577663,1.12744235385,-0.99164441737,-0.33140134677
-0.79441490681,0.66898783873,-0.08551429273,0.21530678172,-0.16064727381,-0.04844842966,1.02715199652,-0.12249541734,0.65153431924,0.71703450320,-0.22042817798,-0.25793133943
-0.06546459975,-0.00134059818,0.97398442419,-0.90023149370,0.61271058750,0.10161736464,-0.58139684932,-0.09891389182,0.01644528123,0.44752272531,-0.30189031803,-0.05211624529
-0.69095394585,1.06663798152,0.31427455087,1.24434490017,-0.95413223643,-0.50261257321,1.61780882204,0.23873023632,1.00326096987,1.57077698829,-0.35866722037,-0.05283716930
-0.36448185702,0.42374650307,0.43273539252,1.33460835066,-0.58610615251,-0.48067236935,0.05608229774,-0.81473327835,0.48695782098,0.19561980695,1.77307880608,-0.01299369051
0.26768225206,-0.22314771580,-0.98299255230,1.53473616661,-1.07279125049,0.98327149713,1.72515075999,-1.11688748299,-0.01223237508,-0.09097910416,-1.16338899016,-0.48154808180
-0.31567128052,0.48291253377,-0.75524748371,0.83011136449,0.05428347813,1.34146749406,1.42122613473,-1.78679687679,0.17441320453,-0.87561168449,-0.48592935526,-0.38702964268
-0.12157293121,1.11753104785,-0.04685485541,0.20354061101,0.48616200707,1.25901737471,-0.49945076372,-0.27045528394,0.74868613413,-0.04857138410,-0.32410266805,0.40231699675
-0.19182941305,0.24840079388,-0.43255930274,1.78304850221,-1.45001760314,-1.49303637203,1.58450129328,0.40784067851,0.63131980041,0.39933123073,0.84104804671,0.07470842140
0.01564357649,0.76222631919,1.03630699197,-0.09955063420,-0.73010670731,-0.31527946664,1.00763981010,-0.88566737207,0.75016588758,0.74701517325,0.45396784388,-0.34717127741
-0.54694447904,0.47238498654,0.14546223969,-0.66572242108,1.78726399069,-0.06857426985,0.36659310762,0.24523684741,-0.00661667394,-0.92597762423,-0.84716192742,0.58565991855
-0.83097680174,0.64511680605,0.43258145557,0.39793044135,-0.10434295243,-0.22543579301,-0.47312015378,0.82802301279,0.39549383835,1.00937229134,-0.04090586905,0.04517449101
-1.33443721248,1.08373589193,0.23257842324,-0.03097777328,1.22817273457,0.18017573905,0.86745687170,-0.03660741557,0.51050258316,0.21503304676,-0.75235869499,0.17485898674
1.01543225526,0.85138723087,-0.65103705630,0.98441463295,0.00869736033,0.77706784592,1.68972527248,-0.05676972392,0.96280779333,-0.01461551907,-1.65976738595,1.02595328624
0.57257654682,0.13885159144,0.91800835672,1.09307029515,-0.68386821593,-0.90983212613,1.32214849698,-1.40908512014,0.53976525509,0.03497569938,1.32206075664,0.15081398752
-1.06999057197,0.00339845688,-0.41840032721,1.02386104896,0.30868610872,0.57493108784,1.20661987882,-0.49322793451,0.03085844046,0.70489033589,-1.14509699846,-0.32533355282
0.25718354436,-0.28686476688,0.78298862712,0.11126961646,-0.00498349177,-0.66520582986,1.09850038605,0.52299866290,0.00839857589,0.97957967903,-1.52073534828,0.19954727848
0.86875990212,-1.15836828025,1.01220271362,1.53708640509,0.40966270123,0.91447254267,0.13042176283,-1.09731813722,-0.94931122198,0.01424256030,-1.82689851744,0.25175761351
-0.06211195276,0.08669319020,0.01014936240,-1.08210105895,-0.94910437097,-0.18016850424,-0.39204027521,0.74666566887,0.09553871566,0.32301589185,-0.24363572210,-0.70020480474
1.02561868620,-1.26526450094,-0.38341852637,0.35199622569,-2.27560161276,1.54012716425,-0.46168115962,-2.00313765133,-1.37600782247,-1.38436653895,0.00903158518,-1.86683452279
0.44013726405,-0.66209154896,1.48941294401,-0.02507684251,-0.06079458645,0.76764343722,0.00387320620,-2.32456354367,-0.25196789944,0.33953544135,0.19468512268,-0.76563079294
0.42909422885,0.12457278080,0.85727813239,-0.00934203855,-0.17791632565,-0.90347456585,0.65576566548,-0.51238331279,0.17663436301,-0.44677154745,0.65664180625,0.14048341193
0.02224001972,0.95857698679,0.26986982040,0.41350705519,-0.09824668475,0.71315840487,0.02005273608,0.98730569283,0.80743987890,1.49765089883,-1.67153225535,0.50887841576
0.65848050504,0.41787899397,0.17079706583,1.11264025204,-0.87345015773,0.00886444664,1.79673428722,-0.08057111758,0.70028163218,0.98714777630,-1.31282680174,0.31370604070
-0.62231336065,0.55944645265,1.15142365985,0.12326789979,0.19240940935,0.60881761823,-0.88805763775,-0.27228199143,0.34299683311,1.21960207286,-0.09308947826,-0.18765560275
0.01483128404,-0.39720366426,-0.31413461213,0.04520548091,-0.14932536697,0.00646885194,0.99569019724,-0.18923378274,-0.05355417878,0.09613251481,-0.87926911687,-0.27265913837
-1.48262509240,0.60492069271,1.24941713031,0.29928504841,0.91192190723,0.53349172658,0.67157828858,-0.61046344470,0.45025923629,2.01620719700,-1.14572958317,-0.32477351587
0.55447244009,-0.02536476701,1.06501971508,-0.14436695598,-0.57578742049,0.16156220693,-0.61774802162,0.47576014827,0.17088946838,1.13303643961,-0.92019087133,-0.04664304575
0.12758781977,0.19129405122,1.01548835142,0.95810374131,0.27021358316,-0.55898448390,0.33174262695,-0.09194714866,0.10361021337,0.01623720895,-0.12315171177,0.55197136504
0.61326819020,0.24158756124,-0.40065388029,0.68768460453,-0.26348862297,1.07247218576,0.77001026990,-0.53711301416,0.52049979697,0.27557710099,-1.16432525154,0.21401894752
0.06672915930,0.75296181284,1.17414984979,0.05961471957,0.69769406815,0.10154320274,-0.33376059048,-0.58927012695,0.57871405269,0.04201535077,0.44129942250,0.50736782887
0.65627401468,0.00915409494,0.99740777613,-0.20802328204,-0.84114182228,0.06409082699,0.02093381963,-0.60943270808,0.06732561924,0.23498382990,-0.06508983161,-0.38118235078
-2.09426636007,0.97563141802,0.02012660181,0.63648648956,0.67117532247,-0.30994090663,0.89638399337,0.32695007072,0.59314493415,1.10960443848,-0.20449966076,-0.16681229147
0.42872329616,-0.13887560706,-0.06150218240,1.00650318201,-1.27108066416,-0.75831595613,2.64191683319,-1.70626591900,0.71281993857,0.49472188897,0.84624773607,-0.40108766790
-0.61774752117,0.15304631700,0.09784242158,-0.44556244410,0.27525244273,-0.28182142298,1.77586761487,-1.31265999079,-0.05905923552,-0.69502779650,0.04913763248,-0.62232304905
-0.60690750149,-0.33717608984,0.21237292302,2.26421497117,-0.82640251239,-0.23625071196,-0.53799306223,0.13220131390,-0.56639009896,0.16226030774,0.34771531643,-0.17926514955
-1.29949481004,0.79210300726,0.46507136345,0.74765856528,1.37058254475,-0.43593629125,0.67161758856,-0.14316775352,0.26703480483,-0.24464140772,0.05997056793,0.48137152040
0.19839127736,1.57720501322,0.25354038216,-0.80517330185,-0.56852022472,0.33735715841,1.46956455187,-0.95948670784,1.71177744624,0.79762747465,0.32704069728,-0.14645601383
-1.54974195755,0.77141049804,0.12296931431,-0.43163713618,1.07638433457,1.13256161372,0.07396654017,-0.99790154377,0.04848951632,-0.20075627798,-0.39229054989,-0.61698088491
-0.11994660953,0.71851797554,-0.02136879594,-1.31372350620,-0.59085835149,0.27266784228,0.79456437016,-0.44385223903,0.66204088564,0.09843658955,-0.18742958984,-0.74093038404
0.39865407450,-1.17580907283,-0.58594935787,1.24031097678,-1.17787048855,0.81455750228,1.85860106219,-2.26159795810,-0.38984365541,0.17831844803,-0.47407885465,-1.08372412812
-0.12183081582,0.10354413498,1.08404043219,0.89276643629,-0.81432318199,-0.42933436441,-0.77400300550,-0.06144373778,-0.44333867362,-0.36112102913,0.63662471073,-0.28178973845
-0.44335126487,0.45706016008,0.44530776446,0.07659661813,0.93095826281,0.16121202549,0.36351875946,-0.79586749755,-0.26595824622,-1.25806911199,-0.06349588646,0.11439598980
-1.58324702337,1.37272188863,0.30647245067,2.28814200413,0.63798395310,0.40149276740,0.66571734854,-0.15362294644,0.76848437050,1.03118301339,-0.28694682317,0.52774017437
-0.33386927184,0.47481880759,0.80391784106,0.14931516013,1.27495395976,0.77936071200,0.54461330553,-0.62590812382,0.66989964574,1.17731287390,-1.19859685279,0.42968765361
0.18669485016,1.56370143594,0.90554821883,1.22888903184,-0.74719383773,0.64077916979,0.41765959771,-0.22707281308,1.34625194047,1.53250090728,-0.34226974797,0.44965813678
1.46809485687,0.45367361002,0.39970030142,0.53553136071,0.86655417998,2.60998851787,0.84807845196,-2.56105665870,0.28012189745,-1.12434951276,-1.80082826572,0.48853133318
0.13053874840,-0.36174117822,0.41691942381,-0.00568792637,-0.50995195056,-0.68462041106,1.68983974896,-0.34937020978,0.38047416007,1.29965365562,-0.58424732783,-0.30099190924
-0.22599615571,0.88318596265,0.23617360797,1.14447586827,-0.98123310284,0.13035056538,1.80649534928,0.34527617016,1.10130975204,2.26271384015,-1.56061116288,0.02477365641
0.81566564903,-0.30643812987,-0.26341926256,0.44505127063,-0.43847360073,0.31650904610,0.30594204516,-0.47292826078,0.04354887299,-0.53698018776,-0.27887466665,0.06887911942
0.65028373747,-0.33567335619,-1.11026566884,-0.05644813679,-0.48525448985,0.51810184554,1.09978809408,-0.16416447986,-0.24676239581,-1.05482228406,-1.30533667257,-0.23978167960
0.32673254702,-0.03705355261,0.32640529802,0.24965112689,0.23282514730,0.84023278332,0.30118789772,-0.51905189553,-0.16095549890,-0.17038398798,-1.34755347055,0.02974672989
-0.38434832679,0.65421207970,-0.34429152008,-0.55722480300,1.60864287880,1.27057656672,0.26322770154,-0.42769681519,0.33932571251,-0.71768623506,-1.31344100132,0.35224192357
-0.09944306743,-2.40881044209,-0.09182883455,-0.66116712035,-0.12317133532,0.62530653611,0.57563531459,-1.09225284586,-1.05413639429,1.37091449030,-1.63094433259,-1.51053840241
1.01250741994,1.60920962629,-0.73470891122,1.79345635742,-2.45218597708,2.47007431397,0.58645776141,-0.90082110965,1.02394508204,0.28145598001,-1.17038067195,-0.28611401244
-0.54518559842,0.65813824618,0.89524688521,2.93932105944,0.71769625396,-0.85402269715,0.72255070696,-0.05843305027,0.45074968069,0.32314083562,0.40029857754,1.29105696015
-0.33697746389,0.43148772502,0.50400842825,0.95517800689,0.26804451970,-0.27758808478,0.26603490124,-0.19961684663,0.51627447424,0.47732246852,0.34349463112,0.40922009721
1.52748222562,0.11602900801,0.86834422871,-1.18718692318,-1.41139763188,-1.17305856448,0.24542633590,1.47397950933,0.51456005357,0.74705406532,-0.76323269939,0.18320094654
0.39847045855,0.49350907030,-0.09553583891,0.15891063120,-0.14389472140,0.87149915287,-0.40882397608,-1.13740460937,0.31582534845,-1.06297974977,0.78640787755,-0.03865836127
-0.25370872286,1.78392849604,-0.94860146331,-0.41445771947,-0.30601006444,0.47245140585,1.28810567883,0.32263562078,1.47263827287,0.01822652051,-0.44885372095,0.18219548793
0.12882917148,0.58451058064,-0.22887358932,1.15038219659,-0.98355549786,0.17485089514,0.62388512234,0.24810052879,0.02737302216,-0.44487809635,-0.70263119327,0.02501648401
-0.31633313229,0.72716954122,0.20064974909,0.75305577988,0.60875239776,0.71301515296,0.39784278641,-1.09610692508,0.22058945201,-0.78061556597,0.00873996170,0.22332279214
-0.53179716386,0.45743581501,-1.52206167779,0.79660089167,-0.50568929501,0.17689485392,2.11138866008,-0.21489637741,0.46397695219,-0.39372276562,-0.73008105385,-0.27434664627
-0.74360847816,0.76127468056,0.21716846978,0.14502580562,1.19031534686,-0.23989571631,0.78786795508,-0.07951014595,0.10154851754,-0.84792288518,-0.35846137379,0.45657422187
-0.44268178368,0.89646956384,0.67644703048,-0.28223294520,0.69167752317,-0.19271048697,0.67278789796,0.29186879799,0.61119803541,0.57296848175,-0.73039041957,0.38284037806
-1.25988996211,0.15206048738,-0.17708857259,0.86041749816,0.64396601629,-0.16723514902,1.35771186176,-1.34917439574,0.08994043911,-0.24451285943,0.65555447847,-0.30186233763
0.36158753348,-0.69904600619,-1.26338458250,1.26983244182,-1.40753593566,0.42765531179,1.55633738968,-0.83673446650,-0.98651781251,-1.60140955848,-0.95291918525,-0.83387264559
0.83284232810,-0.13245411630,1.14445228687,1.74375377284,-0.95060921421,-1.09509257849,0.48214942766,0.35421064170,0.34357661512,1.01885402105,0.01443478574,0.64514369212
0.96107449140,-1.00572654716,1.30336881743,0.86025060274,0.68893692445,-0.15758057228,0.39514143704,-0.49234603164,-0.71713685751,-0.09622034726,-1.42345898623,0.59733432007
-0.55275678230,0.79173442915,-0.07895947292,0.23905250911,-0.69891902748,-0.67958872798,-0.75848062519,1.02843940880,0.09827826314,-0.81972185726,0.88791904713,-0.08134492008
2.07264499873,-0.13315800433,1.66611943141,0.97871906951,-2.09087516420,-1.49442531970,1.37465262088,0.10500932544,0.36362045706,0.84159680176,-0.28696576780,0.41360117966
0.51319872410,1.25731863795,0.24215588524,0.24299135538,-0.23772090293,0.37396369055,0.93044305865,-0.01177365815,1.03704278488,0.19582232352,-0.75894339082,0.54813356852
0.95606272737,1.18503137896,-0.53699598010,-1.25451700040,-2.18378295597,1.93338887209,1.17727851430,-1.25488314273,0.95432769560,0.03615593380,-1.14143717734,-1.32726828670
-0.06222368332,1.22769025398,-0.31065462481,1.39275041668,-0.09111427108,0.78205255369,1.18157088436,-1.15288976848,0.58789825924,-0.98205325895,0.00633891170,0.33484001465
-0.92981189831,0.24799881825,0.62203851498,-0.35556522522,-1.09498786912,-0.06417123693,-0.46557603759,-0.68677465924,-0.32212651601,-0.09710554393,1.05902546646,-1.37826345863
-0.41033205609,-0.54226634236,0.01340124982,0.10766417279,-0.49917915001,1.61813759916,1.22367426391,-1.92975297085,-0.04396657061,1.29813899171,-1.43710114376,-1.37984061486
-0.54026775210,0.14832680147,0.12918918562,1.39982197686,0.24776745905,0.27477299255,0.33095034400,-0.54763047737,-0.05256258487,-0.03568521873,-0.15107941319,0.12761292123
0.03507905191,-0.04635847361,0.62883643759,2.09897191428,-0.20536072146,-0.25007762463,1.21384963821,-1.21851300128,0.03730909550,0.16663563878,0.22406736034,0.28050476566
0.38225292119,0.73268318314,0.09344666651,-1.16146270786,0.33819932135,0.97599825553,1.15529459975,-0.98832239424,0.69608591581,-0.22059793650,-1.10369283656,-0.16290178114
-0.18659920944,-0.23845146774,1.07135560222,0.75157374672,1.21803822242,0.35407883579,-0.25301800087,-0.40438361785,-0.20866512954,0.46854684834,-0.89558286073,0.49991377049
-0.83916770830,-0.47999766923,0.66029346768,0.03137759186,2.00993537904,-0.78645208630,0.38105129344,0.22947023468,-0.67203892821,-0.48508964764,-0.80111571097,0.52544710000
-0.60556291446,0.61562267431,0.61067900971,-0.29144894227,-0.37202741606,0.72923740908,0.55269199536,-1.25331907474,0.56884738385,0.95848232884,-0.00619398159,-0.83785039482
-1.10453874447,0.97558097506,0.08238103421,1.23194998816,0.11046959895,-0.91662349050,0.58779971057,0.34530328713,0.65644930767,0.07499637265,0.91157463347,0.36333868688
0.32702677678,1.02259854189,0.67776360731,-0.06688425896,-0.19978099530,0.65346505644,0.62428963638,-1.18235484128,0.86820047369,0.10086104347,0.08098751411,-0.00553830438
0.57199112106,0.12426482181,0.66757927083,-0.52889516235,-0.30656300370,-0.10107187578,1.78552865641,-1.65867057573,0.90152357181,0.96492704734,0.24551756760,-0.27411222534
-0.09290407785,1.66716228995,0.54989741533,1.46523203330,0.75625962420,-0.40728789762,1.17256918214,0.19803212516,1.08589108131,-0.19240184955,-0.17499713125,1.42071048257
0.68111347346,1.73902248720,0.99272612335,1.41766554329,-1.91309849184,2.76763041541,-0.44578825135,-0.95643345074,1.37831579040,2.42530052282,-1.43120082936,-0.30684365316
-0.40785217983,0.75569133709,-0.43859080652,-0.15712252569,-0.59153097004,0.16448488706,0.52913533776,0.50807517345,0.39026553800,0.05092766108,-0.61790519717,-0.29674761691
-0.25517548820,0.73582014952,0.29052206929,0.24514561195,0.00975321639,0.12132733447,-0.03173420875,-0.09882291152,0.23487795387,-0.42768802424,0.09436787261,0.09673540020
-1.20025945697,1.37039135342,-0.21415218009,0.23337279799,1.54245965264,0.48901725393,0.00984064806,0.58837376474,0.30374905166,-0.78106338438,-0.79760064595,0.68253401125
0.17244686490,1.34487685397,-0.92371254021,-0.55833475591,-1.33799421398,0.12145084177,2.28602357880,-0.52405608768,1.06115832335,-0.58791161863,-0.22505317771,-0.54336192327
0.27678567115,-0.16700211794,0.06574684957,0.33003577706,0.18823628381,0.42071885854,1.17715855103,-1.31022100592,0.06126544132,-0.24846152865,-0.42966138362,-0.07857092097
0.34724128628,1.41904888822,-0.11216708600,-0.87176792738,-0.25253649228,-0.48181278995,1.64173243098,0.97929787419,1.17902676934,0.07928269478,-1.14412520873,0.46737824659
-0.34177883772,0.87366979363,0.02513925586,-0.47116560268,-0.45052482376,0.21682591175,0.41429240674,-0.26663921669,0.33508529144,-0.40075540572,0.03302040285,-0.43466778993
0.60544308302,-0.17874847587,-0.76358244315,1.32311698796,-1.22912140628,-0.17638600938,0.57369618114,0.71625143811,-0.12160881505,-0.43052800844,-0.78504444609,0.14057320193
0.07736360066,0.00679414582,-0.52774688058,0.84345574174,-0.62763979878,1.92987818564,-0.25606722371,-0.82523387848,-0.32315099892,-0.18850812409,-1.24487956863,-0.57191308939
-0.07628058241,-0.58475871711,-1.56388338006,0.26407800609,-2.20056394958,-0.82406738005,2.21171944859,-0.45946826476,-0.61708430287,-1.36155655882,0.20656658412,-1.46187339974
0.23151449933,0.03236592159,0.56926691405,1.06791398551,0.30153226550,1.67757416469,-0.56384529080,-1.81440987078,-0.62066241934,-1.13766668137,-0.35948446237,-0.16327470704
-0.90485522582,0.34004219263,-0.39613347085,0.57383342940,0.37384386082,0.37891905684,-1.81519994520,2.31903807104,-0.26890615034,0.58395614170,-1.22199050536,0.46158167507
0.28017423842,1.07476055513,-1.01533067901,1.89744078698,-0.22470176045,1.10641274548,1.82065497319,-0.70102425601,0.59058054507,-0.87617291607,-1.21647794838,0.59275339738
0.36209743956,0.55849436194,0.84554325277,-0.78189308337,-0.96461735442,0.28690565553,-0.73276283769,-0.05613301470,0.60739661399,0.72692882992,0.23998929704,-0.46710960912
0.62303092853,1.10770457405,-0.41192143639,0.10880244157,-2.43078628986,0.45100353864,1.05541659997,-1.13832907746,1.28777331515,0.21877843083,1.07191496180,-0.86145677222
-1.06913648026,-1.50379976278,-0.27375906356,-0.68396035104,0.14923970976,-1.11740613439,1.00863074218,-0.14274004347,-0.87481051201,0.14505230449,-0.18996425738,-1.16644306766
-1.10059163846,-0.64621944467,0.21006097722,0.50554819625,0.01111033011,-0.84184340139,0.75986106619,-0.30499652651,-0.58421776914,0.23867804147,0.15841420874,-0.65285991099
0.16999524942,0.07965084204,0.05171219017,-0.17204555068,1.11025897621,0.54431216124,1.61223174360,-0.95737472895,0.29848217624,-0.20305191050,-1.43128247409,0.30564644905
-1.63570367791,-0.22249016686,-1.54652529894,1.73652121039,-0.51346675024,-0.25497814076,1.60762137275,0.02294177974,-0.22725163820,0.10315648353,-0.29180756331,-0.68975274761
1.15943095792,0.83448990889,-0.54208930719,-1.79558865980,0.26368144276,1.16091042342,0.80958176879,-0.41633097162,0.90722335319,-0.90587898534,-1.27973984831,0.18112322677
1.37184223933,0.40086751244,1.36129204378,0.89753618520,-0.27245052848,0.81949278512,0.18931349946,-0.35938224034,0.39671959763,0.79842103324,-1.58683254426,0.71785350963
0.31836558618,-0.68744410903,-0.08391634696,1.19828476808,0.85369528356,-0.14199976281,1.50923570186,-0.57107627749,-0.44341224720,-0.63352923695,-1.26317513598,0.58547223205
-0.79708915606,1.23122589662,-0.46648732894,0.03500021328,0.30271816303,0.38425602657,1.60127142468,-0.67883392773,0.82697804539,-0.31538383767,-0.28386363795,-0.10106399430
-0.85391326420,0.25236558001,0.74951702885,-0.40519317279,0.22770829210,0.65361609036,0.50661247373,-2.45993465882,0.14160479798,-0.23461140915,1.06680585434,-1.11970207871
0.01317623700,0.26616487842,-0.39595080940,0.59757825513,-0.41250880149,0.73194995232,-1.05096215554,0.47735618270,-0.75204719278,-1.55297193378,-0.53341211940,-0.08393055021
0.41635428761,0.88912905809,-0.70970410517,0.40829345802,-1.20571622885,0.42608563092,2.31550101548,-1.70498990867,1.14788138771,-0.21839734604,0.45935755833,-0.41410931116
0.70987470924,0.70232040946,1.39317028382,1.30506778998,0.46886642625,0.97154479881,-0.42865629735,-1.44146728579,0.36827734126,-0.30821816860,0.12798943546,0.74288754045
-0.74442666269,0.63282443253,0.35476345280,-0.09321624942,-0.17090740054,-1.06146036239,1.65843522236,0.05649865736,0.57582666023,0.49244831049,0.00580313247,-0.20773841452
-0.66026979751,0.41857871363,-0.42197315335,-0.81291449781,0.35012453187,-0.57922864398,0.82152672329,0.71838619221,0.11675747921,-0.41664645507,-0.51055477886,-0.09525523774
1.21779992194,-0.19772495509,0.46168059126,0.32397144313,-1.49691151320,0.35478497730,1.01461139029,-0.42014003943,0.50100797402,1.39135585191,-1.13921671166,-0.26557735036
0.27464054765,-0.02496344249,-0.67040069606,1.32418070095,0.30563134607,1.59727172832,1.28086069868,-1.62993981721,0.12980141481,-0.36350406203,-1.23457550170,0.08803414110
-0.75773048334,0.82896623935,0.92200110756,-1.26737814307,1.06721977051,0.32735566744,0.36189109688,-0.33182143293,0.89091619281,1.30420768847,-0.57829365278,-0.09705280819
0.90009960435,0.16833228570,0.69378095811,0.79706434091,-1.75281986913,2.15498386298,-0.03104684611,-1.85955471884,1.10475292290,2.75332487467,-0.53711286736,-0.80214638314
0.51978372146,-0.71801765219,1.88984684677,1.25128354511,0.29435810054,-0.77743987757,0.99223133921,-0.47870327670,-0.17024859898,1.35633003207,-1.03955352987,0.49111176296
0.48830070588,-0.17368754512,0.65294515156,0.12080459135,-2.65541686973,0.31406830623,0.22100172875,-1.27737717194,0.20942857971,1.13567199615,0.71097469931,-1.56004181841
0.54728191051,-0.57187852298,0.09548278713,2.13018853245,0.44484134357,-0.81520043533,1.27042367396,-1.14261001831,-0.12221399656,-0.98075122273,0.74819437618,0.86720525806
0.83545259981,1.40910984837,0.40769154985,0.60785050336,-0.98974730086,1.31489621722,1.99023051234,-2.29061070951,0.95517582726,-0.50148331543,-0.41700087393,-0.24493606004
0.40527347413,0.82045108414,0.24588634902,1.05141535355,-1.54800148892,0.25644982839,1.37645367477,-0.24929998255,0.94722785627,1.21052043423,-0.73488215642,-0.14998683745
-0.19725374466,0.26133789651,-0.36637383214,0.97652224582,-0.06563427212,0.33625163707,0.67471191973,-1.15617376530,-0.29429873575,-1.66623353908,0.37146278522,-0.17959721897
1.08537205823,1.50368576829,1.25125989158,0.50602505220,0.30287015826,0.34601531746,0.40904726578,-0.45779571678,1.17466863309,-0.05201781549,-0.27550958145,1.20367332755
-0.46082701896,0.24611820582,1.24233166692,-0.27867015554,-0.57620756678,-0.30868551261,1.79093721159,-2.45444053432,0.96025982659,1.70658475527,1.33457866972,-1.02336983317
-0.27646928996,0.40973822489,-0.71698871087,0.62369936732,-0.43225796623,0.35683642753,1.67188780802,-0.04711490623,0.66950635695,0.79360676610,-1.19823771230,-0.12309514699
-0.18835807716,-0.31838085698,-0.36288578727,-0.19150162328,1.43372189929,0.36902305801,1.46293626227,-1.51895241391,-0.09553020249,-1.11762346377,-0.46109200798,0.05242816609
-0.49209714826,1.05485308823,-0.28339987849,0.06103098571,0.00765275904,-0.37821979048,1.41010127736,0.28396525036,0.71235955860,-0.18223434008,-0.38218187895,0.17030141351
1.11779471729,0.78089611964,-1.16370945922,1.28922574423,-1.28292598052,1.48632710161,1.20357162174,-0.84377644397,0.70357051935,-0.61296931381,-0.88628077461,0.16898369440
0.70582088914,-0.26092161942,0.05510546153,0.31471944762,-0.79352571618,1.86645135916,0.61228935055,-2.95765709779,0.30341490972,0.15631627870,0.26433783902,-0.96308698847
-0.18959370945,0.48083356014,1.16893462574,-0.38047572086,1.30498116177,-0.13413037856,0.50162247468,-1.08927658489,0.12205762708,-0.77594180705,0.13555206606,0.30418250878
0.56266132469,-0.00680782128,1.56600327611,-0.18293518028,-1.05748261906,-0.11772032313,2.32598863057,-1.98251736697,0.66894256716,1.87653553436,-0.47262097706,-0.80336092002
-0.31357573411,-0.36658059839,0.18712151627,0.72618313304,-0.41438104638,-0.77381622654,1.32533694131,0.52772424677,0.13845878913,1.42560506586,-1.03955765918,-0.08340243573
0.57997528693,0.88944288606,-0.17327470937,-0.05597985024,-0.07998161060,-0.34293909903,2.38480385603,-0.07333087605,0.79336894944,-0.50253278615,-1.18366231156,0.48313646585
-0.67117701079,0.94388040891,0.37378827115,0.56004295229,-0.10612869273,-0.25979405985,1.11487478987,-0.79315664919,1.05658610648,0.80976858391,0.77689039526,-0.03659588091
-0.47640135652,1.46433598941,0.33958375706,1.14272783856,-0.02872035308,0.51141229809,0.29378715215,-0.13254947293,0.87965399617,0.36772955054,-0.10628314255,0.43726196480
-1.15330068108,-0.20852919044,0.83965579419,-0.19019598767,1.10330629930,-0.80072535799,0.86593410098,-1.28780849304,-0.15282714039,-0.13382697294,0.91599864693,-0.38684626420
0.04404795554,0.09458450252,0.33610625620,0.93698140717,-0.94956227710,1.81704918544,-0.26032401418,-1.78213764174,0.30862785174,1.13580835235,-0.11126627463,-0.81671012895
0.18966013860,-0.02027114843,0.64045105239,0.02014908705,-0.92410349155,-0.73033002219,0.62884428556,-0.30345490967,0.51223856040,0.94624118904,0.55105795234,-0.33583764099
-0.72493998018,0.09846500591,1.16613816359,1.50226529005,1.31318770868,-0.87073457465,0.37685178598,0.58771688319,-0.09308827948,0.71174889839,-0.75147555785,0.98548141246
-1.20296330755,-0.30778616388,-0.70856634700,-0.72507711469,-1.41946253833,0.38688714685,-0.43672952514,-0.20285919483,-0.59183549790,-0.18440904428,0.34681524390,-1.96538525706
-1.08967981733,0.60132218931,0.25208906030,1.28620614518,1.57978876856,0.58502200299,0.79105152742,-0.65911461643,0.01897775423,-0.28709060401,-0.93124105046,0.53123984476
-0.09598635009,0.41941872049,-0.52501776794,0.16802268334,-0.92320343991,0.82466805566,1.71117123869,-0.94227488573,0.82858995489,0.99419785330,-0.85954470581,-0.69010056377
-0.35824151955,0.04442574973,1.50147368027,-0.03045642719,0.99253723116,-0.68534546677,1.63388697815,-1.37576668293,0.42720045358,1.00776385233,0.02052466080,0.11008187300
-0.49074659584,-0.36299036786,-0.12808270157,0.69244218934,-1.10071692551,1.05824039070,2.19088864947,-2.50453387388,0.07296633254,1.01266649562,-0.56122443083,-1.53392333976
0.60463788523,1.48122109352,-0.14151707637,-1.69742531448,-1.80105224634,0.44916132317,0.86673472249,-0.57523959439,1.35218335382,-0.08971055263,0.39138742243,-0.91495980834
1.55547731588,0.67450538786,0.89981289204,0.21148646407,-0.02941499525,1.44374566365,-0.24799521379,-1.06682721471,0.34565358896,-0.63222733411,-0.89961958828,0.58465115463
-0.31117165460,0.81959417333,-1.04253040796,-0.19550248167,0.56128199390,0.37787532180,1.20086571870,0.69544606210,0.55975003349,-0.37582628784,-1.50008893771,0.40274590279
-1.16490452444,0.71406422663,-0.53949653799,1.05672089600,0.22254181488,-0.32513015885,0.76358476702,-0.07977592114,0.00638785294,-1.00846828262,0.42127368146,0.00921820314
0.42520563015,0.93959760287,-1.10288584906,0.49604712812,-0.61555633307,-0.09383882313,0.56168240360,0.97777593883,0.07857496958,-1.89825701717,-0.53000930422,0.48693573800
-0.42127683169,1.25012883080,-0.41690349338,1.21797611146,-0.70091018018,1.43367765791,0.67355390667,-1.04005310987,0.59046768426,-0.13021222501,-0.33265853944,-0.29584146315
-0.19943245412,0.18058423559,0.71725219790,-0.32015100890,-0.66658123173,-0.15213386440,2.49216515823,-1.20058285567,0.69185395175,1.50727327249,-0.96897288070,-0.84608225606
-0.21142824264,0.78650685756,0.11179310777,-0.16338145917,0.03215979226,0.58533081706,1.26640520505,-1.49588566057,0.50853070442,-0.50182911566,0.03661895133,-0.36675986428
-0.35085453554,0.52701109679,-0.55136776244,0.53586151968,-0.18233249167,1.26875459437,0.49692825575,-1.03267745493,-0.17273436103,-1.09445111034,-0.60142662020,-0.48212204520
0.10619593560,1.05081707329,1.25861378588,-0.35396945303,1.88279813986,0.83646597325,0.45052646674,-0.79845204724,0.23417376435,-0.86610807361,-1.40791603806,0.83233973370
-0.14783554974,-0.00789940757,-1.73109537706,0.05381714845,-0.84491956583,1.58855994737,0.27141703385,-0.41285724118,-0.16045473872,-0.70606364313,-0.95829109546,-0.88493714764
-0.80081908269,0.00554465218,-0.12882786733,-1.75886759574,0.32426985341,0.41518272165,-0.11742670416,-0.86281323213,-0.28652975468,-1.00507899591,0.29877678874,-1.18626023060
-1.95494880509,1.31260867681,-0.33359779150,0.33246334817,0.53424164710,0.67309634218,0.30096797937,-0.21443603093,0.45037346570,0.09427132884,-0.06563938494,-0.42916728429
0.19952791936,0.81295841208,1.00252437652,0.85986659120,0.41309275930,0.93317633796,0.85574293353,-0.89745650593,0.82970033566,1.22702359533,-1.17039210852,0.49145623162
-0.44492781819,1.19527699101,0.25449640656,-0.40103963748,0.22993404689,0.81324844814,-0.24051928505,0.33950736403,0.72849984863,0.61825412234,-0.80090040806,0.08151622034
-1.22667397511,-0.01359819507,-0.53376549791,1.61189723895,1.43763699820,0.05186565467,1.28903815410,-0.76891833351,-0.11695108234,-0.52578252747,-0.30872382635,0.38876999239
-0.26558224151,0.78092423828,-0.45078548800,-1.46771613925,-0.13869638150,-1.48363879049,2.13158183298,-0.14069997597,0.61461745945,-1.36439447373,0.80792084050,-0.30491625641
-0.63511779397,1.11923526049,-0.85023421516,0.50010513849,-0.86991073232,-0.65498502641,1.95151661916,-0.11809057882,0.96475973663,-0.22978819020,0.59551970145,-0.21787943373
-0.18951854926,0.29660189281,1.00424078061,0.83537047674,0.50843282883,1.45254084187,0.04832309194,-0.96145168975,0.51144226166,1.94508531143,-1.32594134618,0.09872989319
-1.43798833230,0.14937911979,0.38055233368,0.73252117597,0.72186162289,-0.33229729146,1.35951787266,-1.11548727351,0.07606427100,0.38022937086,0.23705444640,-0.35640539605
-1.90794924420,1.21328572839,-0.71084702049,-0.83230016367,0.39263515881,0.25937109012,-0.39688763334,0.57190882056,0.51944051858,-0.05693247921,0.45208430757,-0.59030186653
-1.37001744007,-0.74633742671,-0.83936626533,1.48388571356,-0.25129980003,0.40106662302,-0.80208986136,-0.33775205023,-1.27000356478,-1.09412001537,0.43400507497,-0.92866027009
0.60257563702,-1.05322177319,0.52518448330,0.45699056427,-0.17646316801,0.32787810377,0.06277835265,-0.10103520150,-0.58478749104,0.60267728581,-1.55601305124,-0.12625217175
0.05013469883,1.29971330450,-1.62462595430,-0.21831425541,-1.62848496917,0.36260077915,1.12304118247,0.78227781092,0.71851134459,-0.82499210804,-0.60409103676,-0.42176781166
1.06336258219,0.80585025351,-0.07439778887,-0.16850081847,-0.89173030664,0.79409027648,-0.02157910803,-0.44140068334,0.58348065508,-0.81332195802,-0.07801234828,0.05822013150
0.93933940801,-0.29222607682,-0.40512660468,0.24096153936,0.48527333112,0.02844877225,2.05354159230,-1.72226356775,-0.01974806246,-1.74838649145,-0.19454667533,0.28574208181
-1.14015155082,-0.85200478867,-1.22539395933,1.39765425801,-0.35731680479,0.18423966521,-0.02205518143,0.44936614480,-1.18689736347,-0.69208944615,-0.75845581849,-0.70929215537
0.50142676243,0.04300995427,-1.11057262562,0.68648197781,-1.34894222816,1.01411210173,1.13284881308,-0.32909963995,0.15213608122,-0.01325879187,-1.29931098034,-0.48133793324
-0.30210410111,-0.24024216548,1.18296473291,1.08092696107,0.29752997389,-0.63079169258,1.09486065679,-0.72865423088,0.34145363361,1.48440658269,-0.11721398710,0.16909078313
-1.05233973212,0.03718091535,-0.22069384850,1.26100783439,0.87405568433,-0.28564468124,0.42936538461,-0.56064466141,-0.41746397279,-1.23008870334,0.48524073245,0.13013887929
-0.58607655790,-0.70449629435,-0.73561210182,-1.36295014171,-0.20698679875,-0.00481571264,-0.68591415527,-0.36383973368,-0.82194219243,-1.48680768505,0.84200093766,-1.28213985144
-0.41584927768,0.58173462514,0.37306304779,-0.68561295584,0.30589526565,0.01294293231,0.62136505127,-0.63054870893,-0.17534702325,-1.28073071784,-0.15918416885,-0.39477112885
-0.49841214079,0.15113512480,-1.13503498904,0.03804589267,-0.57853751501,-0.87897224238,0.56953688270,1.99707212117,0.21411892702,0.30343262831,-0.81075739108,0.05125492780
-0.56934863837,1.42845565654,-0.09328997232,-0.35316524008,0.03313144975,1.47388666586,0.13055374145,-0.77184649407,0.23495631878,-1.01070984780,-0.63684358933,-0.45253562141
-1.48109619013,0.22270334633,-1.11929349728,0.91330969661,-0.00337470042,1.20851575143,1.31581978184,-1.18915707194,0.07054994883,0.19153331189,-0.70670734839,-0.93101930928
1.02504847052,-0.85941847071,-0.30073982917,1.05159074259,0.18419010457,0.34623288178,2.02539891418,-1.81343996155,0.00734149681,-0.46610744006,-0.71172815862,0.22623875926
-0.58640511889,1.77051460961,-0.20834542196,-0.89480768566,0.46955265477,1.16625928621,0.64475789665,0.01254527645,0.95945416410,-0.05064021082,-1.21519972064,0.00095559010
-0.07329758429,0.87486807449,-0.19659998115,-1.82661048925,-0.19884998898,0.39216639814,1.14915648292,-0.33388021170,0.92509912028,0.20159361436,-0.64103382790,-0.59775489445
0.93478414979,1.83436798721,0.31434031739,-1.33908554234,0.20245475929,0.30419250926,-0.51215368744,0.95658744320,0.82830198575,-1.42747880387,-0.48150830010,0.88494677139
0.54354654013,0.59596957310,-0.05461794670,1.50153668016,1.42550904616,2.39270953340,0.95964722146,-1.31441878656,0.00921416207,-0.69032458470,-2.74142946363,0.96136617117
-0.04761545637,-0.29351173093,-0.05129459041,-0.72514913270,0.91648810662,1.07574808926,0.71520543763,-0.53231382760,0.16074784517,0.67687171786,-1.91688356394,-0.17197338646
-1.15610685173,0.71745961254,0.16762430024,0.69594445881,-0.00002085176,0.41399547054,1.21699700883,-0.08029629006,0.24700528833,0.90923107617,-1.37341583765,-0.36184581616
-0.84102769727,0.43207301698,-0.30563812209,0.95909853191,-0.79804204159,-0.73405575077,1.30870153716,-0.40011147160,0.06878406059,-0.48917361658,0.71403737843,-0.49063531688
-1.23556894433,0.06215523324,-0.27781376017,1.64401619294,-0.40134562080,-0.79004478288,1.22974550666,-0.15270270628,0.19448406862,0.65942890555,0.48458542239,-0.26705623209
-1.46489534878,-0.18397270222,0.09743866440,-0.88355541184,1.34678288814,0.62132476068,0.70537193983,-1.41544584576,-0.27231678180,-0.17373697955,-0.40565202256,-0.91250726726
-0.39474723648,0.91392515050,-1.34375440467,1.04315872389,-0.66669676854,0.53975661217,0.39724333717,1.08394787108,0.31656344740,-0.38276261855,-1.00358568235,0.18228358847
-0.20770995854,0.67700646753,-0.98370844747,1.67194555076,-0.62092128592,0.58951824403,1.36883941307,-0.39109882244,0.41410630247,-0.37509604234,-0.58326312261,0.09082641497
-0.02659889940,-0.38777935301,-0.44691721568,-0.10854223587,0.88767688462,0.32299329652,0.86707678913,-0.43421321913,-0.23381798166,-0.80695855910,-1.08216956357,0.07230666132
0.39843146397,-0.98827879372,0.87634294706,0.62401224928,-0.11558860071,-0.95137920799,0.49886597157,-0.70062231753,-0.14053654471,0.47547609196,0.51208633415,-0.00753098146
-0.57078840472,1.16893039150,-1.52588797282,1.95570888765,-1.03173511507,0.39578872293,2.89463150189,-0.35776281114,1.08249243669,0.31436160483,-0.92433451478,-0.03124738233
0.39309870957,0.88571557788,1.38651624580,0.80390960084,-0.31531138302,-0.04401961878,0.01319302162,-0.87226716700,0.71218475203,0.36907345033,0.80563381433,0.37880680736
0.95467184086,-0.86455528552,0.29119571369,0.24250412204,-0.22439157267,-0.30492369852,1.27238263827,-1.85423030045,0.12901677340,-0.27939208146,0.70516811163,-0.16761654763
-0.06578784020,0.61968729361,1.12120472940,0.16545970450,0.23302328208,-0.45392773864,0.06523277458,0.19051979975,0.13915315851,0.00878616164,-0.19196507347,0.36540183288
0.55879057644,0.14668594676,0.88144754942,0.71024827584,0.07091882699,-0.08587610877,1.83067665163,-0.67089179571,0.04980328185,0.08930762769,-1.52067075833,0.33040941632
-0.66842989429,-0.23457553567,-0.09149365180,0.04165122259,0.38218942545,0.09688914581,0.26735067905,-0.97335342436,-0.14191742455,-0.37268197566,0.53892852701,-0.46925812124
-0.53970754089,-1.16179872264,0.16011650415,0.12433178681,0.36656050678,-0.21125519216,0.28411488825,-1.44864010069,-0.43249761640,0.04022998752,0.84315016204,-0.74425410878
-0.29699953297,-0.20783423161,-0.06512322360,0.26937857394,0.64299960654,-0.62392297994,0.56752574323,-0.42546302246,-0.17955931203,-0.99644342595,0.48955304602,0.14929111116
-1.42355572338,0.37163174527,-0.01514320483,0.28872569717,0.01585966263,-0.03778951750,0.20922711151,0.03496693156,0.10975047052,0.55210182716,0.01117724694,-0.57313949146
-0.04062316798,-0.20436787109,-0.75082156509,0.39821311367,-0.44929551092,0.25020057406,0.28337734559,-0.01912872778,-0.44769145913,-0.92965693140,-0.43852805049,-0.32037754897
0.25836601922,-0.06667315837,0.46871537563,0.27845415203,0.80200600295,0.24376007972,0.79550340511,-0.83703993601,-0.03490907553,-0.43892124869,-0.74951600151,0.34134170583
0.18019870741,2.02699040129,0.37491665806,0.39984643849,-0.34858840460,0.11543706058,0.60749239544,0.75864995240,1.53880846438,0.69382484814,-0.47871155584,0.84052389746
-0.24502416685,0.08444455045,0.93049646200,1.26466878311,-0.71332958865,-0.19852689204,1.37924729638,-1.55016571998,0.46270975571,1.24393779803,0.49046807142,-0.41515386707
0.22467637344,0.60437144789,-0.00138714968,-0.28178985976,0.79590252880,1.00617936211,0.71252544669,-0.55275543381,-0.21935612910,-1.45769098865,-1.58988613276,0.22331423083
-0.88086830960,2.15163216822,0.49490639670,1.46656546702,-0.30102202422,-0.50501284600,1.63976290447,-1.03526891481,1.62929592351,0.27345569430,1.64901265624,0.38919505662
-0.33596621987,0.30594163883,-0.16572389251,0.69611204179,-0.87193816540,0.53587026448,0.53198047188,-0.31821992960,0.28265849975,0.67035574439,-0.47798856688,-0.50203042239
0.46421914398,0.45046937688,0.08952697250,-1.07344793396,-1.18709290107,0.05328757916,0.29330489261,-0.33608947531,0.19476824897,-0.61796992311,0.18925494725,-0.72816039597
-0.49050675590,1.03143927901,0.12102872771,-0.50198263510,0.23607072796,0.30597320796,0.54498936946,-0.75934402777,0.75021297171,-0.19389116151,0.44683516798,-0.16843380890
-0.52270599900,-0.40205677279,0.91833801644,2.15763056618,-0.09304247655,-0.96239042773,1.51341189202,0.13126784208,0.16122719368,2.06215577303,-0.90425612598,0.33362134356
-0.15484929682,0.71984263725,1.84688751722,1.30910161400,1.01529709866,-0.19430673162,-0.15214247038,-0.43034979728,0.25386919110,0.33957792844,-0.03333853776,0.94472338005
0.70429547435,-0.35275300315,-0.22489877110,0.76990551681,-2.61496031239,1.10136311049,-1.43910890546,0.34670048163,-0.28835086493,0.65022586163,-0.41863846512,-1.03534700909
0.77238806713,0.45528631296,0.15363865578,0.23380608540,-0.72763746478,0.65841778289,-0.14070360928,-0.44235221613,0.37007645357,-0.21976503781,-0.07587686470,0.05258374647
0.96555218444,0.71069273532,-0.22568688577,2.78965339404,-1.57715377595,0.71900881769,1.25375696681,-1.01542244100,0.91653306725,0.38453411956,-0.07014703316,0.46731124750
-0.46200688964,0.61425244729,-0.32446355371,1.00367546394,-0.04376479250,1.31074293560,0.39566873691,-1.32361601367,-0.29763736582,-1.26093303685,-0.33779701915,-0.37062805801
0.94952309986,-0.10835242140,1.27942904434,-1.65540562578,-1.02290774644,0.24984609043,0.70650054085,-0.26855386153,0.62623388284,2.10001243436,-1.46504738632,-0.74140141779
0.24676311851,-0.48849581036,0.65850879189,0.02711205502,-0.42338134249,-0.86172828046,1.04630285854,-0.53892289649,-0.46316340388,-0.36501015532,-0.06122778777,-0.33750406112
0.87099563026,0.51930506427,0.45077724196,-0.78345331531,-0.81095748849,-0.45301840612,1.46232354965,-0.87958759709,0.71393726182,-0.36895274740,0.30417445077,-0.20986844795
0.94332352032,0.49342620308,-1.00447300991,0.70266054631,-0.11121254159,0.79688483675,1.57804369996,0.29398352301,0.34071243132,-0.84710019455,-2.24096083155,0.67706841229
-1.04376030299,1.83384333942,0.80089426511,1.56487446225,0.29842708833,0.98943062005,0.27122079513,-0.18456012570,1.11997196312,1.46108112829,-0.69129806415,0.45259736342
-0.77138979504,-0.12749811383,-0.12170281628,-0.51301218340,1.37674797133,0.68709312841,1.26667435725,-1.80094325580,0.18349891332,-0.16855223175,-0.27087205216,-0.39570490788
-0.05734747307,0.45402347157,0.40538794635,1.87524737308,0.14557831391,0.40762572918,0.61619930646,-0.51646351446,0.28053719661,0.20570549181,-0.58307076486,0.55040478695
-0.56197145890,1.13751274989,-0.23468106580,-1.02637839690,-0.54179511475,1.23150871819,0.18531824826,0.45560971713,0.95491607964,1.47645433899,-1.48055019902,-0.64449256598
-0.68829490354,1.23701643832,0.16594677868,1.61954162343,0.61551438515,1.16773295001,-0.13915042310,-0.18736964371,0.32237660102,-0.15934224735,-0.80494032935,0.58737335919
0.36736943444,0.34783230736,1.78702683032,1.36680560331,0.72741707654,0.78130784094,-0.20028934211,-1.38179179383,0.36738156120,0.92722019420,-0.25832246080,0.67052665859
-0.26145379111,0.26707578740,0.03623192690,-0.06453440940,-0.13782660387,1.31382900315,-0.44405298247,-0.50860179149,-0.09666417937,-0.18125628280,-0.88815192037,-0.56266322551
-1.26368221463,1.32305517027,0.65474380429,0.84659083189,-0.11510618734,0.91083188048,-0.77164510791,-0.10869821254,0.36914615215,0.70518849778,-0.04032653593,-0.26239564912
0.13213090050,0.84489306119,0.30435334259,1.52343944396,-0.71169358186,0.58881995967,2.11032242695,-1.25353465246,1.01214675632,1.13721928400,-0.78629543862,0.04457210409
-0.92286939358,0.18080242626,0.79984981636,1.72804292203,-0.17220465605,-0.80655413016,0.81196355569,-0.98895103491,-0.00232442163,0.16379874369,1.13815340885,-0.14964645356
-0.25966215732,-0.50938520671,-1.30390997563,1.22203070927,-0.27512128324,-0.02933893361,0.58422046130,1.29334040643,-0.29412675358,0.27760672087,-1.54682854486,0.21030470698
0.83348344266,0.45871400781,0.63677889141,0.95443884759,-0.86008824046,0.77646793135,0.22743067233,-1.13882612295,0.41793135879,0.10835141909,-0.01465988879,0.04081091193
-1.65891201212,-0.59257920674,0.59685950890,0.60391564879,0.55120809064,-1.24214893927,2.04094019390,-1.44886378979,-0.22776363961,0.85307611295,0.75570501520,-0.76531079872
1.50513945663,0.28641402259,0.23927214484,0.90360135875,-1.50204017468,1.06707001633,1.01348510368,-0.95191463213,0.55591576871,0.53215302637,-1.14729701204,-0.02076752666
-0.59500724391,0.73562979996,-1.32395704926,0.19389639388,-1.91009087328,0.01842837848,1.63510228182,-0.93200594212,0.31058313053,-0.86897224858,0.98347175548,-1.28991797858
-0.81786894939,-0.20926575126,-0.61122153381,0.17675815458,-0.32475269992,-0.04326729704,0.73407655471,-0.22463189346,-0.33754904580,-0.37750113609,-0.25848580400,-0.75590251737
0.34251772625,-0.20347947346,-0.31122209383,0.39625432869,-0.80333678220,0.45025837199,1.47982999632,0.17130469298,0.47582445385,1.68020333035,-1.96103179350,-0.22030426547
0.18025393633,-0.05977312341,-0.04776616933,0.49117015901,-1.08069997454,0.93064988455,0.86647110141,-1.54738113704,-0.37698717435,-0.66869706138,-0.43255427921,-0.97709175596
-1.21144729747,-0.42729931375,0.74871827495,1.01513844468,0.23266511516,0.78372909271,0.90393634154,-1.87464226454,0.04090557638,1.84247512271,-0.37598263483,-0.91258225831
0.81363532282,0.95750650271,0.37879316578,0.51264301729,0.64890984280,-0.35755135724,1.96769758411,-0.55573932644,0.85259194791,-0.85173032916,-0.57558979645,1.11921448544
1.42633023497,0.13718176942,-0.33231675417,-1.78943547257,-1.02853000652,-0.62840767744,1.87492467791,1.04379800883,0.32993292846,-0.36269160343,-2.02240316775,-0.09413160354
-1.03976109564,0.46383740089,0.63084970587,0.92804710402,-0.85445370098,-0.17670460180,0.53953382752,-0.70230120970,0.23354008841,0.90745274252,0.58145251906,-0.75572191028
-0.44815252631,1.30005371280,-0.37956576994,0.96657000558,-0.05974375792,1.41740978753,-0.05241105457,-0.38893109793,0.27503944994,-0.78117650984,-0.60987920983,0.08542935263
0.20518754274,1.29573278981,0.08408333315,-0.97491400358,0.75132684913,0.13056577469,0.18045524341,0.66484521970,0.84365871536,-0.50883343284,-0.62325507099,0.73851123442
-0.69018942003,-0.82926735609,0.14449528594,0.52885202543,0.20960485395,0.24381893551,-0.33241604724,-0.15850863523,-1.02297310358,-0.03913425084,-0.71258991227,-0.53302268745
0.29399549688,0.00283292404,-0.24678936178,1.10931993737,-1.10248459694,0.58967773491,1.77500463468,-2.16666418272,0.31461114220,-0.07299031452,0.37055568807,-0.66379130273
-1.52724439799,0.01757370085,0.16520274823,-0.69756655811,0.72534128385,-0.63816159021,0.44063109592,-0.04288939459,0.14797302592,0.70134889186,0.34662653542,-0.55926334670
-0.63407338919,-0.28185714003,0.94017218231,-0.67234256387,0.79746107358,-0.27400699891,0.21738256911,-1.07667746275,0.14993513566,0.77225513819,0.60504389005,-0.39523439442
0.40248435655,1.45087600406,0.62184437175,0.31477970661,-0.79500009290,0.09254550924,0.11531257595,0.28063044391,0.92719586870,0.14980434504,-0.02150298855,0.37098125493
0.49525755352,1.17431886693,0.98591133172,1.29602621182,-0.81630287187,-0.56238520868,0.42514830003,0.37618329337,0.98075231265,0.64616894065,0.19726922487,0.74965559847
-1.82872535029,1.49900918608,-1.06069675936,-0.61619288869,0.25173966231,-0.03888452828,1.06660898179,1.38098115001,0.91546881001,0.70989444875,-0.97785416983,-0.26424047608
0.13300149797,0.37183316284,0.56464934929,0.34859718837,0.73963406738,0.87010512427,0.64698755618,-1.27669116585,0.40643104755,0.04857587091,-0.62753307849,0.24472205879
-0.21898225941,0.26811649668,-0.16440050154,1.00024995849,-0.37025304291,0.56516944698,1.25290591723,-1.07213959732,0.16989152234,-0.02609017984,-0.47506963911,-0.28862794505
0.53887326436,0.13312963897,-0.81088336294,0.38305133730,-1.19218828394,2.29235564469,-0.73475308832,0.01874762608,-0.22212072045,0.16953592851,-1.95678961576,-0.57043938040
0.31068959210,-0.21758296140,0.55643653614,0.10551661468,0.52453875628,-0.07367842603,0.40016000909,-0.43769257032,0.02142926514,0.01219962472,-0.43405413153,0.29986780202
0.34408202252,0.14759902733,0.13756570425,-0.58314317161,-0.31606774862,0.27550754576,0.00424920661,-0.43255617712,-0.18339717525,-0.99865037882,-0.12958438567,-0.35279107501
1.02467362471,1.57909013165,0.48582726539,-1.62060019551,-0.74392961952,-0.36761220802,0.76016472171,1.30658937850,1.16186983606,0.16918061948,-1.14547527091,0.43564443025
0.06098647782,0.17334536811,-0.94382990226,1.74858795771,0.23858128470,0.35883427963,0.23570387158,0.24566835912,-0.52972310893,-1.87664011389,-0.68701272384,0.64559750610
0.18287288864,-0.55841192919,-2.01305885268,0.41675944811,0.01080636822,0.75510267355,1.27171873855,0.06528341511,-0.37026855201,-1.09730880301,-1.62913555846,-0.09309862410
0.09412859492,0.79069745262,0.51173724275,-0.00174305896,-0.70326957832,0.69203493607,0.61431025186,-0.95736483595,0.51696161063,0.17184577353,-0.28138532392,-0.46300957783
0.07959826707,1.20252757816,0.06169138075,0.15606893556,-0.32653381540,0.99720120177,-0.16286048267,0.27469100244,1.16139722788,1.14480916917,-0.68358088498,0.26623673996
0.65598354005,0.88731116715,0.20742256624,0.87218655142,-0.30700975131,-0.38348013442,0.58788274548,-0.02456759733,0.53051680722,-0.97161955955,0.32363023018,0.76060982268
-2.05193966973,-0.80879460917,-1.18244806755,-0.06751610267,0.78156214309,-0.04024895387,-0.15405492367,0.39547676732,-0.84534997864,-0.20557665763,-0.26693014192,-0.94044925571
-1.28088986138,0.94584019628,0.11359763470,0.82130578860,-0.06998875770,0.37791782983,1.12824935021,0.00404178390,0.65270002162,1.39982370562,-1.00361257874,-0.27361976997
-0.21932697628,-0.29019775103,0.29149785653,0.48303258724,0.28518183945,0.65952475365,1.11741092221,-2.10847583654,-0.17827531625,-0.31484089664,-0.01422356243,-0.54337824872
-0.61869591887,0.83221738703,-0.13821800348,-0.26136813718,0.60538045714,0.33412696310,0.79184882336,0.39527025055,0.54016132647,0.35883205672,-1.23122814120,0.17433849052
0.89570497445,-0.45834869167,0.12684459675,-0.01218706811,-0.73971534532,0.51783745306,0.22103817461,0.05310934223,-0.15263721692,0.28120807576,-1.46271905471,-0.20520232718
0.72538505538,0.70481103144,1.73108576031,-1.35716593904,0.66255291107,-0.40156520952,0.20896207110,-0.22920320369,0.82223397446,0.53247450834,-0.21192325233,0.51144244722
1.36325730411,1.77093902578,1.13356953367,1.53552062066,-2.03611261442,0.77063618296,0.45976563419,-0.95365383974,1.20072430428,0.36681263502,0.26324967905,0.32693638811
-0.01122002116,0.72660114010,0.97999666487,0.55099213741,0.26562248892,1.10159018641,0.65498169243,-0.13924632811,0.47635562309,1.51291877953,-2.25016867367,0.24677018941
-0.10499547776,-0.20865307267,1.03961224142,1.20540617946,0.32437265550,-0.28611655681,1.08441400251,-0.69246355735,0.09449495232,0.96230197477,-0.65435877604,0.25002792166
0.18459414937,0.93165905460,-0.34873917972,0.07901643548,-1.67236725512,1.18036774841,0.41286028702,0.17716458721,0.85902908630,1.34594406890,-1.16604290455,-0.60142602820
1.16602188769,-0.27333971710,0.63174956379,0.79737766147,-0.73608371805,1.26238089518,1.01271408654,-1.51072167115,0.74785836720,1.87850217552,-1.22237514725,-0.09308120732
-0.88403768140,0.59290972240,-0.07022841332,0.77624164760,0.68499238479,0.37745794423,0.75760637095,0.06809600120,0.41073332712,0.60036424655,-1.00416836337,0.25169270585
0.16425980624,1.19110563706,0.10476710521,0.33951202746,-0.85444799803,0.25181298461,0.77732992376,-1.21523927326,0.73771340569,-0.79323130377,1.05159917967,-0.20263004415
-0.13289962678,0.78600684253,0.81185004314,0.17350816726,-1.00807884745,-0.08462517342,0.45823286768,0.10368831361,0.74444266684,1.33311860927,-0.30767375867,-0.31714419786
-0.37858308571,-1.18829643845,1.52864276317,1.48077177718,-0.40148250725,-0.52433092882,0.80725969402,-1.55696492867,-0.57966249395,1.29696763523,0.11669796497,-0.73529400336
-0.31457280067,0.15844856621,-0.14535944766,2.52231460436,0.24117748638,0.14344937290,0.86477765599,-1.09435818614,-0.09677308890,-0.89313004108,0.31686738977,0.47025572325
0.08495996090,-0.83968534527,0.41387667183,-0.36975877525,0.94534513562,0.14557114123,0.82851250650,-0.69490405161,-0.31178411057,0.33568346158,-1.22381438843,-0.05542721433
-0.47258829133,-1.21932732963,1.11593238474,1.52761566448,0.88414173297,-1.30266257584,0.99705943722,-1.08581132860,-0.51708820136,0.56445432666,0.58239472767,0.21727072667
0.20661451186,-1.00888750645,0.04194058351,-1.10184662883,-1.13080478562,-0.50243100585,1.06743675703,0.84574049965,-0.90823116817,0.26577063086,-2.24184971314,-1.12063948549
0.61246328309,0.35306117515,-1.14648015149,0.02586713262,-0.35561482411,0.77534081220,1.66200932412,-0.19618889889,-0.04616254576,-1.37579010555,-1.78865652327,-0.02456799282
0.18805825903,0.77097896656,-0.10145004410,-1.01509056517,0.01093465404,1.09735303203,1.01605830841,-0.01605707254,1.11823666347,1.45106177263,-1.85810763204,-0.11970495273
-0.08384596735,0.44585602889,-0.09044392047,0.29624433165,0.01944683726,0.50846756467,1.29174882508,-0.54475970029,0.77500415351,0.92035914420,-0.86227451899,0.02676818636
-0.47555639222,0.70558860484,-0.17949219819,0.13294812654,-0.40072619517,0.87075416339,-0.17407727693,0.21859392209,0.04853423137,-0.08222920581,-0.90704421655,-0.36068806261
-0.58943781323,1.12946273097,-0.43923674032,0.91379295166,0.32530378923,0.49371037104,2.96059198217,-2.06428429666,1.11644246792,-0.17921623330,-0.04916768569,-0.03869899018
-0.24019508431,0.50424920837,-1.13413674605,-0.15142093330,-0.10720148184,0.19132034865,1.98996864284,-0.23878040999,0.22015803011,-1.09482223383,-1.08822697654,-0.27253839674
-1.44365152102,1.85226242018,-0.54113617806,-0.95809127589,0.67810115952,0.85550016358,-0.11594880076,0.89790093301,0.89029295800,0.11635185752,-0.82650132171,-0.07402531146
0.30551342715,-0.41176535475,-1.17100845020,0.96268433332,-1.45276756655,1.13990870868,0.51317802197,0.35596925856,0.15234855428,1.32979745018,-1.73191972890,-0.49538640494
1.57601930079,1.55393193131,-0.62398994697,-0.78455876340,-1.65297341979,0.56362921856,0.24302876562,0.39322201686,0.84261541445,-1.62570771248,-0.19808131545,0.17456934552
-0.83544124102,-0.44995525232,0.76575566096,1.21088136056,0.72435508040,-0.67585747185,-0.15661689896,0.44507073102,-0.34258129303,0.83653866437,-0.33799286931,0.31709438823
-0.25457234016,-0.06687653769,-0.01776559299,0.72444849322,-0.25906071161,-1.12465759590,0.75678363940,0.47211192875,0.15276666124,0.21174562579,0.30685229854,0.20545159945
0.68779985520,0.65229625282,-0.43755038296,1.23500523332,-1.46871200443,1.64485232511,0.95649307441,-1.70352485843,0.57577449107,-0.15741322083,-0.36483595209,-0.47730775236
-0.56122021222,0.45056650044,0.20458384238,0.14838564274,1.63058583152,0.88264459143,-0.07030716519,0.34750529228,-0.04153137546,-0.05186107112,-1.85745153222,0.62342862583
-0.46719937504,0.04826501200,-0.21048930651,0.87384930757,-0.15011068730,1.59860980468,0.45192080241,-1.15318142361,0.08246777519,0.75362596597,-1.12962236845,-0.56664709174
-0.00135276973,0.76642737943,0.58495152226,2.21220623444,0.07229600263,0.21922625071,0.06510000002,-0.36671269305,0.25296562189,-0.37093192350,0.05790079652,0.79504955164
-0.23309383672,1.25170790830,0.59746921306,-2.01775294450,0.33250618828,-0.02881490374,0.57927013088,0.28986607074,1.27345421627,1.07990761901,-0.46153868288,-0.09485212655
0.50370822228,0.26423762733,1.71282652436,0.99885899193,-0.76725264045,-0.26592862906,0.65549528980,-1.28144840704,0.41581958507,0.94006850126,0.45222623539,-0.04778459706
0.24613679897,-0.13038057207,-0.89190139451,-0.85740171628,-0.14402752008,-0.15633072146,2.17114031735,-1.09905667044,0.42063530279,-0.78696582333,-0.16241683516,-0.50762898196
-0.26289086166,-0.29937761706,0.25794627581,-0.78578701757,0.27071319415,0.13304088944,1.39503719596,-0.71479184195,-0.37566862647,-0.19297389829,-1.35662782603,-0.66441036361
0.10615850123,0.14442066359,0.15815125843,0.99100004378,-0.56187147460,0.57145628228,0.34905162721,-0.66321549816,0.29364117777,0.38883976186,-0.31793077203,-0.15058783674
0.10410476032,1.91017876921,0.78579201249,-0.89546891090,0.95255780925,-0.09696960717,0.74272670747,0.47217136688,1.26360715328,-0.16314056208,-0.68127101295,0.96062899877
-0.50107142255,0.62654981285,0.59451413218,0.10058201931,0.69501604901,-0.03536539135,1.63989438423,-1.43606875336,0.60259159779,0.16765800788,0.10824262988,0.00316683576
-0.22942473663,0.15040699895,-0.54881838502,-0.17911644323,0.68685489710,0.78737783828,1.67301481646,-0.66979678848,0.34330953093,0.12622235167,-1.62863711732,-0.06734048791
-0.56862489003,1.00626341634,0.63566250388,0.26257273787,-0.40867095226,1.21215899353,0.34194268074,-2.15892857742,0.63308527374,0.21715786397,0.80845044120,-0.81675273174
-0.81961959846,0.95004565569,-0.50058433620,-0.22429419446,-0.83935494872,1.75719544010,1.75647070404,-2.86117714874,0.52034914681,-0.30501394010,0.20337403875,-1.63501027879
0.72758210981,0.19707004567,-0.18925643278,2.32695801382,0.07230000045,-0.17287600539,1.28345805723,-0.14078719697,0.34596908947,-0.38616180287,-0.60570618089,1.20070221908
-0.42624751744,-0.09643369112,0.69373040559,-0.14467549669,-1.42274611496,-0.14582275290,0.83172761564,-1.26275733603,0.30417771029,1.36192731641,0.67038268936,-1.34889058579
0.25925529391,0.52758137109,0.25957570098,-1.38348513063,-0.34986136257,1.42026051167,-0.97614041071,0.35298116353,0.47629717106,1.01282524635,-1.36164462147,-0.45950360084
0.40190722070,0.06183351781,1.14755501702,1.90224275145,-0.02212034252,0.36767716256,0.77401580334,-1.50916432265,0.31595675941,0.73904262446,-0.10635889059,0.39907472737
1.00923844151,-0.36428875368,0.43028625949,-0.67072599932,-0.48673020074,-0.61198454172,1.41225681853,-1.05601455038,-0.25041101005,-1.05635548876,0.04567029205,-0.27818609765
1.00116433211,0.50336877941,2.27119799859,0.46348396445,0.39127401975,-0.06186285357,1.82458082567,-2.07108583341,0.80520393599,0.96144278196,-0.36917217654,0.52572881809
-0.67150353342,1.45025321348,-0.05519568455,-0.06798803479,-0.28051456574,1.38700968133,2.11317493431,-2.25004808229,0.81684517374,-0.17683121100,-0.41395808477,-0.86328365094
0.08559338034,0.27513480337,0.07395494526,-0.47954422025,-0.87648606214,-0.37282727176,1.77778971048,-0.16888798245,0.67408814761,0.92609317874,-0.72620619710,-0.50495995653
-0.39490700503,0.50559444937,0.17534365078,-0.14096838310,-1.08027550003,0.39114576668,1.20871250707,-0.99479418700,0.59617695127,1.01556217087,-0.13596442587,-0.97065190289
0.41841218961,-0.25546944667,0.13402784705,-0.71194645864,-0.20520692491,-0.57529004632,0.93091027632,0.97149768372,-0.25061146300,0.04796940304,-1.72157484370,-0.00176137430
0.13165776081,1.11194329749,-0.00609283338,0.42741483246,-0.93669550719,1.27112177978,1.67699556068,-2.35563467545,0.61918532776,-0.60917777427,0.11091597716,-0.72973289817
0.07679132141,0.60008265815,0.55494108459,-0.44807994414,0.69918163157,-0.24344175684,0.85011660384,-0.91302186536,0.51392081121,-0.64126603441,0.42440857070,0.27996748441
-0.47379920027,0.74751534471,0.92981424534,1.72649842337,0.77465636824,-0.52650387872,0.77539216152,-0.26170633509,0.66958157051,0.63382438934,0.17976099893,0.94630793399
0.23084936410,0.89874593772,-0.18652664523,-0.84551735252,-0.27174480403,0.29383502118,0.69228933259,-0.02183331806,0.74638153209,-0.20261699244,-0.43112007671,-0.05721125674
0.06612526789,-0.06479759553,0.98561040813,1.53874594948,0.24333823419,-0.51859670269,0.51412358007,-0.98999966169,0.47664821294,0.68373522241,0.83650242529,0.50584177156
0.25268326051,0.21754139788,-0.28739481209,-0.76193021526,-0.75658235367,0.08803247941,0.94268382386,-0.03766177819,0.33673314548,0.03897918338,-0.69376326609,-0.50049183141
-0.28558364435,1.15265962248,-0.38012117902,-1.74529293099,-1.19161554111,1.66783643399,0.38816825649,-0.53064868525,1.00729772420,1.04341800144,-0.98154869114,-1.35997632373
-0.12210082860,0.79892694859,0.65007936123,-0.87436728927,0.05733245325,-0.14951944500,1.17021976404,-0.38587635309,0.83090815843,0.64709757998,-0.40319931596,-0.15265828160
0.15978335443,0.58489440202,-1.77668047886,0.97177871322,-0.90557156547,-0.61709858826,1.51948209324,1.60701086971,0.07514145204,-1.36432304265,-1.11680660695,0.44135884605
-0.90756551525,-0.01561060232,0.22646121244,-0.48336303964,0.72956590672,1.36040684275,-0.36387859694,-0.80177043547,0.24116455414,1.26794867838,-0.82348263000,-0.62798594537
1.13627314063,-2.17292071858,-0.85567106734,0.13646276005,0.04158042644,0.11220095255,-0.07433986885,0.51215876357,-1.09851727995,-0.25740514376,-1.72984104334,0.03414513572
-0.30680807472,-0.60159591208,-0.67406880107,0.39751878832,0.44126617046,0.12965605057,0.44041504629,0.35017383090,-0.44645085522,-0.37793268284,-1.23325289754,-0.02567299592
-0.16172393041,0.96731927537,0.29846417094,-0.33297034181,-0.13914410789,-0.30533899013,1.85433313812,-0.82090330443,0.97786426007,0.17864968833,0.05838565501,-0.12096855757
0.97332239731,0.94510959091,-0.27941260555,1.49329601493,-0.20291673821,1.22825058460,-0.62090837002,0.14913960787,0.36674822592,-0.94430357462,-0.66578871051,1.03345216948
-0.82834707670,0.00387108958,-0.85543692317,-1.29681394780,0.02069972970,-0.99643473438,1.67734901632,-0.75573315912,0.49347694512,-0.54387124860,1.24313846973,-0.83354003002
-0.18064877607,-0.47778832152,-0.08919716574,0.39299385703,-1.25431328662,-0.98591718321,1.64984924175,-0.11122799517,0.52760909804,1.51794072779,0.02831228796,-0.66272118967
-0.41052597899,1.62617943683,1.06191042154,0.47781067939,-0.88813463745,1.22081021722,1.20494118745,-1.18744324979,1.67251065430,2.70431918960,-0.69248278582,-0.47540296051
0.41219489467,0.39391942212,0.36879925931,-0.41733784602,-0.96043801741,0.76738149868,0.45588591728,-0.63515370389,0.37931899870,0.35992726005,-0.77177610300,-0.63781485900
1.17019994668,-1.01690380175,2.15462212813,0.46146913050,0.82442420805,1.14076097068,0.61467638954,-1.96315793460,-0.36510377294,1.37506872192,-2.10701617921,0.14264189840
-0.55850280715,-0.22979991727,0.41547966196,0.31170623081,-1.40123150903,-0.19789010073,1.26006124126,-1.42115505183,-0.00013443141,0.89473664449,0.54970418562,-1.35987713937
0.86370217681,-0.77965325123,-0.20135532108,-1.35109760324,-0.79789303190,-0.91155267564,1.58324359706,-0.31447481726,-0.08935965071,-0.35172691386,-0.29348360973,-0.61138758351
0.46714567457,-0.69633561944,-0.25693292486,0.57481681727,-1.23899281431,0.56832876742,0.18406617212,-1.37434341589,-0.50138027081,-0.59191894323,0.39640194298,-0.91401633456
0.29629394853,0.92146207916,0.37038570134,0.37681938773,-1.02787743564,0.62435477604,-0.00747364962,-0.37614027612,0.69045206141,0.31871641941,0.00564203342,-0.17775050378
-1.45849876615,1.49906151140,0.06116970797,0.11688220830,0.42793034206,0.61975647446,1.25181466863,-0.85762399495,0.93619611920,0.50685846624,-0.17510782352,-0.35415380909
0.14481867421,0.53430364389,0.38691609023,0.26397642279,-1.01603579590,0.76485563680,0.97279348573,-1.56743119486,0.35375486351,0.05930539261,-0.02861456403,-0.74890074299
-0.76991061806,1.27246421719,-0.76437378460,-0.33885933291,-0.19209017305,0.69392338142,0.53340442098,-0.27374034905,0.45642287320,-0.90079754309,-0.02140047130,-0.42027710315
0.80423526941,0.32455830679,0.52095256123,1.11496993485,-0.65571883196,0.81980672394,0.97796297528,-0.86996578914,0.43594970267,0.63982137406,-1.12633675058,0.17320897246
-0.22371293784,0.92855087116,0.06248746659,0.08644325488,-1.25235003552,1.67061456066,-0.63685142676,-1.50195059002,-0.46358282123,-1.65064433661,0.33395946602,-1.25566688214
0.83628757542,-2.17533170212,-0.57692865713,-1.89775081153,-0.77412581105,-0.25426009096,1.66473987245,-0.62736602244,-0.69932876204,0.35363138297,-1.59136785196,-1.46557298178
-0.70313289253,0.24767822639,-0.06437360058,1.76381554994,-0.46487070987,-0.32177394931,0.34333027635,-0.13849789282,-0.14487991409,-0.31493209623,0.44130058063,-0.03833812397
-0.06562436632,-0.49455590482,-0.59215552643,-0.72016016730,0.27954484435,0.15849476043,2.01285825837,-1.09363480222,-0.33726111924,-0.93134725665,-1.11787592561,-0.67294319225
-0.60065938759,-0.24620701157,0.44277089674,-0.20836035585,1.36615189750,0.25739782183,0.47106595561,-1.28003900658,-0.19427960117,-0.44599330454,-0.07578590383,-0.12308763857
1.32333876499,-0.74198229497,0.04363882144,-0.14590204124,-1.37318410897,-0.52522628646,0.37292416624,0.73927178728,0.10209486225,0.63372228671,-0.88712728891,-0.08660667798
0.05541345374,-0.18284320651,-0.89569828724,0.35162798874,-1.33700169636,1.35477891652,-0.49296489179,-0.63549681654,-0.49829967577,-0.80873642117,-0.28662915264,-1.07545224078
-0.53162386259,2.21660441751,-0.20412101584,-0.72370648686,-1.05290434969,0.37247183800,0.56162630113,0.44722848644,1.32828024844,0.11096587931,0.00685943438,-0.35392890678
0.67603272926,-0.37474428012,0.19125792710,0.72684974920,-0.96557496841,-0.13510194297,1.61317147288,-1.42044868538,0.66663042174,0.97444585656,0.27537417838,-0.28828312181
-0.85791157334,0.68885626734,-0.90385104027,1.04085391334,-0.01454724489,0.98733144811,1.97852134644,-0.55483476918,0.44582575099,0.39478167280,-1.62508481532,-0.25421368480
-0.12190122864,-0.34595600753,-0.74675039029,0.29285401373,-1.00872037845,-0.10563576673,0.26285499098,0.23649522511,0.02627639968,0.19334306179,-0.02215064425,-0.54811661015
-0.28228864208,-0.61814125582,0.39304108136,1.32430157415,0.04482317951,-0.28038037603,0.58192779066,-0.65430043271,-0.28263923216,0.36060875653,-0.08346307506,-0.06034466609
-0.42918718214,0.42193721369,0.45814885503,1.33667158705,1.10125479394,0.28233837064,0.99248880229,-1.59422771246,0.02496143657,-1.09566005442,0.16956933115,0.41137320173
0.05830032758,0.68411848698,-0.30427505667,-0.14943805619,-0.77994345307,0.96301966702,1.50034683309,-1.47350951229,0.69523590514,0.12130639968,-0.33925477310,-0.70338996266
-1.75259685230,0.60235649982,0.18101074773,0.87920785456,0.62250368272,-0.69392880424,-0.16509246110,0.03172559667,0.34258534370,0.31427794966,1.35752304171,-0.00902857603
