0.58859015893,0.32239241427,-0.08063463183,-0.18915806360,0.28137335785,0.01216170038,2.31143173946,-0.86260453463,0.39417740989,-0.69923189614,-1.24343032258,0.18898056273
0.23629553705,0.18926745872,0.13835909596,1.00280480760,-0.85084724709,0.73806994481,2.85341432712,-2.48697797760,0.72215974264,0.92832386462,-0.59688319727,-0.67256459249
0.78845352266,1.74468148304,1.41227436429,-0.67635187808,0.37133591845,1.62069000000,-0.65542540193,-0.11214845306,1.54808806630,1.73764090817,-1.25687672039,0.74425810315
0.21852816638,-0.39808412416,0.53389852401,0.72996134135,-1.82500940222,0.61983322469,1.12100422167,-1.44772865092,-0.18652056775,1.03711791228,-0.70783643801,-1.30298116227
0.59820034136,2.00815525169,0.34356143492,1.07000566639,0.04712081220,0.49185275511,1.84084329600,-1.63366080886,1.37842142890,-1.18091466193,0.41154010306,0.83766863841
-1.41207459291,0.04185805867,-0.23946143278,0.39091507369,0.37953256055,-0.24989478983,1.13042046963,0.10529178407,0.04109124709,0.86684292970,-0.72419064790,-0.39568374457
0.62259065618,0.12155099961,1.24410715687,0.84476367897,0.92559300163,0.21938584064,0.74706245527,-0.70486871112,0.47190312694,0.82785353430,-1.02869530077,0.89722608063
-0.79210736091,-0.27925244589,0.55457295571,0.30895525961,0.01573321617,-0.03710774810,1.80249955878,-1.21449249384,0.31869966709,1.63142587687,-0.68740513396,-0.74291933212
0.00166400297,0.13852653846,0.38579152757,0.96160990458,-0.41214529483,-0.00918907204,0.59892058472,-1.20943132535,-0.03241208883,-0.48380614793,0.63839821421,-0.18912242816
-0.39971958596,1.41834991545,0.67442616650,0.56763712791,0.16681852231,1.07834638186,-0.68648552287,-0.86195209324,0.48695020891,-0.46599632460,0.46674799785,0.13205795615
1.20699954601,0.93467228109,-0.14565066761,0.84562018950,-1.36817500664,2.83991470740,-0.13949780715,-1.49457368294,0.42578900229,-0.24421564944,-1.43556833486,-0.35547125405
-0.07816640377,1.13271518922,-0.51898655183,1.07857782508,-0.94426179701,0.39050040895,1.15768482946,-0.14783238616,0.88952151867,0.19644648701,-0.28127922852,0.06089647545
0.87313112408,0.23604319063,-0.20071911551,0.26741017298,-0.80488173709,0.17592056811,1.65206353092,-0.50178981898,0.47566783426,-0.11555038891,-0.99395810658,-0.01931208264
0.73829884923,0.33449460228,-0.68841158275,1.84780804345,-0.21105548407,0.61917934584,2.25242223158,-1.78738507372,0.23957433996,-1.52418746136,-0.45039177988,0.36631575315
1.25013782345,-2.09516225531,-0.50711475242,0.10503935664,-0.04213297160,0.66301788361,-1.18168772782,-0.44961237693,-1.25294579099,-1.13573882500,-0.53961446562,-0.29905732516
-1.37429961960,1.86323886870,-0.74332356006,-1.20767453901,0.32046109662,0.51010648628,0.81365100541,0.26685219162,1.03925904554,-0.19536710276,-0.28432548050,-0.36938759362
-0.00173884373,-0.21012252737,0.18373841579,1.61179727884,-1.19753726291,-0.12355722891,0.48013746539,-0.90486947126,-0.08285338096,0.16797527881,0.66678190339,-0.41703838376
-1.82967067780,1.34596667397,0.03399073635,0.03170657527,1.42890675175,0.20746586313,1.10665157253,0.26985535918,0.75000060711,0.81685123342,-1.01336781736,0.22262846612
-0.63047795614,0.34525488600,-0.35215507327,-0.74852777705,0.19575338851,0.24504826786,1.43967306621,-1.40896390403,-0.23179970449,-1.46541416706,0.00095118665,-0.85049065661
-0.45088857406,0.15269712593,0.53547685852,-1.15680878315,0.69328581434,-0.65539751014,1.09993494577,-0.25494754805,-0.00578687064,-0.37762144977,-0.46585177589,-0.27225516349
-0.15377986556,0.75014933426,0.36531126394,0.60856958008,-1.83357573775,-0.58387964036,0.81741599665,-0.06747892478,0.83928750190,1.21241297151,0.71799436990,-0.55056254375
1.00877110262,0.68251229150,-0.00406708204,1.03451714687,-0.10942233997,1.70412745766,-1.49384064178,-0.04643265201,0.00297847376,-0.99124037147,-0.67780296636,0.76616434571
-0.48793542508,0.32867659793,-0.11579827736,-0.29718132284,0.45090035994,-0.15104907465,2.51177588771,-0.18647317404,0.89860574798,1.49778729098,-1.63230496771,-0.06532934768
1.07352925134,0.50544342132,2.61558798513,0.94918507134,-0.18902177904,-0.23364680646,0.69877317392,-0.56643812528,0.93442220436,2.46301620271,-0.88664567170,0.75871192594
0.41582741768,-0.77900550094,-0.26033069372,0.44749219718,-1.36265598247,1.18178764863,0.73736819600,-2.77346770697,-0.53799529548,-0.90866259730,0.54714675565,-1.55674172801
-0.41407176414,0.45531007211,-0.48651169631,0.47374077670,-0.68177597763,0.35873697845,1.21910456687,0.30243304097,0.38500574642,0.82008435891,-1.37796191983,-0.33234294797
-0.44761189099,1.55730088114,-0.14697937209,-0.10791306173,-0.11221974538,0.78639512006,0.03500481038,-0.67692068389,0.59879615030,-1.09509806314,0.57119352306,-0.12010525723
-0.15934067529,-0.07973648957,0.73789138586,0.65999717882,1.43517046703,1.98606757771,-0.31557430043,-1.89418248376,-0.71049089843,-0.85409429093,-1.34433102629,-0.01923950465
0.31341783783,1.43590793898,0.06912576202,-0.22440574849,-0.92451660091,1.53938185214,0.34608241613,-0.30759309013,1.34169890007,1.25195255250,-1.06732163396,-0.21805491342
-0.61798485580,0.02947484281,-0.48287438275,1.06255231292,0.46654083930,0.39220069803,1.77612682320,-1.00100493068,-0.05789912078,-0.33860892478,-0.95236255817,-0.11893065080
-0.45736525336,1.78127997653,-0.87892850779,-1.73430553871,-1.25915704836,1.62615980116,0.65607192127,-1.27718549251,0.82613300989,-1.02441376986,0.20167189247,-1.49373839441
-1.32482792884,0.05232261511,0.46242100546,0.30064762738,0.56399479325,-0.18793238293,1.16158224098,-1.48178446540,0.16666593843,0.53346581378,0.59765505593,-0.62769749595
-0.68326648572,1.42663030109,-0.27796665249,1.40605065616,0.64370147201,0.45429082044,0.51823700375,0.33516485126,0.54083599437,-0.52809575588,-0.64355784536,0.84886386588
-0.22922360029,0.11341121839,0.48912790397,0.65810960793,0.82876839334,0.71324386654,0.61272809164,-1.13726692622,-0.05866742633,-0.21148527905,-0.78406107475,0.11320864043
-0.36797748676,1.21963881473,0.07500699001,0.70785893271,-0.86185995781,-0.28014204762,1.85797875949,-0.32288526629,1.00130109202,0.60796985214,-0.13880919981,-0.11764252103
0.03739219654,0.54029211895,0.10102650264,-1.09526315212,0.01463793998,1.78370375001,0.90206273075,-3.60959328914,-0.09856247087,-2.30021596268,0.72698384322,-1.42880052888
-1.24632270343,1.17424413486,-0.90695982456,1.12226622414,0.09797221362,0.83393291989,1.42911723120,-1.31770403184,0.17746732032,-1.27794000231,0.12999362801,-0.38239181406
-0.76404806993,0.72646904461,0.33850367789,0.46422050771,0.67176974660,0.56336475800,1.51103170575,-1.67884114982,0.36734821216,-0.11552533716,-0.18491787434,-0.18110155961
0.39484446118,0.71236912306,0.65620019649,-0.02194034050,-1.40283760213,0.21615152313,-0.20805290011,0.40479170819,0.91622260252,1.64614191375,-0.27745961593,-0.24569639626
1.43419033252,0.82635741318,-1.62573524575,0.20277273338,-1.44240975755,0.11386680086,1.69944507102,-0.22118074742,0.95499019869,-1.72444439728,0.08538338069,0.22148589070
1.09930287743,-0.16110503422,-1.10798849800,0.05154991310,-1.42934411497,1.25458816398,2.00301861471,-4.09809034343,0.24418523862,-2.34300816103,1.80693238628,-1.40923269781
-0.17014809586,-0.21563449045,0.71460156540,0.72345513732,-0.24595512956,0.80808561008,-0.15370218909,-0.40858924247,0.15020822774,1.85956146512,-0.96178083200,-0.27819527493
1.83431504360,-0.58658763107,-0.63390996422,0.96397132862,-2.95409322120,-0.68002344311,1.61010689294,0.34567353422,-0.36415475876,-0.80245872183,-0.95938164749,-0.50494194820
0.51472729851,-1.32092716228,1.03990586301,-0.27767593646,2.05524331486,1.37734367581,0.25583620202,-2.05182674229,-0.82236013249,-0.33764991111,-1.87166409575,0.01058878214
0.95373443610,-0.20752791887,-0.59967415089,1.08069569837,-1.83341104360,1.36728735935,1.16922431289,-2.25955609244,0.72064031441,0.65226976892,0.33184425582,-0.85623469512
-0.58274629030,0.20526435822,-0.89175250011,0.18517826682,0.50808007884,-0.71177842143,2.10197220844,-0.13070888190,0.46555898456,-0.38699431672,-0.24366055423,0.13084482919
-0.57852288506,0.86164134380,-1.09288790876,-0.03570359251,-0.74597928786,1.21568860255,0.20778662430,-0.31513191576,0.53772156376,-0.09519049060,-0.21524446610,-0.67203520739
0.08769063919,-1.64969642819,-0.31440473711,1.30464215041,0.16952353334,0.14854704657,1.56739736553,-2.47074526756,-0.55666775274,-0.24802704788,0.34804017520,-0.60878224783
0.18995253913,0.87958679088,-1.90744078829,0.00381514444,-1.55710378533,0.90081493889,1.66725879698,0.72987730692,0.80330547368,0.25661637633,-1.75746896809,-0.44092886968
0.33679108428,0.33575288267,0.06555934930,1.19970144319,0.32883651651,0.23636191513,1.53884848548,-1.24884333096,0.64059440930,-0.12957806739,-0.17809992170,0.51751738753
0.34229953730,0.90713732845,0.26010726112,-0.57592215904,-1.09270057426,0.83550924272,1.95345024000,-1.31566465852,1.21211979492,1.27847556747,-0.87857386461,-0.74364753982
-1.10418788016,0.98202820261,0.10141316635,0.62572420571,0.72041650015,0.47638983418,0.24600679819,-0.57693783035,0.28262639063,-0.45812421133,0.10498240600,0.06333053935
-0.34297730949,0.42777704442,0.42843980906,0.30105140999,-0.51221245429,1.61889759216,0.69882153556,-1.95793759123,0.27076430376,0.78803493151,-0.60644307579,-0.96517228204
-0.56615680066,2.63804541738,0.95010485797,-1.41869462725,-0.20815107800,0.95518798436,-0.58766218653,-0.27831382724,1.48912120808,0.32394507696,0.54640850636,-0.21769430780
-0.68627745904,0.39677545475,0.53772492637,-0.80630702077,-0.60836457519,-1.08342767679,0.85096105879,0.58490008575,0.34234933750,0.98502244704,-0.07775105048,-0.57936004723
0.69614727914,0.03185705590,1.59122281583,0.43097997085,-0.60120204669,0.01330034672,-0.19110025430,-0.16460844295,0.17155582279,1.32807298460,-0.63028516924,0.09001049211
-0.35895961733,1.17864879096,-0.25562859844,2.73720875299,0.21670121738,1.31904582547,1.59583564760,-1.90140926405,0.65029752511,-0.52464676614,-0.27395574074,0.49045511711
0.07909147725,1.65454554275,0.36236774856,1.31590828260,-0.94407528435,0.97218994481,-0.74930962709,0.24976507316,0.60117200463,-0.13690317909,-0.14457834002,0.36688662494
0.58094164534,0.48397695633,0.57716116616,0.38213104746,-0.34029233445,0.39227591456,-0.02345487831,0.89741060122,0.61994036250,1.48219627969,-1.58523999861,0.53832231405
1.61291570562,0.39083707459,-0.41873620331,-0.66300214782,0.77797212622,0.87008061276,1.10043881325,-0.34205634089,0.73002302411,-0.94854660065,-1.63311613561,0.96605807791
0.86436904680,0.99068879559,1.05125996193,1.21649853735,-0.41330637771,1.42360045836,1.18967769948,-1.48439586567,0.96019675039,1.02035118355,-1.38806846870,0.31110309795
0.93219229185,0.64962226863,0.99163207424,0.21094257779,0.45177715588,0.27897209412,-0.20927584169,0.23445551954,0.16709777691,-0.62409781397,-1.08736491394,0.91398051327
-0.10254748256,-0.61083986536,-1.91018627860,0.15116804470,-0.21924241621,0.90457839670,1.16786165504,-0.57167200219,-0.25089729110,-0.75101888592,-0.94463602934,-0.61484965997
-1.77000965986,0.40762972458,-0.52168716179,-0.83031185716,0.35283303699,1.96250594731,0.85859915869,-1.13488061800,-0.08466559791,0.80376354442,-1.84758661802,-1.55250972621
0.08945775578,0.31104467338,0.54908650437,-0.29405174576,-0.07206682760,1.56297234663,-0.14151042235,-1.55417840061,0.48773918358,0.73327140483,-0.36379926028,-0.58247306111
0.92036178389,0.94877086868,0.24984980069,0.06174084976,-0.74983014441,-0.66367963284,1.08619306587,0.66545317431,0.98980000436,0.05924696995,-0.43731316810,0.62050548409
0.45875228333,-0.69996538865,0.56848592434,-0.60683343612,-0.37887823955,-1.42859482782,1.74062860423,-1.44044749150,0.13879945263,-0.24438122329,1.23958961877,-0.52577813692
0.26491403847,0.55778535585,0.61990390736,0.68562128045,0.57639123722,0.30632743324,1.67917659121,-1.77137546421,0.53213509935,-0.42641259255,-0.17481225842,0.33560141163
-0.27374405578,-0.37877952734,-0.36007377043,0.73249272322,-0.40541337776,-0.45502753491,-0.46695671546,1.71604742461,-0.36777244364,0.56807829157,-0.98755119289,0.16949307638
-0.61230008855,1.32403103208,0.70402707073,-2.74665229075,-0.72263603831,0.00605867268,0.76357367319,-2.05715481376,0.76471729319,-0.82634243105,1.95754347370,-1.71221795074
-1.19165834548,0.46570416447,-1.04396097300,1.10453404513,0.70671350619,-0.39640615604,0.75380719247,0.56465090896,-0.17478277018,-1.20694815873,-0.15583410204,0.34881875403
-0.94296758673,0.07831700532,-0.52048813309,0.76174102662,0.91160573319,0.99699644870,0.56346217434,-0.98749497612,-0.43513215225,-0.97780483950,-0.78573866697,-0.23786359846
0.19456038996,0.64432948976,0.97738818625,1.43763982900,0.68819314160,0.59471669337,1.18226869765,-1.92355852610,0.60942995044,0.04483798659,-0.00131316009,0.57312965287
-0.06152807380,-0.79266255944,0.39934669149,-0.27430031070,-0.20406213135,0.56455111878,0.46849256929,-0.78842903425,-0.16820905711,1.20514792414,-1.09061874320,-0.80894476616
-0.78216693285,0.52149019213,0.02444689493,0.46670384867,0.60027510195,0.91501372421,0.95403187647,-1.38530418872,0.36785264751,0.19794907034,-0.33562103352,-0.24274523354
-0.14894213240,0.97860848280,-1.76723425872,0.60841636581,-0.25737051121,0.32139968697,0.98261465649,1.00762205182,0.52393218641,-1.00584401937,-0.90741711937,0.44051441321
-0.03893365488,-0.41780751282,-1.34597896677,2.12465057350,-2.89786447567,-0.74544027670,1.99270956703,-0.21372551710,-0.08483678766,0.11980862243,0.35128392438,-1.05583940744
-1.22741787472,0.44439567502,0.40870206470,0.23166682039,1.58532029212,0.88370287346,0.39174741648,-1.25541524702,0.05212567661,-0.00556008405,-0.42385095127,-0.04698017104
0.90337987835,1.64259456751,0.59941036815,0.09169384279,0.36035028919,1.52251623867,-0.17170370263,-1.66933100355,0.89197394298,-1.60232811161,0.36310590192,0.58142287866
-1.77984483203,1.66930095829,-0.06332157678,0.39224601928,-0.40389739263,1.05505163889,1.40034930961,-1.02069148924,1.04514396167,1.37925794826,-0.34715352591,-0.90567180665
0.47732742800,-0.65457722680,0.39395285655,0.58449365551,-0.25570206386,-0.02972083060,1.48138472673,-0.98266067130,0.24880955190,1.05311691343,-0.79422217926,-0.15925043635
-1.77315484497,0.88761329453,-0.11869044825,-0.37948182152,-1.15929627044,-0.04441397360,-0.78305640039,0.17993458473,0.15330442539,0.25610736008,1.29647690135,-1.39337991909
2.42915754700,-0.10075434319,0.25585298525,0.52500550278,-1.19092808666,-0.12035125677,1.34945298257,0.69017168430,0.67578768812,0.70679017533,-2.07316654877,0.91849175926
-0.96355366253,0.37065746455,-1.60393859029,0.65402115515,0.15634763416,0.40147744357,1.19662953559,-0.37232188371,0.24579068348,-0.78383859871,-0.06069844006,-0.25841759005
-1.27397534085,0.65555164806,0.31584224847,0.67626559417,-0.00492610733,-0.47767322486,0.32014373410,0.55437968360,0.38116771105,0.97062143508,-0.06579124447,-0.10331118853
0.85486303158,1.40488098340,0.14337715896,-0.06970343156,-0.26614386625,-0.47135794100,-0.02398102736,0.76585197985,0.73726660153,-1.46763494638,0.35769376321,0.93887588303
-0.93469966218,0.47255473376,0.22289495179,1.06483962983,-0.25708382114,1.15833088406,0.40337230038,-1.35893564245,0.10207767124,0.59984845443,-0.24210799022,-0.66616186004
1.07885540736,0.00233295404,0.98490009744,0.51199265098,-1.02447062621,0.85799398911,1.08929186995,-2.43790207104,-0.11817835891,-0.65435957918,-0.17728691669,-0.65886398902
-1.43066535655,0.15718362631,0.05534287827,1.35315895956,1.52338459542,-0.57173886359,1.49340749990,-0.24845258282,-0.01718867499,0.06908925429,-0.52629079105,0.48047877755
-0.02854769054,2.27648071932,1.06842136801,1.99404760423,-0.67624207951,0.25359655606,0.69072647449,-0.31800859873,1.55673750939,0.90355205166,0.33302609735,0.85702168848
-0.56888820502,-0.65698287176,-0.28438911515,-0.53098176452,-1.47560337083,-0.18759580445,0.25683634574,-0.89424678478,-0.43478162814,-0.00820219709,0.92235743899,-1.72044202151
0.31223012557,0.20360535354,0.35486803439,1.48726079578,0.07985685758,0.79149125894,0.90217465969,-1.39795922649,-0.11775648834,-0.68895725385,-0.68391819996,0.19571106571
-0.42717545193,0.20417671572,0.64861518078,0.49667171512,0.00928263628,0.34126372738,-1.08183885795,0.01182649397,-0.43629706418,-0.40277902326,-0.03602962706,-0.15467094483
-0.30120733952,-0.54191454467,0.02065772344,1.33218643402,-1.56156673726,0.56298067158,-0.05986970970,-0.92353017470,-0.86312187368,-0.10567944176,-0.03374888023,-1.17110870534
-0.15621240035,0.77655744284,-0.35407143656,0.35507051471,-0.60853527821,0.11721894673,0.73012328677,0.08191047682,0.09250090192,-0.83686284150,-0.44120739166,-0.14672176202
-1.12165994836,-0.45532116261,-0.11544913712,-1.42569077889,-0.07861349971,0.04089332370,1.13609477277,-0.95978021687,-0.67210518418,-0.32655864537,-0.56426949909,-1.63812386466
-0.84787400486,0.78414119087,-0.51781819582,0.10361818688,-0.05262613685,1.09880993672,-0.03782964422,-0.45501630575,-0.02396550158,-0.67735592822,-0.35304922307,-0.51798620740
0.63596369670,-0.03253314627,1.12394384024,-0.50243909879,-0.89185281223,0.71053126243,0.14788589186,-0.39898942477,0.26261365973,1.58399234913,-1.39727756236,-0.59329835655
-0.08907813544,-0.13522075310,0.00649655069,0.13673377576,-0.78680749594,0.18951039751,0.97189563930,-0.23372528576,0.53268123253,1.67670431386,-0.75752586472,-0.53058848643
-0.44912434673,1.76254092062,-0.85424795253,-0.57559021482,-0.68268157278,0.59203750699,1.68624153782,0.29938850607,1.27884553481,0.37630507949,-1.06787012432,-0.26334481826
-0.83853892603,-0.31480577030,-0.80308446527,2.91583103226,-0.57104890922,0.10493152758,2.09654878216,-0.67067657086,-0.29846875366,0.28479443148,-1.02616015993,-0.22909802511
-0.08494805851,1.24719415801,-0.16564476383,0.12925383581,-0.25641239761,0.97049874702,1.62607845299,-1.11103596394,0.99694839589,0.13357770242,-0.72028579283,-0.17230755926
0.42011382940,0.90116530521,-1.45244549461,0.14387395558,-0.67366610598,0.00872497157,1.94205826208,-0.18447246268,0.50697233753,-1.84879840084,-0.33858156260,0.04772077043
-0.44904226460,0.35095289901,0.91449549008,1.72887057826,0.57860105158,1.21922727544,-1.25375887099,-0.16304821840,-0.27981333042,0.50445300825,-0.89235644542,0.45002832841
0.26277583803,0.70541816676,0.09108349733,-0.64756271978,0.38796427310,0.61806748299,0.61086481468,-1.00830941174,0.57294033133,-0.77796632951,-0.09331687147,0.01592544848
-0.96755008091,0.72622760184,0.84581660595,-0.86711474481,-0.28723476877,-0.21645897169,0.52679639775,-1.02956860844,0.55202224136,0.55290977459,0.90968960222,-0.97007617447
-0.74225729402,-0.47128516132,0.62978525581,0.78769924258,0.20755813863,-0.79078225209,0.85198375104,-0.12539790172,-0.11744405089,1.05372800033,-0.29455768392,-0.16406874523
1.33354628844,0.14048364930,-0.95199946707,-0.78585022817,-1.73468908961,0.22697926398,2.86385241345,-0.17087576924,1.31476863077,1.28927676228,-1.82803062030,-0.51918614520
0.83112623242,-0.06584594402,0.21927951107,0.33190301955,-0.48481937968,-0.52306271910,0.43021596632,-0.44886952880,-0.01989639680,-1.18555235236,0.47661050212,0.15633971043
0.56427981486,1.66573890113,-0.26646051935,-0.20705261165,-0.07903544407,1.11694402011,1.95731406321,-0.32997674693,1.02770307751,-0.43597358905,-2.06882914271,0.36433173982
-0.02639858674,1.01559117711,-0.03024984266,0.54285352965,-0.93808838445,-0.52528361559,1.12794112040,-0.72874985077,0.68732330424,-0.61888198406,1.26822798567,-0.09559321254
-0.04011791679,0.00096317131,1.93265976373,-0.51995620849,0.89744166156,-1.86751442988,1.53444298382,-0.10058297361,0.35929586012,1.06685360497,-0.16051166109,0.44229000755
-0.76488137343,0.88062176439,0.00625330686,0.84413446120,0.61225784006,-0.06351447138,0.78421927921,0.07579889969,0.62108015314,0.20714752888,-0.26799091123,0.48085701908
0.33206327410,0.40736396103,1.17274566061,0.12997457185,-0.34197214871,0.13375436111,-0.07640216616,-1.31929603409,0.12231048548,-0.47045010191,0.80272793511,-0.23889984137
-0.75401386451,-0.62661816257,-1.25443835365,0.92485698104,-0.26099628822,-0.51507499215,2.14518758954,-0.41139305850,0.00995818847,0.19972553163,-0.35611224774,-0.50288611289
-0.24545033332,0.32234915981,-0.75400979228,0.72209376006,0.20261673688,1.14309570430,1.68617930340,-2.26813759004,-0.59735217204,-2.46868507022,-0.36317882284,-0.57707141619
0.40784669373,0.45080700910,0.26451862373,0.29549950607,0.10685006137,0.68739490064,0.56972077960,0.33892150599,0.12295364581,0.18320047924,-2.05678528775,0.37615444570
0.51045161366,0.63008575331,1.61333177747,-0.53225561303,-0.22564803927,0.59248773283,-1.21507911331,-0.23233545317,0.28710838382,0.47054069675,-0.22614136145,-0.04970376305
-0.25676973618,0.06972843143,-0.02149418921,-0.98612157968,0.33431401899,-0.60478072457,1.54068788729,0.37072294852,0.13112735687,0.08683006020,-1.26774244483,-0.18215994688
-0.87634534367,0.29811647610,0.63928208353,-0.56102112772,1.66045955638,0.48653424735,1.96178562545,-2.00322648077,0.61909208495,0.68398341874,-0.59826776078,-0.22469397556
-0.41703574937,-0.72560123363,1.03106449185,-0.09448317749,0.23954994783,-0.33431668579,0.42020320674,-0.96746034252,-0.27846965584,0.91110666982,0.00541386471,-0.59073537580
0.20244220367,1.49645428378,0.51490884920,1.01456298031,-1.17879048069,0.26582921573,0.94808556770,0.38416953074,1.15491267391,1.26694587458,-0.93181577553,0.27430671835
0.91079513833,-0.62778964281,-0.26886964523,0.99231386224,0.44193881937,1.10885064885,1.35407699323,-1.37224905024,-0.49480612937,-0.99085977451,-1.85253536790,0.20826997877
-0.33253965629,0.14062830164,-0.54088113827,2.65899781171,-0.40518248535,0.37850271325,0.77869912824,-0.52326703199,-0.10506506678,-0.32153504012,-0.22942647687,0.27060090291
0.08148378322,0.82559276085,1.37467254704,-0.47984651885,0.86511620101,0.65633917405,0.19180663821,-1.12033039349,0.40976343678,0.08211306363,-0.43607182975,0.20063439653
1.92839101545,-0.36530020363,-0.16551235685,-1.56702942316,-0.95232410482,0.48947204635,1.11827109773,-0.21418069409,0.09032122136,-0.72365549384,-1.92625065637,-0.38375837510
-0.53180174454,-0.37343615646,0.18875144611,0.44184924086,0.13583409848,0.03000645839,1.36161554967,-1.25557076629,0.07270097127,0.39982943974,-0.30431834527,-0.56878992330
-0.85922625110,0.96605316025,0.26345467096,0.93492071495,0.87925108691,-1.36103951799,1.95679601316,-0.50816047392,0.71190029341,-0.55871500156,0.96063726658,0.66610956070
0.13729469466,0.30726235741,-0.77645741234,0.22343977571,-0.11602150527,1.09912929496,0.14674392925,-0.03409366808,0.09917631338,-0.38227884335,-1.07068313994,-0.00212113276
-0.28688406111,-0.49290232539,0.46241154489,0.99877525347,-0.06739835123,-0.01406623072,0.34528415855,-0.44413600644,-0.22410892444,0.77642255926,-0.41208940684,-0.16667241985
0.19677837263,-0.05592350299,0.10120453580,2.68671253096,0.43782734250,0.85457079205,0.75270333066,-0.61156552861,-0.18488383173,0.01743596821,-1.46423369263,0.82255036798
0.21892600552,1.15431537702,-0.69715451360,-0.49673452885,0.49533933169,0.40118766890,0.90362202600,-0.22546323379,0.64949262553,-1.60115015101,-0.28955437897,0.43925791751
0.65424938147,-0.57758997836,-0.25024589029,0.99137231821,-1.59735482750,0.45363821652,1.72391775854,-1.19413132654,-0.04064043415,0.51895235782,-0.96451915124,-0.80804295451
-0.52542689069,0.60966900634,0.99072526108,0.80139970609,-0.60348363375,-0.27971097878,1.02744215203,-0.54365654326,0.83917268478,1.90842786707,0.06617580374,-0.25242854544
-0.47239970852,0.51649620335,-0.07811744256,-0.97186981630,-0.20770848717,-0.30256660329,0.83264676587,0.78080177318,0.37921235447,0.54327320771,-1.03968729118,-0.35124086810
0.42555781031,1.15251166683,-0.44283394796,-0.17376994987,-0.24936037029,0.33227046631,1.36768568555,-1.12206368821,0.81505243563,-1.39495019070,0.42609981181,0.07884786468
-1.17276221844,0.09104543193,-1.05753884873,0.23614175172,-0.32028570466,0.41585077464,-0.08169032771,0.97060630872,-0.14530728913,0.53961929382,-0.90409369113,-0.53476755995
-0.04396865515,-0.48625738686,0.54274158057,0.03627908491,0.20979281299,0.20017194799,1.10437434772,-0.86867797926,0.14099179215,1.12697453786,-0.99961434496,-0.33491610654
-0.77674081601,0.69199157020,-0.08266119660,0.23623132115,-0.19735288037,-0.04868776475,1.02409293881,-0.12254736952,0.63593903631,0.69323603860,-0.21327784235,-0.25349049666
-0.04344781031,-0.00230745033,0.97546865590,-0.90912044260,0.60372512202,0.09156885600,-0.57458890227,-0.09526859699,0.01916716725,0.44465490533,-0.31407165737,-0.05615581014
-0.68973210454,1.08890784319,0.31123228612,1.29125227504,-0.99434273812,-0.48892213032,1.58727511733,0.22200106251,0.96912883157,1.53419120145,-0.34567875832,-0.06334016578
-0.35199511196,0.45866372023,0.44111986250,1.33774553629,-0.61293434537,-0.48422042264,0.08046625985,-0.79682397799,0.47426864422,0.17172948369,1.76727587865,-0.00196820688
0.29750501788,-0.21566842807,-0.96490760753,1.53422871867,-1.09499492817,0.97874690672,1.72533748543,-1.13796212067,-0.02283652115,-0.11649733760,-1.16841733481,-0.50524386568
-0.30164725645,0.48500452128,-0.74046813172,0.82068774480,0.03150621658,1.33923603870,1.42594936450,-1.80732552856,0.16555709435,-0.88381135695,-0.49589128530,-0.40777231658
-0.09894961776,1.13710167508,-0.04137324840,0.19966012791,0.45891473207,1.25528418879,-0.47362790417,-0.25301865888,0.74565158703,-0.06375579019,-0.33981021615,0.42434908033
-0.14409230759,0.27062310225,-0.41971609251,1.78119374063,-1.48300049945,-1.49920696942,1.61308493453,0.40375077934,0.62932689556,0.37527089383,0.82289478134,0.06528887089
0.03060174249,0.77498162098,1.02728674528,-0.07415253528,-0.76491523021,-0.30510234433,0.99583276661,-0.89657213706,0.74855252156,0.72652670788,0.45389611577,-0.36443841046
-0.52779857483,0.47107025474,0.13499858300,-0.65162399919,1.76690857909,-0.06252686460,0.35656816530,0.23157364732,-0.00281057669,-0.93505430427,-0.83954883201,0.58618977849
-0.83616022101,0.68595508352,0.45147589230,0.41324416928,-0.14160529303,-0.22685800093,-0.46476670676,0.83253634383,0.36525161195,0.98509596987,-0.04733798587,0.04862808892
-1.33293572433,1.10678461257,0.23223175055,-0.00225495692,1.18461745642,0.19172632840,0.84633653239,-0.04399643746,0.48146452825,0.19845196948,-0.74128505239,0.17462312813
1.04188124341,0.82999437024,-0.64775335325,0.97002861473,0.01069149908,0.77010713529,1.67111590879,-0.07138207938,0.98579330568,-0.02023701482,-1.63571638096,1.00941198629
0.61364532506,0.14887607907,0.89826727143,1.10171758744,-0.70081053147,-0.90370016422,1.32247151936,-1.40832183496,0.56231462764,0.00980863702,1.32023703757,0.14549127738
-1.06030999971,0.02857736439,-0.41284317741,1.04159783478,0.28447895090,0.58375556817,1.19832925402,-0.50211730720,0.00497972494,0.68909196812,-1.13718021707,-0.32752701092
0.27284482518,-0.27573127481,0.77258913601,0.14910543942,-0.03647984334,-0.65188860498,1.07264636860,0.49305729081,0.00974928096,0.96029267407,-1.50424751176,0.18030129944
0.90170220454,-1.15048269370,1.02000734027,1.58794245164,0.37481990544,0.92673753692,0.10017922473,-1.12335122457,-0.95717407997,-0.01707107435,-1.83975116660,0.24026848754
-0.02530667876,0.11223925371,0.00885002296,-1.07026295586,-0.97709846827,-0.18300634115,-0.38790011209,0.75780385494,0.09180098047,0.29103729401,-0.25601981634,-0.69056722003
0.96241030623,-1.22746532663,-0.36309064349,0.42947082591,-2.37237251531,1.58934901656,-0.48637749114,-2.08661848656,-1.43307027984,-1.42299299685,0.01214215918,-1.94898511031
0.48446522024,-0.64640810368,1.49441499359,-0.01085643584,-0.10046032935,0.78125553066,0.00384348052,-2.36111568129,-0.26136565403,0.30889565672,0.19235937050,-0.78234996941
0.46203365440,0.13654453032,0.84482883566,0.00630650533,-0.20337684329,-0.90250759490,0.65177081647,-0.51792991546,0.19599031239,-0.47473871322,0.66040970828,0.13717640901
0.01947632417,0.98257737829,0.27672121647,0.43638153634,-0.13024903820,0.72825819115,0.00939748714,0.97086469793,0.78944383986,1.48265434473,-1.66567688446,0.51016109091
0.67498156465,0.42037713674,0.16569378406,1.14672693309,-0.91236761089,0.01855040058,1.77106248065,-0.10590685931,0.70797787759,0.96790566272,-1.29276516869,0.28924627337
-0.60580905527,0.59783498384,1.17122286924,0.11847391063,0.16386422270,0.60454586079,-0.87200443440,-0.26386201503,0.31117396194,1.19483392434,-0.11418075869,-0.18063817121
0.05699511867,-0.38851732355,-0.33265712863,0.04936492509,-0.16891826709,0.00767780531,0.99539701032,-0.19156647977,-0.04216663717,0.08006178967,-0.87280592413,-0.27343169778
-1.46013099374,0.63524673593,1.24318492257,0.31506993175,0.87420489332,0.55245935522,0.65163272339,-0.62020304054,0.39984334617,1.99334552624,-1.14444153729,-0.32457279954
0.60280596217,0.00186876215,1.06887660446,-0.13491927719,-0.61376925726,0.16379816298,-0.60901696519,0.46357611086,0.16715750216,1.09879074285,-0.93672240445,-0.04434463545
0.16022084298,0.21917539261,1.01956049407,0.97697224477,0.23382477314,-0.55619502039,0.33280473538,-0.09826136865,0.09938656502,-0.01787016962,-0.13353662142,0.55233802738
0.66290254843,0.24741690476,-0.39804851007,0.67711573436,-0.27545167943,1.06734637162,0.78274685500,-0.54094558405,0.53775293831,0.25715320327,-1.16452835422,0.22077423637
0.11133156648,0.76642692539,1.18220488773,0.05518555085,0.67555012100,0.09284052342,-0.31980988975,-0.57957538444,0.58668480536,0.02001406219,0.42906333976,0.51975549673
0.68049924218,0.02729853671,0.99469955396,-0.18369622872,-0.88356489158,0.07088375547,0.01650048798,-0.62267974001,0.07030666504,0.21390300654,-0.07165742819,-0.39736490463
-2.09882733236,1.01462817237,0.03296823434,0.66523589235,0.61937362489,-0.30151155407,0.88537471504,0.33043723671,0.54287399005,1.08889494196,-0.19924095700,-0.16075909453
0.46461965358,-0.16325037333,-0.07731622765,1.01459928892,-1.27429657485,-0.76504213294,2.64109880248,-1.70157533738,0.73765359339,0.49336951563,0.83158283144,-0.42325686393
-0.61785996776,0.16354033508,0.07928656978,-0.41107612249,0.24530368717,-0.26445107290,1.74277802262,-1.33280137723,-0.05571651268,-0.71109413538,0.05667945663,-0.64203833110
-0.60963873565,-0.27509349609,0.23772821369,2.29417421869,-0.88281037472,-0.22389498952,-0.54842545721,0.13959198195,-0.61505402426,0.12130661965,0.33809585762,-0.17270183259
-1.28893160829,0.81752366019,0.47534191474,0.76996789143,1.32598916927,-0.43661308527,0.67018571162,-0.14354828992,0.23891511811,-0.26629957708,0.05372553904,0.48509635947
0.24828810038,1.54788429940,0.24354828187,-0.80336116944,-0.57457134831,0.34181999944,1.47283757459,-0.97574890307,1.72531259812,0.78644348399,0.32447158829,-0.14115355487
-1.56102284849,0.81544381482,0.12648688532,-0.41563982572,1.04083758491,1.15113257718,0.06716040352,-1.00931104725,0.01722404790,-0.22220608536,-0.38807990677,-0.61610649400
-0.07138051945,0.73145730297,-0.02671568490,-1.30265410403,-0.62104030397,0.27836794444,0.79395628887,-0.45837773086,0.67199241321,0.06579235482,-0.18407703851,-0.73418290261
0.41811518268,-1.17767609534,-0.59090806234,1.26499059576,-1.20727822823,0.83313269992,1.86006012154,-2.29741877496,-0.38946256515,0.16398549791,-0.48724135363,-1.12521974832
-0.12155719181,0.16825865274,1.10195740840,0.93189849307,-0.87489925893,-0.41151604934,-0.80958396081,-0.06815555752,-0.48270344974,-0.41619425323,0.63680462932,-0.28487867023
-0.45342219731,0.48292839852,0.44226503929,0.10396716699,0.90725878933,0.17853437079,0.33350086986,-0.80950205420,-0.27191205557,-1.28641244414,-0.05897405635,0.11081810825
-1.60111856887,1.41248208883,0.32067717181,2.30800629640,0.58153954185,0.41023667454,0.65665616476,-0.14007766760,0.70770249536,1.01500305330,-0.29074947854,0.52508219977
-0.28117855688,0.46767541842,0.79689878796,0.14276229104,1.25319781728,0.78153089150,0.56270026547,-0.63561435202,0.66846979448,1.17956000293,-1.20817527946,0.43631913599
0.19913015721,1.58681748714,0.91057870908,1.24830358546,-0.78753728389,0.65062473041,0.41349490983,-0.23591894556,1.32265837221,1.50212323556,-0.34773823370,0.44859918669
1.55763172122,0.45884024583,0.40913973742,0.53997391608,0.85410199885,2.64331120161,0.86783005214,-2.63721401886,0.32862880365,-1.15784468895,-1.82516122920,0.48467751159
0.16269963431,-0.37186325378,0.40064955118,0.01386266748,-0.52823140451,-0.68246505580,1.68583511967,-0.36902202539,0.39689189400,1.29706006070,-0.57048638786,-0.31605067261
-0.21417777777,0.89687713553,0.23314005547,1.18905233574,-1.00941064897,0.15040883090,1.76442162659,0.31497233002,1.07468682856,2.22660080754,-1.53838081336,0.01837722184
0.87749354022,-0.29953648829,-0.27065501574,0.43353828901,-0.46124103800,0.30447560492,0.33133835280,-0.46467893363,0.06798164801,-0.56241856035,-0.29120022904,0.07509195087
0.70007611252,-0.34074488839,-1.11315869188,-0.07422653557,-0.49776948023,0.51222841263,1.09754565783,-0.17913924146,-0.22958910163,-1.07014088396,-1.29092026755,-0.25248330111
0.34983470226,-0.01397297501,0.31641514930,0.26730882122,0.19934774531,0.85479074781,0.28995022156,-0.53571398662,-0.15756192248,-0.18854703946,-1.34436993118,0.02212925005
-0.32945723811,0.65668015250,-0.36186700481,-0.56846611332,1.58503049543,1.26810737858,0.27711902939,-0.42604127753,0.34966254498,-0.72632352171,-1.30650912044,0.36992711675
-0.02969170681,-2.43076046100,-0.11572452520,-0.65757759883,-0.13579274833,0.61885864248,0.59446767764,-1.12053007288,-1.05383800600,1.36951539533,-1.62662539112,-1.52669515833
1.00931310104,1.65054108721,-0.66795205548,1.79646581996,-2.48276196529,2.46604072819,0.56726044332,-0.90214222957,0.98650792563,0.23522420670,-1.20527432665,-0.29803465663
-0.52173478390,0.68368125814,0.90128889277,2.95171679296,0.68588410332,-0.85112730091,0.71649979886,-0.05140938726,0.41568368769,0.29797859287,0.39045998210,1.29657180953
-0.30410229196,0.44980443301,0.51033394840,0.95178700392,0.23684775668,-0.28651597449,0.29274783234,-0.18807671557,0.51268590680,0.46132531882,0.32963007767,0.41657217100
1.57773103468,0.11257953855,0.84408829820,-1.16963265491,-1.43035793653,-1.17043845126,0.23768214027,1.44261958445,0.55187628286,0.71217240769,-0.75484546441,0.17321724668
0.43642197841,0.50956576928,-0.08422520367,0.14627449725,-0.15500457631,0.85693688598,-0.38105846918,-1.12338772801,0.33057423081,-1.09137531946,0.77037099632,-0.01839200620
-0.23169625936,1.77522432951,-0.94678023824,-0.41376451975,-0.31475636897,0.47109781920,1.27496755393,0.32357111898,1.46380858916,0.00696417684,-0.44260641467,0.18686813119
0.11043645938,0.62826195699,-0.21842471080,1.18759801151,-1.03266077398,0.18925640851,0.59530972831,0.23998011805,0.00609140762,-0.47856662712,-0.69703285312,0.00317106977
-0.30791449710,0.75377147980,0.20577497973,0.76135991902,0.58048145636,0.72095531618,0.39620509828,-1.10134893302,0.21628344141,-0.80236674774,0.00466987069,0.22696522741
-0.48191066081,0.45234129961,-1.49693306668,0.76915566261,-0.51120107116,0.15602807842,2.10268334727,-0.21830983396,0.44991415091,-0.40938131218,-0.71558986043,-0.27764151791
-0.74944635914,0.77819626558,0.21451500175,0.17396534799,1.15612219452,-0.23031269978,0.76646893359,-0.08993258686,0.08899472302,-0.86384900879,-0.35190758413,0.44978712714
-0.44217542467,0.90184207217,0.67061269118,-0.25497713570,0.65916588664,-0.19009707742,0.65256674840,0.28100068722,0.59845663012,0.56255301689,-0.71489963395,0.37369867971
-1.25306490018,0.16351665926,-0.18248248418,0.87142141083,0.62308012698,-0.16461883744,1.36475200545,-1.34595803293,0.08046090011,-0.25086048769,0.64806467082,-0.29880961444
0.36737605232,-0.69368863856,-1.23633433729,1.27893346701,-1.43458400676,0.44080668598,1.52505596303,-0.87800018812,-1.01413348044,-1.62917502876,-0.95230693755,-0.87934765756
0.88436561765,-0.11717671157,1.13247856130,1.75148741918,-0.98736950211,-1.09357771904,0.49419926955,0.34878696635,0.35083531114,0.99850673721,0.00524456384,0.63745791607
1.00347859182,-1.00938319431,1.30084161127,0.89461810766,0.66826505930,-0.15017041071,0.37019750938,-0.51725962502,-0.71444938985,-0.12681477684,-1.43176699902,0.59082318699
-0.52985802393,0.84647953927,-0.05917811991,0.25490040520,-0.74011456041,-0.67268606280,-0.74315003691,1.03906446343,0.07897765511,-0.86404942027,0.85916797356,-0.06354551593
2.11311513662,-0.14223988013,1.62345639633,1.02122941663,-2.11005708338,-1.47053842783,1.34403012392,0.06457268206,0.39781565299,0.81432307807,-0.27672363643,0.38281800340
0.53874269930,1.26262900400,0.23538339587,0.26423402820,-0.27303464618,0.37823535383,0.91325569644,-0.02206432137,1.04316352663,0.17003010239,-0.74752597659,0.54584564456
1.00427311192,1.22241878965,-0.48959334688,-1.25319555622,-2.21219871292,1.94546248342,1.16787074699,-1.30433354459,0.95202733662,-0.01762894433,-1.16196010906,-1.33695226242
-0.06478325946,1.23546961633,-0.29972548965,1.39357027861,-0.11791150311,0.78076489231,1.16886626145,-1.15500668179,0.57945450458,-0.99051053491,-0.00117782251,0.31873812982
-0.96748190788,0.31234030442,0.64310926619,-0.32884472569,-1.15505019665,-0.04426611598,-0.49500144462,-0.69886910106,-0.37665584205,-0.12673683884,1.06464055571,-1.40261622745
-0.36552858218,-0.50616306335,0.02087496419,0.12399135791,-0.52972143952,1.63929971535,1.23133205897,-1.97723512028,-0.05306740457,1.26278762205,-1.44320279772,-1.39145946247
-0.53917233508,0.17923098535,0.13912741241,1.41564989991,0.21604652449,0.28034591332,0.33674800809,-0.54446496361,-0.07095008509,-0.05383594872,-0.16358621255,0.12871053256
0.04280726784,-0.03054670692,0.62735976180,2.11590778165,-0.22287018868,-0.24092562001,1.21083457560,-1.23076143793,0.03211139568,0.14651459168,0.21985497078,0.27150679449
0.44574613278,0.73068446792,0.07677465073,-1.16720103655,0.31558416303,0.98837294416,1.14819524457,-1.01714997009,0.72692152376,-0.24034685171,-1.09089592039,-0.16035172086
-0.15571187442,-0.22252982603,1.08208227387,0.75793073513,1.20515601659,0.35157139410,-0.24553142446,-0.40763524313,-0.22008897012,0.44489322377,-0.90953912473,0.50937444287
-0.82564247803,-0.47558672905,0.66017923392,0.05406613346,2.00146421059,-0.78005821774,0.36491397888,0.21310754648,-0.68324231506,-0.50047991000,-0.80625026299,0.52757302917
-0.58650363716,0.65172182125,0.61888155608,-0.27606514139,-0.41064372381,0.74506954758,0.56027188559,-1.26999429287,0.55473153670,0.93509071336,-0.01327377299,-0.84131873311
-1.08202376623,1.01420443003,0.09930884889,1.24212484832,0.05537372203,-0.92193110057,0.61030797548,0.35254709003,0.63291846418,0.04885625889,0.89825864002,0.36730106400
0.36275166856,1.03684157575,0.67548792310,-0.05732619815,-0.23805990497,0.66362051298,0.63362751956,-1.19919596556,0.88181213977,0.07894551122,0.08056159174,-0.00858674304
0.61252264135,0.09108292288,0.64141670811,-0.52708703394,-0.30387813912,-0.09317699314,1.79244002506,-1.67178500983,0.94107211170,0.97672224637,0.24616085957,-0.28884689734
-0.08660799161,1.66774918510,0.54567507971,1.47694845737,0.71391689743,-0.40545377130,1.15414167215,0.19346457606,1.07387697218,-0.20194544008,-0.16455229913,1.40467293336
0.70762084005,1.81220244466,1.03738837682,1.41847839488,-1.95325825052,2.79605664713,-0.42709100655,-0.97085968733,1.33264545772,2.36001618323,-1.48493759802,-0.29306235135
-0.40252559596,0.78479458698,-0.43816855660,-0.13402533309,-0.62709545532,0.17363836095,0.51169840418,0.50515733351,0.37376192966,0.01988035027,-0.60948128612,-0.29752306264
-0.25323285239,0.76790852931,0.29205058028,0.26500514998,-0.02902536259,0.12684840053,-0.03605614529,-0.09126236443,0.22457153033,-0.45318291887,0.09022285231,0.09777348782
-1.21784082356,1.40061019995,-0.20328594534,0.25593031383,1.49948836339,0.50303407303,-0.00425265919,0.58234020746,0.27512760516,-0.79749540756,-0.79319262526,0.68287835668
0.20201150539,1.31953629193,-0.91493879122,-0.54997137728,-1.32953754844,0.11991565287,2.23841790655,-0.53330640662,1.05719154726,-0.59819851704,-0.21948751089,-0.55550704706
0.29964255225,-0.17013663233,0.04807271280,0.33800796861,0.17886693594,0.42882753210,1.17584597000,-1.32483105666,0.08370602696,-0.24929232889,-0.42460022037,-0.08948485481
0.37695683883,1.40725432777,-0.13376796502,-0.83514632909,-0.27672509902,-0.47396654753,1.59733153804,0.95514534312,1.18538024555,0.05176465970,-1.11431435421,0.46006265092
-0.34440550456,0.90067079565,0.02479129293,-0.44698326085,-0.48435622166,0.22795786705,0.39948730375,-0.27395205683,0.32564104123,-0.42886318820,0.03684317871,-0.44157634002
0.63565862927,-0.14999405767,-0.75307540226,1.32773939995,-1.26610809661,-0.18131569947,0.57667829093,0.72055329823,-0.12380526228,-0.46166066939,-0.78691821966,0.13206536635
0.07480358979,0.04903372433,-0.50760334709,0.85814383048,-0.66294890140,1.93120931199,-0.25340893144,-0.83763304210,-0.34666443478,-0.22137734569,-1.24633197209,-0.58078083069
-0.06813230194,-0.57945089216,-1.53848878526,0.27762632470,-2.20144489963,-0.79530604333,2.17416681759,-0.49531350429,-0.64028723829,-1.37345917208,0.19134815480,-1.49399795819
0.21429140774,0.07522315817,0.59153189961,1.11068502272,0.26362154644,1.70296145604,-0.58697515319,-1.85444658582,-0.64153646191,-1.18084490862,-0.36174585514,-0.17668441074
-0.94674138659,0.39386821519,-0.38048794176,0.58783360387,0.34077672633,0.38706308369,-1.81495339530,2.33568346618,-0.31174410346,0.56843726979,-1.22363831697,0.46531355536
0.29542625162,1.06661651010,-0.98871477679,1.87751575917,-0.23662282250,1.09525334622,1.79637289236,-0.71023140433,0.57714423071,-0.88050134561,-1.21075761720,0.56852415203
0.42002279923,0.58516207555,0.85791930416,-0.78694920902,-1.00482697273,0.27337753204,-0.70392777101,-0.05232325969,0.60537104493,0.69195501189,0.21556748091,-0.45820520275
0.66913970223,1.11347651736,-0.37517423395,0.11532276998,-2.43770249822,0.43735386974,1.07881965390,-1.13656823939,1.28553455332,0.18497223275,1.02486876755,-0.85606704018
-1.01252836887,-1.49583601332,-0.29225685710,-0.67218315033,0.13704324148,-1.10631255506,1.01341192248,-0.15240859099,-0.87547604549,0.13546206231,-0.20221470149,-1.15219198136
-1.10162890211,-0.61784876626,0.20428034487,0.53207268653,-0.01193042392,-0.82695798476,0.75184381442,-0.31215689574,-0.60516446831,0.22626879788,0.15351972162,-0.65492350411
0.22517202205,0.06167733526,0.02418453321,-0.17077902965,1.10233708715,0.55262870365,1.60362479389,-0.98136446566,0.32536226112,-0.20141055680,-1.41709023498,0.30101711032
-1.61585204131,-0.18837616869,-1.51340788867,1.71818580946,-0.54228358914,-0.26185609840,1.61719321273,0.01595221460,-0.26656471256,0.08593838165,-0.28284293496,-0.69164980376
1.25862676463,0.80693147489,-0.56548156819,-1.83203808746,0.26129773203,1.15120783704,0.81571584957,-0.41766823063,0.96233552774,-0.91926619247,-1.27443049776,0.20107895733
1.40408268977,0.41058318361,1.35790504535,0.92495049179,-0.30701851807,0.83782320766,0.17761978861,-0.38753426547,0.40561033916,0.78000168697,-1.59452035865,0.70827546913
0.34808518418,-0.69607871798,-0.09794659194,1.21093306778,0.84610111903,-0.14192035249,1.49941956403,-0.58903542791,-0.43118897179,-0.64029193238,-1.25553929617,0.57463207997
-0.77270479914,1.23548950944,-0.47118804221,0.04872343918,0.27217285108,0.38628175627,1.58522753527,-0.68539955751,0.81804841799,-0.33497061722,-0.27087397553,-0.10291232858
-0.83461002448,0.28741468905,0.75913476856,-0.39693859716,0.18851640653,0.67779574254,0.51969463360,-2.49829242070,0.12039266094,-0.26891738338,1.05601134089,-1.13522062314
-0.00931685966,0.30379655373,-0.38605075281,0.63027463391,-0.45671616329,0.73402094571,-1.06535888074,0.48878292546,-0.77947688736,-1.58297715148,-0.53863665486,-0.08591524296
0.45901903218,0.85749169838,-0.69660301287,0.39488471118,-1.19635422005,0.41147188370,2.30976681022,-1.71273708202,1.16600774391,-0.22462316427,0.44612001299,-0.42634812590
0.75079390280,0.73381594555,1.40479782132,1.32667386698,0.44131474606,0.98590285648,-0.42080926063,-1.45634963213,0.37607704483,-0.35150864824,0.11835344697,0.76084361299
-0.72594907591,0.64894894871,0.34565176539,-0.05150537938,-0.21583544594,-1.05473981721,1.63735052416,0.04165625337,0.56649702835,0.46846035181,0.02106157972,-0.21763387365
-0.65318576633,0.42283901840,-0.43480448478,-0.79238731466,0.32299741015,-0.56911641994,0.80681295910,0.70556306574,0.11561256299,-0.42221901755,-0.49336892147,-0.10362704293
1.26590851594,-0.19545701640,0.45393486525,0.34705296445,-1.51773404504,0.36666669241,1.01343410150,-0.44147513866,0.52436961351,1.36991243167,-1.14781235264,-0.27228855725
0.31271317797,-0.02948217317,-0.66519482463,1.30559499837,0.29135531332,1.59341105942,1.30395242812,-1.65100914903,0.14207073135,-0.36840241063,-1.24326174701,0.07238453944
-0.70783182542,0.82399723810,0.92079871778,-1.28955133280,1.05033564423,0.32837803090,0.36589670530,-0.34374027347,0.88551695659,1.30444600100,-0.57853045415,-0.09157148574
0.98107885662,0.19775675986,0.72685900280,0.74898918876,-1.75166128358,2.13734949351,0.05075998553,-1.86037263804,1.09773897821,2.71251792438,-0.58967030269,-0.78032548933
0.56532072727,-0.71688122767,1.87054749731,1.26716084463,0.27745590219,-0.76467078819,0.97609078647,-0.50372417617,-0.17358708954,1.34199583518,-1.04327468951,0.47650286452
0.49202616472,-0.13929704546,0.66277241378,0.15769416455,-2.71462409767,0.32638387020,0.21161073496,-1.29388115202,0.18175524635,1.10899585612,0.70541115210,-1.58587748190
0.60146267019,-0.57031271344,0.09894355386,2.12090659954,0.45340325414,-0.82617143216,1.28985060465,-1.14560880798,-0.09543362736,-1.00699921423,0.74191972386,0.88966346205
0.85858998207,1.40986703387,0.41146388000,0.62310965513,-1.02299010858,1.32842595390,1.95700128505,-2.33560286275,0.96541755309,-0.52952206597,-0.41341626600,-0.27692074082
0.43352142958,0.83966686297,0.25066686855,1.09282380148,-1.60070434641,0.26361750433,1.36278796969,-0.26653740424,0.93705829158,1.17108833690,-0.73420096991,-0.16201194541
-0.18826644472,0.28303032969,-0.35159011209,0.98454244436,-0.09904735816,0.33666305940,0.66752273171,-1.16571524313,-0.31044739730,-1.70265014207,0.36115818983,-0.18501178193
1.12966264482,1.50104135535,1.24126725242,0.52652061788,0.26899331642,0.35317813767,0.40400281394,-0.47714578243,1.19776404351,-0.07210712041,-0.26962575677,1.20823221681
-0.43215984916,0.23285141169,1.21552316151,-0.28598065237,-0.58268339004,-0.30093856549,1.78877924749,-2.45032146862,0.95340807894,1.71511052888,1.32654953263,-1.04316154765
-0.24317008555,0.42387055266,-0.71247027680,0.62953955660,-0.45763527462,0.35403989273,1.66289723997,-0.05547065214,0.66698061247,0.76575870990,-1.17726421693,-0.12581729543
-0.12920932829,-0.33950439307,-0.39009182883,-0.20277851720,1.43354793898,0.36833758275,1.47329911881,-1.53332342874,-0.06283900367,-1.12589959400,-0.45816209516,0.05735974470
-0.47335856174,1.06585726369,-0.28507325735,0.08492632505,-0.03206099253,-0.37655668036,1.39219468795,0.27351222743,0.70480065561,-0.20799611978,-0.36535360489,0.16208950193
1.14495986626,0.76719157206,-1.13186207188,1.25825264952,-1.27533151979,1.46359392802,1.20619682480,-0.83984004147,0.70580380043,-0.62312425090,-0.90544493414,0.15668237865
0.73736201172,-0.25194573580,0.06898008329,0.32031089422,-0.80334707549,1.87592226130,0.64245415395,-2.99645756201,0.30852189165,0.13532619921,0.24394255524,-0.97665473834
-0.15804933311,0.49219934099,1.16156178725,-0.36110326060,1.28297619128,-0.12628297057,0.48501214722,-1.10230356041,0.13399514040,-0.80601671205,0.13755492897,0.30823005604
0.59432565495,-0.02374658461,1.52786779634,-0.15785667132,-1.06833202418,-0.08838055087,2.29987527274,-2.02339389119,0.68445971397,1.87110862465,-0.47180799358,-0.83980959821
-0.29625401290,-0.34881390174,0.18695762359,0.74873754555,-0.44204127844,-0.76539365557,1.31765168197,0.50664077579,0.13076024734,1.40808627985,-1.02839306948,-0.09570108539
0.61623372897,0.87635451988,-0.19104108039,-0.03380208264,-0.10943516584,-0.34056061293,2.34041338449,-0.09923769632,0.81340950423,-0.52431809049,-1.14794068370,0.45655264546
-0.63547124110,0.94837421271,0.37280336882,0.56500377711,-0.14055747039,-0.27215429887,1.13541864119,-0.77720499051,1.04788209933,0.79436283589,0.76604698827,-0.03297193230
-0.48069972313,1.49650033063,0.34937756972,1.16493019032,-0.07914548650,0.51390243505,0.28936534594,-0.12423967792,0.85034324180,0.34272088021,-0.10888478849,0.43782746087
-1.13541153518,-0.19030776008,0.83937226760,-0.18388793896,1.08874666094,-0.79082315983,0.85558078656,-1.29976959897,-0.15985819778,-0.14972915962,0.91550471384,-0.38718681377
0.05807318815,0.13604840712,0.36032429388,0.94026989542,-0.97365705547,1.81996633518,-0.22628642009,-1.78932685509,0.28320380849,1.10633836142,-0.13820608021,-0.81349680757
0.23868466735,-0.01405839558,0.63451807780,0.01541685743,-0.94654474286,-0.74079177106,0.65389816392,-0.30086330335,0.52320195911,0.93030390754,0.54065976374,-0.33755082547
-0.72788788714,0.12737571055,1.17982146761,1.53213869388,1.28788485485,-0.85808148286,0.36363511219,0.56498665036,-0.12591006093,0.68907262255,-0.75181807931,0.97856776834
-1.20352042537,-0.24867984837,-0.68950125279,-0.69705336379,-1.48942365311,0.40722143599,-0.42650862717,-0.22218957118,-0.64151122307,-0.22110703720,0.33952972808,-1.97667864927
-1.09245926038,0.62323655956,0.25880299736,1.30866676496,1.54755309141,0.59886955005,0.77901892552,-0.67266555478,-0.00859834807,-0.30032827778,-0.93392527457,0.52669924864
-0.03954630764,0.42789417812,-0.51544217981,0.17091045165,-0.94744203413,0.81993758097,1.71379902034,-0.95552888130,0.83037915085,0.96282496249,-0.85584625307,-0.68590836405
-0.33139179980,0.01766002437,1.47385406824,-0.02364823600,0.98793339868,-0.68243601474,1.61528315824,-1.37974505016,0.42998737495,1.02073767202,0.02257125688,0.09154973325
-0.47936547422,-0.34009644360,-0.12258172605,0.72804032747,-1.12831483977,1.08383388054,2.17766440372,-2.55234906070,0.05907787940,0.97959063474,-0.56541867953,-1.56430881899
0.67647543721,1.47701591336,-0.12898898865,-1.67929702217,-1.81062588273,0.45541650713,0.87743101386,-0.59465486780,1.36403718254,-0.12092298907,0.35036914206,-0.89878273046
1.58111908165,0.68756733372,0.89984353213,0.24037615417,-0.05726866708,1.46363558729,-0.25421057594,-1.09730540390,0.37517335525,-0.65035868292,-0.90607369799,0.58147518335
-0.28360953919,0.81727796653,-1.04508814610,-0.20603797626,0.54795629122,0.38123990713,1.18438867416,0.68411180129,0.56075830691,-0.38063114550,-1.47481162742,0.40086843557
-1.17378625386,0.75126894216,-0.52114727408,1.07667218358,0.17879827851,-0.32497889384,0.75735430041,-0.07791439868,-0.02522133365,-1.03524749672,0.41731864213,0.00764222842
0.42637168270,0.95137444308,-1.08257890820,0.49479158999,-0.63584812666,-0.09302923647,0.54034942967,0.97041997476,0.07011166795,-1.90907738085,-0.51956431580,0.47233311109
-0.43370938736,1.28310554709,-0.39258604965,1.23075862212,-0.73309230464,1.43661461176,0.66141200524,-1.04026585752,0.55907408880,-0.15770606757,-0.34231576545,-0.29990474127
-0.13843830025,0.18249407934,0.69825799500,-0.28364199541,-0.71286606082,-0.13505691662,2.46654265533,-1.24233434056,0.69641762769,1.48265545213,-0.95071944453,-0.86304070332
-0.19338886493,0.80037051519,0.10479400160,-0.14709578265,0.00357472777,0.59447418855,1.25469340602,-1.51268187872,0.51697323170,-0.52267503533,0.04309627770,-0.37410383854
-0.35634033141,0.55387899673,-0.53692630489,0.54649527175,-0.22171393186,1.27513086398,0.48912251011,-1.04623853834,-0.19666951735,-1.11762147218,-0.61066928309,-0.49908095034
0.12722347706,1.06068708614,1.24587797573,-0.32029447508,1.84873387481,0.86071470534,0.41671113384,-0.83192350303,0.23890672860,-0.88651968473,-1.39570022754,0.82741028861
-0.11619983059,0.00218730299,-1.69653875831,0.02354609290,-0.84679292729,1.56913329683,0.29537689396,-0.41545792319,-0.17745916246,-0.72732726208,-0.96458644512,-0.88234830727
-0.76666082267,0.03711144947,-0.12835876441,-1.75574306344,0.28856378026,0.42205278636,-0.10479695281,-0.88311581194,-0.28410383950,-1.04364563570,0.30151292054,-1.18781337136
-1.97122627436,1.36322180792,-0.31851237739,0.35799454230,0.48445894862,0.68897328722,0.28899610194,-0.20659402670,0.39862899146,0.07142300653,-0.06923111139,-0.41987675962
0.22874488300,0.81332341472,0.99346114757,0.87405520662,0.38522996829,0.94942065711,0.85669236570,-0.91871511665,0.82495515140,1.22257453653,-1.17827452735,0.48553766834
-0.44278443794,1.22755812911,0.26115023442,-0.38714974865,0.19369986093,0.82471637064,-0.25325550194,0.33789581872,0.71044615999,0.59788921367,-0.79697799166,0.09039162052
-1.20429391499,-0.00519827798,-0.52712301226,1.60819672892,1.42130570753,0.04401521880,1.30281536862,-0.77032725896,-0.13185878823,-0.53321912459,-0.31333426618,0.39679460031
-0.21681635970,0.75355006198,-0.46726680576,-1.43899209890,-0.15706668195,-1.47416690552,2.11535000354,-0.15640181760,0.63458536456,-1.35822803105,0.79683859091,-0.31838965839
-0.60854941060,1.11488737966,-0.83462435908,0.51167434103,-0.88520585599,-0.66685451914,1.94284349616,-0.11476798555,0.95035925795,-0.24973829489,0.59494693323,-0.22403366302
-0.16148181701,0.31049702032,1.00855536220,0.83217363391,0.49682449942,1.46309244089,0.07381886435,-0.96856638100,0.49321152195,1.94049866488,-1.35342043882,0.10515389577
-1.43237562656,0.16752674918,0.37575712035,0.76104651857,0.68924819414,-0.32014453330,1.35596667614,-1.12126757549,0.05157283699,0.37012294700,0.22649294927,-0.36134999060
-1.90203534071,1.24990849699,-0.69627010406,-0.83393299304,0.35999251352,0.26359113878,-0.38945574079,0.59188894084,0.48906842005,-0.07236169420,0.44373939712,-0.57000628323
-1.38528766044,-0.68743554676,-0.81061078276,1.50615141724,-0.30928355704,0.41896105078,-0.79450119972,-0.34807591457,-1.32777845224,-1.13279548587,0.42351778099,-0.92238681947
0.63973576899,-1.04504953919,0.52116539100,0.47718627690,-0.21012382848,0.32977006428,0.05741897026,-0.11294387792,-0.58744903572,0.58580882307,-1.56123033927,-0.13725758750
0.06956251680,1.30155236631,-1.59252648377,-0.22217548013,-1.62407042010,0.35789169061,1.09483880359,0.78042318968,0.69507957264,-0.84309408620,-0.60278364709,-0.42367245254
1.10954047239,0.81442886991,-0.06722614440,-0.17051164626,-0.91379286037,0.78268651163,-0.00317991691,-0.43882962643,0.60293412578,-0.84340748726,-0.09708306999,0.06432459471
0.99760991312,-0.33037372692,-0.42579388083,0.22929266329,0.48792506486,0.02033797505,2.04897837744,-1.73934552493,0.02509510235,-1.75826772649,-0.19465824993,0.27288349125
-1.13471587795,-0.80611249432,-1.19979811906,1.40774953526,-0.39807066196,0.19314819657,-0.02131671571,0.44480944777,-1.22891039757,-0.72743537613,-0.76184792202,-0.70556889898
0.52533500216,0.05862357644,-1.09238847235,0.68158584995,-1.35491909043,1.00733227705,1.12209438676,-0.33532367476,0.14725108413,-0.04456358070,-1.29212734542,-0.48837305547
-0.25479338339,-0.23872163119,1.16909753718,1.07734430879,0.28102886450,-0.63602080830,1.10747534357,-0.72679468915,0.33289916289,1.47731898068,-0.12695842172,0.16571928768
-1.03166014782,0.07298807261,-0.21337738943,1.27609616458,0.84047945269,-0.28681391418,0.43572203371,-0.54642196645,-0.43588271698,-1.27046635628,0.46822271883,0.15255126391
-0.56113128685,-0.68422738725,-0.72411791375,-1.36390516070,-0.23967232275,0.00241779873,-0.65930368269,-0.39255874235,-0.82637252475,-1.51427860543,0.84838992922,-1.27900918349
-0.40637033065,0.61542314059,0.36643114943,-0.65413524564,0.26067926502,0.03080659833,0.58905164996,-0.65131204949,-0.17957165977,-1.32088374372,-0.15587970410,-0.40582845179
-0.48072242929,0.16821515511,-1.13052043213,0.03939590261,-0.60305238346,-0.87828625228,0.57413866630,1.99153413744,0.20758545999,0.29048871206,-0.79412100141,0.04922180446
-0.59330021051,1.47037019213,-0.08489222796,-0.32774313994,-0.01013989846,1.49093274619,0.10154159735,-0.78494879890,0.20567954903,-1.04043034016,-0.63379513758,-0.46147127967
-1.46131382158,0.24925762341,-1.09691795772,0.90553754013,-0.02891262122,1.20272980977,1.32341399620,-1.19987121137,0.03460465225,0.16556248141,-0.70156294127,-0.92821318365
1.09810312049,-0.89050739842,-0.32119390016,1.03705568974,0.18383949854,0.33751219801,2.04881318961,-1.83718309415,0.05512038257,-0.46843778936,-0.71219724710,0.21160792148
-0.58283159094,1.79906627393,-0.21596922570,-0.87676301643,0.43503984325,1.19349254601,0.60655326844,-0.00162981515,0.94677196771,-0.07510950714,-1.19227150130,0.00660752846
-0.00707882480,0.87434015126,-0.21352138201,-1.83132538909,-0.22202343604,0.40076934274,1.14305378263,-0.35401519025,0.94853454301,0.17721273706,-0.62486151282,-0.58690009166
0.95263897470,1.83965667406,0.30374292503,-1.32381920056,0.17636816572,0.31798927081,-0.53336658606,0.94870118597,0.85336569499,-1.45475401497,-0.47899679978,0.88569425496
0.55807644121,0.60769574337,-0.04800829876,1.50963206734,1.42031383301,2.43400517179,0.94523878397,-1.38619035146,0.02494853164,-0.68769568906,-2.72441632158,0.94270900728
0.02288478679,-0.29958512996,-0.07051535750,-0.73473451306,0.90833992437,1.07682218242,0.73186259277,-0.54719235630,0.17802750590,0.67690513151,-1.91019600652,-0.15918287039
-1.17385991389,0.76455712834,0.17555748747,0.75012310775,-0.05336289903,0.44014200862,1.16938184727,-0.09896096292,0.20000495583,0.87804273853,-1.35589685353,-0.37363585272
-0.84365608986,0.46575302883,-0.29647678345,0.98600871315,-0.83632765032,-0.72924977234,1.29994644791,-0.40262757952,0.04541815409,-0.51521245670,0.70326699430,-0.50140566703
-1.22121615096,0.09545747138,-0.26799145680,1.65595070063,-0.44491509242,-0.79177057809,1.25143188858,-0.15223595593,0.17207761684,0.63802313009,0.47805661226,-0.27169184711
-1.43572705660,-0.16480845954,0.08832560872,-0.87605763848,1.32611572174,0.63682767981,0.70957292221,-1.44003110537,-0.28079780722,-0.19526199906,-0.41022299936,-0.91469130930
-0.40315133358,0.94576013914,-1.31029432810,1.03344068945,-0.69024979332,0.53911761849,0.38550559368,1.08596944248,0.28654323230,-0.40156468815,-0.99317076088,0.17709641344
-0.19459195396,0.69163784738,-0.96009027342,1.66316236521,-0.64299037900,0.57792038953,1.36114432181,-0.38840507150,0.39513099867,-0.39317931780,-0.58312913987,0.07858539264
0.03538726667,-0.38974020329,-0.46726729617,-0.11911856231,0.87142015490,0.31771281838,0.87307821046,-0.43746317743,-0.21591231002,-0.82302808340,-1.07811506252,0.08107234694
0.47343640846,-0.99196046801,0.86575872673,0.61516113669,-0.13183750972,-0.96225980496,0.51811995152,-0.69599316904,-0.12791622750,0.46190251963,0.50311318440,0.00312438781
-0.53466247633,1.14542324579,-1.48584434485,1.93124226122,-1.03425172683,0.37463625475,2.83564976996,-0.34466914324,1.04202127925,0.31602986920,-0.90661251980,-0.04544509346
0.41820643171,0.91137047638,1.38828823598,0.81287089152,-0.34172003859,-0.03625976328,0.01704073439,-0.87595683620,0.71453542161,0.34259801329,0.79864013838,0.37933526844
1.02759959807,-0.88286085167,0.27182291759,0.23793336923,-0.22383683003,-0.31133885347,1.29376184223,-1.85889530003,0.17576226169,-0.28592932168,0.70099170583,-0.16141175065
-0.07637776858,0.64566700697,1.12316138770,0.19867695298,0.19442244073,-0.44375818905,0.04182611540,0.18180866088,0.12696357768,-0.01203765138,-0.18952560978,0.34862391941
0.55974563666,0.15406909180,0.85885975898,0.76413010302,0.02974312477,-0.05552201346,1.77750335101,-0.70897493335,0.05577424550,0.07753892510,-1.49876618441,0.29404443690
-0.64179075094,-0.21605324264,-0.09241022226,0.04253710999,0.36884218196,0.09834859228,0.28210742707,-0.96900244289,-0.14331591897,-0.39173984339,0.52681272129,-0.45633912086
-0.49192729060,-1.15404061372,0.15623748756,0.11454765694,0.35055842664,-0.21362695359,0.31223109883,-1.45621603537,-0.43427695382,0.02637103139,0.84132662932,-0.73517934345
-0.25155328422,-0.19652955764,-0.07285315988,0.27090227698,0.62626536012,-0.63034314015,0.58124280420,-0.41781894782,-0.16581895635,-1.02367311339,0.48172917905,0.16876963480
-1.41892528101,0.41567546527,-0.00146117018,0.30823412132,-0.02811182448,-0.03284523102,0.21113127310,0.04397341526,0.07338130610,0.52860135624,0.00221354621,-0.56657148454
-0.02982895170,-0.18616950212,-0.74919518862,0.40292036347,-0.46817742268,0.25351296510,0.27974628318,-0.01794888303,-0.45397402306,-0.95201399349,-0.44025625970,-0.32183586330
0.28986581928,-0.06382691825,0.45497573780,0.29151103783,0.78723748649,0.25006975219,0.79134111253,-0.84960888786,-0.02005203169,-0.45275474191,-0.74855059728,0.33922227089
0.18450832799,2.02412841438,0.37111126491,0.43221885407,-0.37963430848,0.12042003267,0.58906354864,0.74966840074,1.51885033475,0.66984923982,-0.47513558785,0.83943295500
-0.22246634369,0.10062778772,0.91694093531,1.27381926992,-0.73962302965,-0.18547116642,1.38322337974,-1.55871856664,0.45431726171,1.22574180210,0.48342256137,-0.43039954946
0.22082318923,0.61489310746,-0.02361920383,-0.25819705062,0.76103332221,1.02202253666,0.67029058139,-0.57886508510,-0.21482391679,-1.46935147653,-1.55765394506,0.19945638681
-0.86310961803,2.11220915328,0.47503066940,1.46989410074,-0.32035532609,-0.50294622745,1.60966935248,-1.00293560004,1.58262455969,0.27497229827,1.61959496770,0.38085033331
-0.32741313349,0.34328926887,-0.15666455347,0.72083586290,-0.90944718949,0.54295359070,0.52655012564,-0.31559097568,0.26443869826,0.63980502983,-0.48141331445,-0.49989528455
0.48248104176,0.46649084302,0.08676839864,-1.04634097202,-1.20735182966,0.05632363295,0.28525163108,-0.34174557923,0.20051364957,-0.65155399169,0.18200144513,-0.73423000092
-0.47010674150,1.04546223345,0.12130769036,-0.50200735933,0.20807161057,0.30706775614,0.55338432134,-0.76103652638,0.75380239366,-0.21189424962,0.44982836874,-0.16385073966
-0.50828995349,-0.38501244768,0.90730108065,2.17850104361,-0.12683558485,-0.95287245475,1.50702723160,0.11531025025,0.13111743993,2.05433632884,-0.90404909052,0.31329438794
-0.14104063921,0.75372109314,1.85790058291,1.32881225889,0.99560209050,-0.18341789104,-0.17628009251,-0.43650396386,0.23148989535,0.30536871900,-0.03356663473,0.95172051715
0.71645124288,-0.30331326047,-0.20262314312,0.81467568962,-2.68747631055,1.10033485770,-1.44692261708,0.37008022534,-0.33767541178,0.60779885575,-0.45071400055,-1.03454801203
0.78742279406,0.47006148057,0.15540636115,0.24593997979,-0.75058865378,0.65943795995,-0.12960633536,-0.44201634749,0.38163245606,-0.23669348729,-0.08485035541,0.05285157635
0.99747049029,0.71448978864,-0.20033107451,2.78441754132,-1.60535917271,0.70797739746,1.26933212566,-1.01243272875,0.91918929128,0.36862090750,-0.09789242830,0.45507651125
-0.49649191518,0.64707164637,-0.30788771264,1.02530067179,-0.08520356175,1.32629226264,0.37937756791,-1.34374770946,-0.33056579035,-1.28318967945,-0.34618354800,-0.39500169262
1.02897598553,-0.11150623462,1.26622865892,-1.66646258428,-1.03187732974,0.26802631432,0.70278011531,-0.31522557181,0.65734586130,2.07784595686,-1.46811556080,-0.74942200349
0.24389459272,-0.47584036712,0.63888109936,0.06452845558,-0.44594332429,-0.84508548307,1.01052432632,-0.55983617203,-0.45638899389,-0.37926966933,-0.04508158802,-0.35947870723
0.91889681414,0.51327663425,0.43487154490,-0.76467410687,-0.83797933207,-0.45284514366,1.45306234783,-0.89566979781,0.75285277407,-0.39477585151,0.31103131799,-0.22564397297
0.99014777924,0.48886847931,-1.00012589505,0.68697886101,-0.12383124950,0.79120639370,1.55283486406,0.27043674613,0.35710111089,-0.86373312690,-2.20798907718,0.66128446049
-1.05709925800,1.87453574067,0.81052668892,1.59905327782,0.24116265936,1.00703732667,0.25560583876,-0.18518943229,1.06090013568,1.43466609939,-0.69336236616,0.45454927018
-0.72416366786,-0.13463665351,-0.14167782962,-0.52142186307,1.37958340569,0.69590731658,1.28230368503,-1.81716227776,0.20479032531,-0.17020386067,-0.27124141422,-0.38987120094
-0.04225098682,0.48260502305,0.41212689462,1.89266659955,0.09975294220,0.41724183861,0.62140149022,-0.52189560175,0.26887157658,0.18540448091,-0.59352216770,0.54350673094
-0.53734137660,1.18342099692,-0.22676891516,-1.02260142575,-0.57719256565,1.25708619847,0.16078257609,0.44829649695,0.93450733453,1.44758287009,-1.47253794074,-0.62704601487
-0.71356744775,1.28355112973,0.18316724307,1.64277296319,0.56499163539,1.18664010149,-0.14856405184,-0.18874558458,0.28220571477,-0.17770989621,-0.81313925336,0.58369736958
0.40735304960,0.36766548020,1.79972879183,1.37298075793,0.72234616689,0.79010442681,-0.19018623838,-1.39128847904,0.35895447592,0.89992555894,-0.27772220975,0.68679666983
-0.22398025910,0.31441888589,0.03854670216,-0.04351641928,-0.18780110110,1.31495186829,-0.43170785000,-0.50692858627,-0.11491378958,-0.22424893332,-0.90326445179,-0.54890828532
-1.30209502230,1.38987206422,0.68014548033,0.88201335374,-0.17345312130,0.93003800280,-0.78317679763,-0.10022040796,0.30612241513,0.67697074809,-0.05547027501,-0.26322940178
0.16241047957,0.84244689532,0.29731463893,1.54781178570,-0.74696126826,0.59686780435,2.09168819659,-1.27231128272,1.00690887241,1.12091736787,-0.77919772949,0.02913171018
-0.92075117099,0.22822276820,0.80239358986,1.75432619415,-0.20882884289,-0.79141527057,0.80129070020,-0.98980349464,-0.03074428355,0.12724283662,1.13463030358,-0.14906183155
-0.24543058689,-0.49490853984,-1.29229180674,1.20414757469,-0.28217294928,-0.03751137859,0.58687505067,1.29735512649,-0.30634678945,0.26624081994,-1.53049355025,0.21059857492
0.85078006165,0.48066258595,0.63975170959,0.97457378864,-0.88990109391,0.78538258288,0.23115099425,-1.14961585673,0.42680997260,0.08506431349,-0.02293550263,0.03595847793
-1.66460909091,-0.58598850373,0.58093910414,0.62882506185,0.54900671370,-1.21803476707,2.01865402926,-1.45107758163,-0.24764585119,0.85905813727,0.73695744566,-0.77348950077
1.54133202746,0.29170113915,0.24387281200,0.91851320304,-1.52670551206,1.07125442786,1.00573092428,-0.97159959765,0.57731037797,0.50926332283,-1.15398572593,-0.03442620389
-0.62179516228,0.73752384679,-1.28768348425,0.20386650537,-1.90834470527,0.02590082338,1.60749229557,-0.93908573409,0.27373612453,-0.86761539785,0.96320410367,-1.31257635814
-0.79891827172,-0.18011188710,-0.61598332369,0.19196619661,-0.36155527765,-0.03655196502,0.73524303164,-0.22566154797,-0.35284551397,-0.40276282250,-0.26343142331,-0.75503107452
0.37868318169,-0.19863000633,-0.30818002987,0.40899604189,-0.81963793266,0.46011175329,1.46779076406,0.14579935455,0.47997955261,1.66685946899,-1.94965160488,-0.22644301195
0.16551556961,-0.02738402748,-0.04409518218,0.54018656593,-1.14274481240,0.95520243763,0.84278612308,-1.58040411056,-0.40048630574,-0.70090294385,-0.44434705154,-1.01893088340
-1.18110962686,-0.39709778136,0.74839894715,1.01890132042,0.20661419370,0.79835934416,0.93225502980,-1.88458949064,0.00852018658,1.82963156778,-0.39551736117,-0.91370835859
0.85749560460,0.93863667190,0.35696675381,0.52203866265,0.61701100824,-0.35936623483,1.94972240837,-0.57462291687,0.88357346711,-0.85974221330,-0.55538072596,1.09881992623
1.47720389165,0.11988729070,-0.37191803668,-1.76384521311,-1.03685286455,-0.61063669728,1.81083915309,1.00840112804,0.36888073144,-0.38991027503,-1.97763172653,-0.11453125799
-1.04748587488,0.51845853509,0.64294455704,0.95652269163,-0.90888955481,-0.16086634290,0.53814169257,-0.70670024261,0.19490944673,0.87728182751,0.57250809870,-0.76905208027
-0.47398439391,1.34079120279,-0.36226620006,0.98017662959,-0.10211626670,1.42459952486,-0.06733213443,-0.38230351688,0.24148812026,-0.80267281873,-0.61620256153,0.08069282160
0.23059443539,1.29388280161,0.07319171580,-0.97016129857,0.72857006969,0.13276501252,0.17335588427,0.65791960021,0.86280718253,-0.52370502328,-0.61270928479,0.74375534588
-0.71326512557,-0.80546995512,0.14395795705,0.56190097750,0.18280136295,0.25402500559,-0.35657800090,-0.15753043299,-1.05740927922,-0.05596592173,-0.71585394546,-0.54026431175
0.30078892852,0.00642681090,-0.24344242681,1.12756773156,-1.11985701122,0.59912208448,1.77137035251,-2.18353020224,0.32067814309,-0.08294795525,0.35356201209,-0.69015313489
-1.50756684342,0.02551407615,0.17291753149,-0.70363667809,0.70289630111,-0.64497507100,0.44933517118,-0.03315415900,0.13228358012,0.70624530006,0.33757614992,-0.55725823004
-0.60599182777,-0.29303123544,0.93978476261,-0.69441736428,0.79303967222,-0.28628783375,0.23349845484,-1.06617713584,0.14994412340,0.78493827176,0.59457071099,-0.40207344960
0.40974977692,1.47221141960,0.62141934900,0.34772729680,-0.83903153480,0.09821112275,0.10611728675,0.27571851594,0.91798230266,0.11957950147,-0.02380998019,0.36742881624
0.52139451153,1.19869714214,0.98257140887,1.32041715657,-0.86009548079,-0.56021687189,0.42333836647,0.36897264265,0.97408304907,0.61060162456,0.19486835212,0.74516904225
-1.81376234522,1.52024118007,-1.05234402683,-0.57656713744,0.21782143952,-0.01398119926,1.02227130779,1.35879417313,0.86555200499,0.68800243264,-0.93584860376,-0.24203754938
0.17962778927,0.37867300047,0.55462781610,0.35579997337,0.71658356519,0.88304520041,0.66116340944,-1.29238694535,0.42076276580,0.03730028615,-0.63523955473,0.25051384205
-0.21226925804,0.28730765792,-0.16755256457,1.02114228567,-0.40211059218,0.57442704586,1.24274197587,-1.08520783697,0.16456713532,-0.04372693137,-0.47159258555,-0.30184651251
0.53192522440,0.18210589665,-0.78816170354,0.38832184429,-1.21427475339,2.29031197117,-0.74619457146,0.02025144475,-0.24442940432,0.13670713917,-1.95356403988,-0.56952320301
0.34039551849,-0.22116189675,0.54399753847,0.11192962729,0.51390135372,-0.07493388163,0.40633061765,-0.43769443572,0.03788105510,0.00673994043,-0.43706025266,0.30074151938
0.36282677715,0.16753385354,0.12865063971,-0.56678665771,-0.34544864159,0.27796719409,-0.00280052286,-0.43460924514,-0.17502699425,-1.02777248869,-0.13287988537,-0.35726512443
1.03735978193,1.56627596001,0.46429893468,-1.57583791711,-0.76073147850,-0.34594818115,0.70441111508,1.27172543522,1.17569687917,0.14406264243,-1.12391227603,0.42512577473
0.06551152021,0.19416547212,-0.92141077855,1.73820457129,0.21539594598,0.34878305571,0.23122331327,0.25031373018,-0.54734318763,-1.90093452594,-0.68542908237,0.64394758900
0.23898783745,-0.57973231205,-2.00119497133,0.36476433930,0.02683868592,0.73664108072,1.28188057850,0.05148654043,-0.35606542257,-1.09407461252,-1.60159178494,-0.09512823870
0.11642612996,0.82552161653,0.51762219008,0.02595490184,-0.75297573519,0.70645362972,0.60525196877,-0.97858209148,0.51313358845,0.13721905781,-0.28101132261,-0.47067169195
0.11157889306,1.22276691669,0.07317472783,0.15543356115,-0.35751446127,0.99686971440,-0.14616378493,0.27941425058,1.15629938060,1.12394338603,-0.69139185651,0.28594614226
0.67449395368,0.90310667321,0.20915370618,0.88262643925,-0.34083614370,-0.38689067509,0.58679175421,-0.02329653543,0.54148644376,-0.99570346048,0.32207509292,0.75258255922
-2.01871829289,-0.78377563572,-1.17623710023,-0.07323984880,0.76821533488,-0.03499725354,-0.11775563837,0.39666189764,-0.86713183534,-0.21600439417,-0.28391152096,-0.90856912529
-1.28737100096,0.98555820949,0.12312049285,0.86548036041,-0.12043650600,0.39468424520,1.10089651916,-0.00722888118,0.60808205309,1.37277395761,-0.99018275850,-0.27522931322
-0.20872825293,-0.27591601127,0.28091335596,0.50638688412,0.26716652289,0.68315442720,1.11025615210,-2.13961162926,-0.17157282808,-0.32917759886,-0.01848932915,-0.55848920318
-0.61083262425,0.85041526757,-0.14506445420,-0.23734198148,0.57468046543,0.34448235452,0.77208581895,0.38529027558,0.52657586822,0.33906233441,-1.21299461285,0.17640275938
0.94100110204,-0.43835735130,0.11458358032,0.00066043542,-0.77041128179,0.52610362586,0.21281496424,0.04272861962,-0.13983807145,0.25531927585,-1.46158452773,-0.20730125537
0.79074481671,0.68421672911,1.71794929594,-1.37186240736,0.64833143647,-0.40866345285,0.20863183708,-0.24851057016,0.85486940060,0.52372741972,-0.21075885528,0.50576224149
1.36592528054,1.79572905911,1.14413370971,1.56710608949,-2.06863400727,0.78776683373,0.43285597108,-0.97058815510,1.19331671601,0.32177716091,0.25190278813,0.31391253413
-0.00771077168,0.74751620827,0.97918183546,0.58934357400,0.22153285161,1.13192805838,0.62458252954,-0.17725772694,0.45119398015,1.50022094646,-2.24591633597,0.23065623022
-0.07586462950,-0.19756376543,1.03273700605,1.22391891290,0.29719032961,-0.27635976086,1.08335619592,-0.70607191519,0.08679693481,0.94799536720,-0.66233366211,0.23991680889
0.19178252192,0.97297447733,-0.32884164292,0.09441759556,-1.70252818974,1.19692187699,0.39198633854,0.16943456091,0.83999397252,1.30881397847,-1.16515094252,-0.59564008879
1.25033990637,-0.28468988642,0.62730125794,0.77691590145,-0.74096646298,1.25716663828,1.05553120689,-1.52253944783,0.77377190313,1.86636305602,-1.25223740632,-0.08898770379
-0.87560084582,0.61969510905,-0.06401892528,0.79311858993,0.64977651887,0.38503055383,0.75260546779,0.06514375969,0.38749577032,0.58265374841,-0.99898081530,0.25486636612
0.16800252846,1.20791526892,0.11681576517,0.35353989716,-0.87612053478,0.25151593087,0.77491054460,-1.21673440640,0.74112607954,-0.81787175158,1.03946651888,-0.21024015157
-0.10526987002,0.81768765197,0.81454619907,0.20260381437,-1.05337017774,-0.07688715172,0.45307112694,0.08923841150,0.72701944604,1.29145257707,-0.31044811826,-0.31874654725
-0.33763246980,-1.16014401741,1.51520903554,1.49643669673,-0.43705280775,-0.49954990813,0.78787613584,-1.57191210748,-0.61101691328,1.27301910740,0.10570581548,-0.74083794645
-0.29037271574,0.18664720942,-0.12493629970,2.51879699941,0.21558014838,0.13642115066,0.87592898828,-1.09233633593,-0.10995340928,-0.92647541493,0.30012523478,0.47973254804
0.12252605596,-0.85763764234,0.38821371701,-0.36651843285,0.94814431290,0.14590179743,0.83062776627,-0.70386562228,-0.29168308797,0.34211238103,-1.22026754756,-0.06100110543
-0.42904683555,-1.21934033068,1.10533519005,1.52827504401,0.89666477542,-1.29657225683,0.99862793412,-1.08944007268,-0.52270405676,0.55913570386,0.57178752856,0.23444051824
0.23168669366,-0.97806746215,0.01228787383,-1.04262452527,-1.17220396936,-0.47365055163,0.99838065581,0.81309580166,-0.91089903825,0.22307317331,-2.20923277820,-1.13989674501
0.63774722024,0.34261368327,-1.14380547389,0.01851004957,-0.36478464573,0.77539130034,1.62643676660,-0.22755137267,-0.03700722715,-1.38257830308,-1.75203767214,-0.05180983141
0.24826619122,0.77305076562,-0.10622058472,-1.02599745422,-0.00724361248,1.10825589119,1.01100391326,-0.03883850504,1.12940136077,1.43730338089,-1.84403304765,-0.10659639020
-0.04646477677,0.44452720118,-0.09370841458,0.30095311578,0.00372665404,0.50975031908,1.29572131835,-0.55584258933,0.78201991802,0.91128417799,-0.85497173859,0.03096508656
-0.48891662793,0.75677733192,-0.17617765249,0.16347705832,-0.44534618026,0.88848039350,-0.19759205650,0.22263914332,0.01669222976,-0.11635285423,-0.90701981725,-0.35934174881
-0.53355318515,1.07804988645,-0.45274407993,0.89395580153,0.32185336215,0.47840466629,2.92353304044,-2.05870451666,1.11497782226,-0.16851620876,-0.03830501444,-0.04707248927
-0.18974674213,0.49826553090,-1.13025008935,-0.15786904292,-0.13021574638,0.18715647571,1.96977406389,-0.26012614479,0.22023083608,-1.10711318490,-1.06722814224,-0.28586280002
-1.45214011736,1.89798906591,-0.53760038452,-0.93805911421,0.63231173729,0.88124113451,-0.14200049771,0.90207915848,0.85790724353,0.09730027524,-0.81542367159,-0.05987686566
0.32578203484,-0.38140034629,-1.14806200468,0.94969757294,-1.45642081302,1.13658257191,0.51814515991,0.35586201546,0.14550641339,1.30510031793,-1.72631387180,-0.49039365417
1.60233859497,1.53445184122,-0.61201929564,-0.78105864210,-1.64262861874,0.55682664466,0.22768081016,0.40115579761,0.85049477872,-1.64202059245,-0.22938531008,0.17289207787
-0.82004025328,-0.41608274759,0.78509467901,1.22203526279,0.70156841711,-0.67346352188,-0.14498370612,0.43832638994,-0.37081105335,0.81402390975,-0.35350581567,0.32277963085
-0.23511844817,-0.05231499184,-0.02090549647,0.72961405049,-0.28014988028,-1.12817849456,0.77367661057,0.46977321124,0.15583114720,0.19690675146,0.30754753693,0.20387454270
0.71868735934,0.67087916697,-0.39842025792,1.23416283918,-1.49321129182,1.63364133261,0.97155568939,-1.72416725118,0.56751735078,-0.19745034901,-0.39061547558,-0.48948529275
-0.55777060776,0.47297236283,0.20076097700,0.16364221819,1.60155479790,0.89440809954,-0.07900440951,0.33309167365,-0.05634204163,-0.06337475906,-1.84466493199,0.62279401109
-0.45198265638,0.08519090142,-0.19611275841,0.88147755166,-0.17126082015,1.60957411194,0.45870077352,-1.16519658782,0.06339916434,0.73255562287,-1.13875158470,-0.56304140748
0.01257625526,0.81053363122,0.60564306289,2.23146858355,0.02777974792,0.22280709231,0.06960181339,-0.36497209031,0.23490117442,-0.41418817581,0.04329269302,0.80121059353
-0.18796806635,1.23453529609,0.58410330300,-2.02592792062,0.32328324976,-0.02396377558,0.56316050552,0.27178552980,1.28641294536,1.07663187505,-0.44599500306,-0.08519659812
0.53102851212,0.28541954633,1.70172677261,1.01148632297,-0.79751033472,-0.25153319046,0.64303094756,-1.29670903119,0.41119179060,0.91572075673,0.45127316683,-0.06420152648
0.33108443161,-0.16242321060,-0.91154086213,-0.87373111164,-0.14866079316,-0.17092412998,2.18792900971,-1.10469442261,0.45851893017,-0.79036022482,-0.16897161966,-0.50947623705
-0.24896786055,-0.28824899238,0.22835457417,-0.75008487037,0.24412616653,0.15656215850,1.34982232595,-0.74474285660,-0.37413731300,-0.21061100857,-1.33435600524,-0.68483673843
0.14892168068,0.17641290584,0.16383713267,1.00531424171,-0.60749285638,0.57516126302,0.36702867297,-0.66348559900,0.29279452797,0.36041159305,-0.33263181517,-0.14418612898
0.13111347151,1.89945623102,0.76766967046,-0.87268179912,0.91461431779,-0.09457900723,0.71671970922,0.45534680805,1.26840598482,-0.18452302524,-0.66195158933,0.95786447868
-0.48513143564,0.61882823710,0.57225622716,0.12124983281,0.67289334829,-0.02251542202,1.62816120862,-1.44676252219,0.60763060064,0.16740650528,0.11449866312,-0.00758677253
-0.18120291876,0.14413205779,-0.56569506033,-0.18492106063,0.68172528828,0.78983740685,1.65893608392,-0.68474798189,0.35579244757,0.11320513854,-1.60414777758,-0.06564579604
-0.56512068654,1.04835689097,0.64760308739,0.27819872406,-0.44013313492,1.23320078039,0.35395519135,-2.17312533780,0.60970603613,0.18807594064,0.78896640474,-0.81798212609
-0.83815020006,0.98724159074,-0.45601748671,-0.20135130657,-0.86747053876,1.78488323097,1.73414715101,-2.91781675861,0.48739430376,-0.35353935840,0.19297829846,-1.67180632698
0.75630584486,0.19324147436,-0.18470377911,2.32249022663,0.05103479567,-0.18531358989,1.29203442631,-0.14245816312,0.35663952353,-0.39576826914,-0.60316314431,1.18810798130
-0.41827377625,-0.07016100123,0.69651712995,-0.11903118932,-1.46017905817,-0.13573490156,0.83021483256,-1.27242460720,0.28245703461,1.34593047368,0.66755247247,-1.36553157430
0.30066177447,0.55709761428,0.26519457478,-1.39824679699,-0.37479092708,1.42339863061,-0.96773823503,0.35493360232,0.48018183910,0.99801181178,-1.37239275545,-0.44145678800
0.44203952147,0.07385476989,1.14458666758,1.91007736736,-0.03795512616,0.38162787530,0.78559791695,-1.52050385915,0.31730394074,0.71970538105,-0.12474821790,0.40154476911
1.00980793690,-0.36963578050,0.40333037335,-0.63629385624,-0.49899592059,-0.59673399230,1.36969260042,-1.07919500600,-0.21770818676,-1.07112397544,0.06293222434,-0.30881317307
1.05777066358,0.48369532137,2.23483836993,0.48064020084,0.38990495344,-0.03108913739,1.79549995113,-2.11123174098,0.83180318787,0.95438884301,-0.36957617560,0.51065966615
-0.67389434795,1.46811157474,-0.04198055985,-0.04652500499,-0.31082666266,1.41141116164,2.06449380718,-2.29108201545,0.80119376884,-0.20423484155,-0.39522640397,-0.88421852422
0.12805441372,0.27985878457,0.05996024889,-0.44904588876,-0.90985868868,-0.36915493637,1.76015456038,-0.19077590887,0.68502165449,0.89585126038,-0.70371308639,-0.51174958982
-0.38620963591,0.53532976616,0.18270561663,-0.11343138448,-1.11427267925,0.40686352842,1.19714712297,-1.01479072042,0.58808327035,0.98810144577,-0.12974224013,-0.97956095837
0.42394795604,-0.24717838284,0.10986930184,-0.67270684730,-0.23140262517,-0.55394033094,0.88876493017,0.94530553010,-0.24465847943,0.03049569239,-1.69553958053,-0.02362230135
0.12219933994,1.12898140773,0.01309277165,0.45734247849,-0.96472359867,1.29006394447,1.64691556038,-2.39132586891,0.61206956000,-0.63781006011,0.09962688423,-0.76029791350
0.10905715062,0.59818231019,0.54017961786,-0.44415728024,0.67747814531,-0.24294286552,0.85058212836,-0.91878291192,0.53885108655,-0.65541431408,0.43109367006,0.27949948197
-0.45260528211,0.76314762956,0.93095725964,1.73088740211,0.74236401628,-0.52733890825,0.78432334031,-0.26036864289,0.65134600545,0.62110366674,0.17332506561,0.94392612247
0.26393976520,0.90050786730,-0.20033003886,-0.83727200132,-0.29490736155,0.29641673231,0.68622459370,-0.02613672052,0.75974496066,-0.22476139304,-0.42230790290,-0.05388994714
0.13407094571,-0.05703728997,0.98313189239,1.52390399321,0.23205247558,-0.53065859424,0.54866925520,-0.97544626067,0.48185218112,0.66274039462,0.81474928635,0.52578117274
0.29022088378,0.22767827794,-0.30461213677,-0.74944205296,-0.77947867475,0.09131680011,0.92778778590,-0.04120967705,0.34921911537,0.00813224947,-0.68114083811,-0.50142441209
-0.24414579913,1.19997068087,-0.35895226378,-1.74861850793,-1.22279728963,1.68896758695,0.38562436657,-0.54524985442,0.99558625904,1.00564272332,-0.99579346911,-1.34118107661
-0.08622557456,0.79792638248,0.63840809595,-0.85839279107,0.02476436569,-0.14658279295,1.15670565923,-0.40627383741,0.84004342054,0.63157104416,-0.38507111086,-0.15824643546
0.17136966735,0.58753918625,-1.74311976232,0.95976064779,-0.90956841457,-0.61862222396,1.48685894820,1.58248570398,0.06399722440,-1.36564269402,-1.08262478126,0.41846846829
-0.86278747808,0.00703608470,0.23532777378,-0.49901983957,0.71270304490,1.35327063422,-0.32549048583,-0.78781661691,0.22766325157,1.26736798229,-0.84849521521,-0.60621341338
1.21917394142,-2.21814622153,-0.87871116766,0.11111267336,0.05172787614,0.07859683211,-0.05512042532,0.53062756370,-1.06968262119,-0.25937993692,-1.72912578947,0.04725129717
-0.25195831331,-0.58795171381,-0.68117764221,0.38898698665,0.42018136178,0.12177059994,0.45047596674,0.35516368948,-0.44638341068,-0.40034528354,-1.23425357010,-0.01131517581
-0.12242968059,0.96152876913,0.28312530057,-0.31211339897,-0.17461885178,-0.30443495331,1.84164566675,-0.83327261869,0.98847905251,0.15863930673,0.07282757645,-0.12983981271
0.97330536518,0.96960018115,-0.26167173928,1.48654597284,-0.22850220706,1.22697686013,-0.61116859422,0.16326494670,0.36916539183,-0.95644867280,-0.67907252251,1.03481817940
-0.76337485586,-0.01103657375,-0.86340915474,-1.30116488210,0.01786440614,-0.99975762450,1.69902148486,-0.74592314437,0.51798912410,-0.54174064955,1.21865161228,-0.82050807822
-0.11054479133,-0.47243473684,-0.09519000828,0.40330452844,-1.29102899356,-1.00067544427,1.68222733930,-0.11548279795,0.53696868749,1.49168227342,0.02776717637,-0.66216451766
-0.36564381571,1.64623767537,1.05730072925,0.48285460576,-0.90875909546,1.24890386962,1.18750676091,-1.20582874138,1.63307914256,2.66098854651,-0.70478783151,-0.45989763197
0.46009979573,0.42915561161,0.37333210898,-0.39208277484,-1.00904936834,0.78046883397,0.45189338760,-0.65458124529,0.38342468515,0.31856117614,-0.78080079040,-0.63698255021
1.24242023204,-1.03915047499,2.15198304659,0.48848442100,0.80898741081,1.16407090094,0.61406753335,-2.01660057961,-0.35620733135,1.37238290036,-2.14104399126,0.12516520773
-0.58094736535,-0.19919399958,0.41202955323,0.35415128065,-1.43962331682,-0.17347780879,1.23847642636,-1.44087938787,-0.02203287818,0.88540282670,0.55467449601,-1.38833947305
0.91262427387,-0.79827122659,-0.23676973517,-1.34146528171,-0.79635442051,-0.90660210951,1.56875029569,-0.32677127194,-0.03996166849,-0.35834174176,-0.28015409987,-0.62508519860
0.45870412930,-0.68210593847,-0.25631029305,0.60600104977,-1.27829479546,0.57908722452,0.18505078236,-1.38634565003,-0.52067266046,-0.60829482871,0.38013152509,-0.93633837017
0.32165652220,0.95479266221,0.37952980178,0.39990596237,-1.07626097089,0.62858181741,0.00376513721,-0.37554497553,0.68364220426,0.28192536309,-0.00931665346,-0.17339116097
-1.45306193646,1.52732440185,0.06326324908,0.13741213907,0.38533115759,0.63386469784,1.22976686640,-0.86391289676,0.90349801360,0.48644660636,-0.16005913550,-0.34976847064
0.15238323971,0.56427203240,0.39065896662,0.30141154212,-1.05543189685,0.78423626190,0.96104337117,-1.59271109717,0.35063666428,0.02840004919,-0.03631376411,-0.76460430377
-0.77098647875,1.28695193391,-0.75181497825,-0.33350203170,-0.21237858847,0.69877966826,0.52187332356,-0.27384690549,0.43465021568,-0.91333365888,-0.02513146676,-0.41802612067
0.82658192174,0.33608909559,0.51506280603,1.13936325735,-0.68794370239,0.83312872753,0.96750589483,-0.88804585620,0.44374137831,0.62287940608,-1.12818390743,0.16010810608
-0.30430986319,1.00338074907,0.09527531817,0.15082836951,-1.33612301877,1.71568854218,-0.67412759925,-1.55431357815,-0.52668582999,-1.70450636729,0.32534998245,-1.30750455387
0.95173575184,-2.20503662441,-0.62130621787,-1.89312480957,-0.77653818430,-0.26156436588,1.66677563487,-0.64474591148,-0.64280102158,0.32934237272,-1.58209104873,-1.46566603781
-0.70680721335,0.30063383535,-0.04810968544,1.78291507561,-0.50753422504,-0.31725195120,0.34811520643,-0.13337573163,-0.17277147379,-0.35290007132,0.42859668228,-0.03651746975
-0.01601205386,-0.50678479010,-0.62046897147,-0.70978329359,0.25458440316,0.16654784201,1.99914251630,-1.12615110503,-0.31626004966,-0.94680657940,-1.10058709979,-0.69399073159
-0.56183378920,-0.23677507550,0.43478049839,-0.20514331209,1.36079561927,0.26306623110,0.47812427615,-1.28842596913,-0.18314688004,-0.46893881704,-0.08303072205,-0.11099272178
1.39996958362,-0.74190264798,0.02716575579,-0.14259799401,-1.40050835127,-0.53548168561,0.38904992558,0.74064676396,0.13244478710,0.60983777255,-0.88908400038,-0.08331396476
0.05403559070,-0.14623096250,-0.87199618606,0.36836421605,-1.38869788342,1.35646578310,-0.47586510848,-0.64427328278,-0.53180308352,-0.83587103054,-0.30424520080,-1.09237338893
-0.53668322021,2.23656541976,-0.20348458727,-0.67631626738,-1.08576921193,0.39848893989,0.52958284221,0.43365963800,1.29582079432,0.08127504441,0.00265402461,-0.34957172763
0.74814625645,-0.39346350971,0.17635550004,0.72159798032,-0.97834997094,-0.14579177747,1.64997411485,-1.42264171731,0.70063186885,0.96677883880,0.26143730312,-0.29177309124
-0.84409446014,0.70785880764,-0.88836789736,1.04830036487,-0.04037299349,0.99307284509,1.94065301985,-0.56844117601,0.41945444508,0.36926168345,-1.59480902149,-0.26487604068
-0.07832493549,-0.32580285100,-0.74721214449,0.28312018176,-1.03013929765,-0.11676820564,0.29066621065,0.25404756863,0.02891959187,0.16920208253,-0.03377353100,-0.53690786684
-0.25120491633,-0.59900326376,0.39412271578,1.33838226850,0.02056559083,-0.27756015711,0.59616159532,-0.65590993915,-0.29145028964,0.34153124963,-0.09936104967,-0.05588535523
-0.39195965309,0.44526038364,0.46093013625,1.35095205406,1.07729317605,0.29119085066,0.98686104752,-1.60484152440,0.02521785795,-1.13153998647,0.16063412021,0.42642244230
0.08594991142,0.69362406318,-0.29661471872,-0.14405795363,-0.79666739817,0.96564988035,1.49633045140,-1.49691892533,0.70264222812,0.09451897183,-0.33516538979,-0.70971261337
-1.73804241652,0.64489256102,0.21056855332,0.87381203889,0.58891825772,-0.70720245893,-0.13854191745,0.05823601375,0.30865675423,0.29402167809,1.33320373273,0.01259156700
