0.65717970710,0.26996079931,0.38911187667,-0.38866088423,0.21038465044,-0.32928767160,2.22729347022,-0.65165468231,0.06755376154,-0.98323218133,-1.42363991916,0.13779863504
0.26163238335,0.10830182581,0.44207431366,0.81729206783,-0.88688248565,0.44195223877,2.64195504713,-2.24409012566,0.40268341378,0.75166483686,-0.59392976471,-0.71835829483
0.94643051285,1.45564856439,1.23290767626,-0.92282029458,0.68595223351,1.43830783874,-1.15619333845,0.19919028295,1.49001030279,1.76722048982,-0.92092772907,0.93310345019
0.02231138757,-0.31383687145,1.13409577681,0.60525490072,-2.03018830391,0.25472346651,0.85210936291,-1.06329149739,-0.73365165590,0.66750106773,-0.93584405012,-1.50080152060
0.58886150066,1.92648811216,0.56540958503,0.92125392327,0.06393116185,0.26375824754,1.58557474861,-1.41176473653,1.15915832409,-1.35304282095,0.44676030026,0.83025235534
-1.50517089694,-0.06174494669,-0.13698065628,0.30298467686,0.35838044870,-0.42695012234,0.86012040147,0.36714315509,-0.16269507335,0.82727473191,-0.68414310087,-0.44300770735
0.72534676860,-0.13528021340,1.29369784079,0.62872025148,1.06013326574,-0.02713995697,0.40765087213,-0.43247637920,0.32844177147,0.79521763693,-0.87908803605,0.97158676695
-0.80474344451,-0.40902311505,0.79428968283,0.15918799211,0.00651899115,-0.31041342873,1.56496784418,-0.97533053036,0.09436825720,1.49321456519,-0.66913771985,-0.81501410384
-0.07512348315,0.03311665508,0.55078873364,0.81451383069,-0.40647128335,-0.24256000832,0.22474062727,-0.89244283254,-0.32109935390,-0.62433046875,0.71558316073,-0.18447413006
-0.59803727789,1.35807442915,0.77350221374,0.47764934629,0.14896991932,0.92583166365,-1.14229092898,-0.54413516028,0.26179773335,-0.55904011434,0.58897623493,0.09186339774
1.08909449960,0.85033831794,0.02771125025,0.70366727760,-1.35189567801,2.57553244140,-0.58014900313,-1.12413483898,0.15214720872,-0.40020559286,-1.33126934919,-0.37707163708
-0.16076324594,0.98606475947,-0.50570322156,0.98619416856,-0.90343420330,0.23679762971,0.76001074609,0.13641653779,0.73847515734,0.14520963755,-0.12853446296,0.06859914027
0.87827926545,0.09584103838,0.08732817213,0.08125953719,-0.83201737067,-0.12525293001,1.38383925274,-0.23873120410,0.21126134365,-0.30277069233,-1.00147186731,-0.04914998346
0.73858300993,0.22279046652,-0.47403975738,1.67462837914,-0.18261927603,0.36463284298,1.95595408498,-1.55705780508,0.01483273317,-1.68672106112,-0.41493375957,0.35999387670
1.55483131261,-2.69434332126,-1.06115456462,-0.10861260439,0.46525898359,0.47264746066,-1.75248919722,-0.10793065771,-1.02501134854,-0.94159438411,0.03911063671,0.02503841425
-1.41715183470,1.80381016500,-0.70832131665,-1.30995727251,0.37461706526,0.41516839804,0.56553661194,0.45524465383,0.93347432842,-0.26402485407,-0.21774436674,-0.36843104887
-0.10578792587,-0.35503170845,0.26073411142,1.46243068515,-1.15111861736,-0.32200512539,0.03423672682,-0.58053776303,-0.30860625123,0.06041648522,0.80205720292,-0.42229567226
-1.85431223222,1.32615507806,0.14977226148,-0.03856030631,1.49229555151,0.08063270854,0.89499879313,0.51547241811,0.60939517942,0.72875077333,-1.04833876655,0.21756420525
-0.63003271937,0.36930821070,0.06497093146,-0.91546957026,0.12710630412,-0.04333765081,1.29918574390,-1.16689792812,-0.61868199669,-1.72405111757,-0.13731688193,-0.89794942422
-0.48622966550,0.15192332236,1.02948216776,-1.32982576445,0.58269309083,-0.99650474724,0.95777374117,-0.02469304982,-0.36681260658,-0.67530579921,-0.62542867541,-0.37079446052
-0.23914084520,0.59663718752,0.43411879757,0.43960612984,-1.80232100304,-0.80914302208,0.42693915951,0.21930297284,0.60044958482,1.13756492599,0.88789311682,-0.57582048449
0.94736650098,0.41403019148,-0.23623304225,0.88425179887,0.03546835859,1.55652661092,-2.03008605879,0.28957755423,-0.09403122691,-0.88396683824,-0.28667679511,0.89883193607
-0.29845662194,0.12289773544,-0.02040499697,-0.46040710398,0.57737854468,-0.39891186736,2.37129301271,0.05102766663,0.79454406500,1.42825244172,-1.62083348941,0.00918535436
1.21517752573,0.36438400214,2.89323421441,0.62937178346,-0.05043201983,-0.59127887009,0.39580565570,-0.23094490426,0.56848176776,2.25505066125,-0.86148458012,0.77943092336
0.47818446822,-1.05108423299,-0.21837382293,0.29179133194,-1.20581365865,0.89331817420,0.32218386028,-2.34993572041,-0.72248242861,-0.95183558373,0.62605473126,-1.48804199186
-0.50331324600,0.40801943469,-0.25633310565,0.38031749768,-0.73415171555,0.14863084777,0.93128450895,0.60511438886,0.11075348029,0.65478933929,-1.41237010359,-0.39596450925
-0.57308108576,1.48857180134,-0.07854817008,-0.22315758053,-0.10817534367,0.64960969486,-0.34758763732,-0.41733349504,0.39467354193,-1.18150682469,0.70660318931,-0.11814683799
-0.27092617040,-0.12389492409,1.02798577115,0.58279333881,1.38133747362,1.70785467373,-0.57664243846,-1.58081613007,-1.03625531577,-1.01209854767,-1.39732166779,-0.09169884202
0.32544621197,1.23337396581,0.04196978927,-0.37200251100,-0.75875116324,1.36721965464,-0.12391818800,-0.01783805808,1.26477234500,1.14811730170,-0.84019526963,-0.14760198646
-0.68875904394,-0.03212148731,-0.23205657356,0.96413545219,0.42751497183,0.17573490434,1.54731745094,-0.78346314393,-0.31443571605,-0.50934601595,-0.99779568662,-0.18365236001
-0.52266151704,1.73510275558,-0.69040429889,-1.84913896824,-1.25096424701,1.45251935101,0.37774072442,-1.03043567474,0.56954421104,-1.15769215620,0.19058031740,-1.52703925159
-1.38961368171,-0.10081742168,0.54366497926,0.18786031389,0.59085869947,-0.38276660698,0.83323407768,-1.25383569151,-0.00433423222,0.48432635368,0.72708656625,-0.64672403333
-0.80602684575,1.38453944147,-0.20344281409,1.37738562675,0.64906273964,0.34672615755,0.16760105836,0.63227653021,0.36789521455,-0.62696379727,-0.60407127769,0.84147252373
-0.32676799170,0.02318318351,0.73784110370,0.55501782160,0.79184665273,0.47861473472,0.30510107921,-0.88576529131,-0.30522246915,-0.38414516357,-0.77403591932,0.05917256081
-0.43122967886,1.18489284398,0.34272354742,0.61215129823,-0.91167714434,-0.53047034953,1.62737660595,-0.04501573944,0.70057344496,0.43264647146,-0.16352289953,-0.18204259024
0.14328640387,0.39283977457,0.37373290089,-1.22816404701,0.08944519666,1.45645881654,0.67678134436,-3.24711313574,-0.34122889612,-2.49726133132,0.60490811819,-1.40341999409
-1.41400957883,1.26829668019,-0.66368896887,1.03411954155,0.02087748980,0.69759519595,1.15606074019,-1.10705969847,-0.12662114784,-1.47284602399,0.11600356346,-0.45968771134
-0.84563686729,0.73068555161,0.63816455296,0.33345708550,0.59387998566,0.34839812142,1.30572493096,-1.47605373646,0.05722765760,-0.28842758987,-0.20240474813,-0.23985016995
0.37592749505,0.47068291917,0.62107749122,-0.22643111968,-1.25261560071,-0.00232565545,-0.71195940325,0.72396236069,0.78324815083,1.58288174346,-0.02732199648,-0.19897162505
1.57152282446,0.44851286653,-1.84367576590,-0.01875400405,-1.18662395605,-0.05056407979,1.24021741471,0.00060148500,0.99816040920,-1.66250621643,0.42878579572,0.36810463899
1.41407498742,-0.67114353251,-1.47395141114,-0.21101736274,-1.02025380799,1.04483029663,1.49961498676,-3.73133155432,0.31264875135,-2.19185195614,2.15380561294,-1.12814388954
-0.20161158593,-0.41867619721,0.67104096418,0.52364703881,-0.12347541232,0.63512168697,-0.63463595207,-0.11254781672,-0.00902592363,1.84198291037,-0.70438958489,-0.23563707769
1.69922531754,-0.52265532770,0.05490945478,0.77889491147,-3.13543946034,-1.09443197382,1.32397186630,0.71689750500,-0.91698528483,-1.18516747159,-1.20150980808,-0.69409770957
0.61410933663,-1.58038869901,1.19021019821,-0.41619543902,2.15245112725,1.04713677765,0.00599418383,-1.78446248264,-0.96639449023,-0.44625175125,-1.82468802697,0.03011965720
1.04455466503,-0.72008005388,-1.06123388664,0.87532852823,-1.52895142589,1.22565825003,0.53124089867,-1.91130378057,0.81378019155,0.86051979301,0.83726315946,-0.66201096327
-0.45863318140,-0.07369432089,-1.01716027207,0.03438539531,0.66578914353,-0.89489620486,1.85212261784,0.07707450806,0.46529554440,-0.35617965712,-0.04573664180,0.23850980800
-0.64678085043,0.62062462109,-1.32370636589,-0.16953243584,-0.60610711383,1.15156112202,-0.27797395932,-0.08018069926,0.52757124674,-0.02153919130,0.11632614203,-0.60530514061
0.27160228213,-2.10029968428,-0.61888049581,1.12429231521,0.49820243281,-0.02778650949,1.09815968019,-2.19029413422,-0.50527825974,-0.14520865030,0.69354728484,-0.41169303569
0.21846203098,0.72439135468,-1.94251085723,-0.14498377189,-1.46417344354,0.77918996686,1.33401623733,0.98700975229,0.65465232093,0.23361435416,-1.64112898474,-0.40466823887
0.40842191863,0.02212869857,-0.03832353900,1.03520385815,0.47304271669,0.04212304447,1.17320980159,-1.02194969051,0.61335474362,-0.09626514718,0.08272419733,0.61586092954
0.40439798738,0.81115285424,0.54076490568,-0.77488286569,-1.06354192938,0.54336304349,1.70084122037,-1.06867942637,0.95754950062,1.03999488144,-0.84253274121,-0.74715298411
-1.27217054007,0.93173833762,0.21496366790,0.55759948029,0.71390923095,0.33772599849,-0.13788362766,-0.33591069964,0.11413386954,-0.59513307231,0.21145342555,0.02162259353
-0.46789728780,0.40907131351,0.69883100478,0.18089988826,-0.57367275546,1.38705164329,0.35270904529,-1.63327707105,-0.06940942399,0.59842690577,-0.60712146816,-1.03796253984
-0.69281590041,2.61498945773,1.10445713908,-1.52277781487,-0.16816328143,0.78215385169,-0.98008241312,-0.01988350459,1.23959130867,0.19188806091,0.63283662453,-0.25159434316
-0.76850461526,0.37585298962,0.88258260815,-0.97855119852,-0.70097540313,-1.38123317519,0.63516083066,0.85169531726,-0.02330885825,0.82397260329,-0.13500976121,-0.67133699289
0.64703358088,-0.02885708101,1.90805721065,0.17770148688,-0.60755583409,-0.29190263933,-0.54271414965,0.15902740832,-0.21126830888,1.11177390859,-0.62019127516,0.04263848076
-0.50149473481,1.12721088972,-0.14218234336,2.68793072296,0.21678194422,1.19126913049,1.22508395980,-1.65418983003,0.47350237554,-0.63854127066,-0.20096351827,0.43957493775
-0.19742633479,1.67114308754,0.57592563889,1.25560881369,-1.02591977779,0.81310784806,-1.22259952428,0.58770843624,0.27427550611,-0.32332801768,-0.09030391769,0.26828546300
0.62161599944,0.27188582190,0.58558434609,0.19820504812,-0.20761470692,0.17887459405,-0.46183721253,1.24226531788,0.44847076734,1.42630478079,-1.42079580012,0.61999204824
1.88918334766,-0.03702476210,-0.58482988792,-0.94199034350,1.05489149041,0.65383152389,0.77947491917,-0.14718116740,0.78761632793,-0.92020077892,-1.36342849719,1.19122732627
0.85017870590,0.95859048638,1.43195495066,1.06112346627,-0.42117468107,1.12938017713,0.87831279985,-1.16882768120,0.63039125150,0.71115282357,-1.43073990440,0.25240367130
0.85039595840,0.60710796104,1.40333010241,0.05171301543,0.36873800455,-0.03096639977,-0.50347480931,0.54208659867,-0.17473305616,-0.89246964886,-1.17866852770,0.84268949297
0.07487893493,-1.03106309110,-2.32695799103,-0.08342912392,0.09333832201,0.80747377286,0.72743412977,-0.36886908622,-0.15559552625,-0.55125228361,-0.50504763886,-0.41721314585
-1.90136702373,0.51272815663,-0.14510130201,-0.92134938639,0.24908079769,1.78671025345,0.68573676102,-0.92324656176,-0.41280210573,0.54466234145,-1.99532252532,-1.70382357499
0.08656958334,0.02987635256,0.43964370624,-0.44888230300,0.07815477285,1.38058492041,-0.64278434589,-1.22481643302,0.43276098682,0.73378213237,-0.10850172181,-0.51199482092
0.97064503266,0.71904692187,0.38298935501,-0.08880283494,-0.68603476924,-0.94836681302,0.78687413918,0.96439569096,0.80950022031,-0.03525002494,-0.37297142642,0.64968034527
0.64954672920,-0.98968690375,0.62024850376,-0.83495191899,-0.22925399424,-1.72313318035,1.43067932530,-1.16760290918,-0.00601019286,-0.33632049192,1.39834560955,-0.39556705810
0.27221563974,0.44238468372,0.88248355470,0.51771719032,0.56043681261,0.03074633901,1.45283414709,-1.55165193785,0.29114750060,-0.58569450798,-0.15097181671,0.31904459431
-0.35405063233,-0.56832956288,-0.43269480745,0.60104006978,-0.33118884744,-0.59586329837,-0.92454756276,2.04155703951,-0.51868263241,0.56772571552,-0.79240085693,0.19959331855
-0.61873393524,1.26301747312,1.03330262012,-2.85729040946,-0.77262723877,-0.26319837551,0.50786475111,-1.72224222478,0.42475257923,-1.00873131069,1.82897734981,-1.75495350150
-1.27084645869,0.38149243175,-1.06853983997,1.05236788729,0.77856804366,-0.50983636696,0.38486824037,0.83239901657,-0.30021282413,-1.29572325496,-0.01605330554,0.37135347644
-1.02655753159,-0.00730352524,-0.38252951424,0.68038272289,0.94392581655,0.81877199764,0.24877770958,-0.75246338502,-0.61875214857,-1.11766251969,-0.73890249749,-0.26599125329
0.18472977458,0.47228827101,1.07294225558,1.27788232321,0.73260353733,0.37455211349,0.85958159469,-1.67120846047,0.42634794788,-0.01475037720,0.13568008578,0.58115928519
-0.07324309492,-1.00251905988,0.50853930821,-0.45139528087,-0.16114197459,0.30394450210,0.10569710043,-0.50024973146,-0.35824501112,1.11448777967,-0.97239906092,-0.82115274591
-0.83661401079,0.38363468320,0.04737723033,0.33558399972,0.64630278409,0.77337517074,0.61244348743,-1.17447635292,0.23047270126,0.15425696752,-0.16625696527,-0.22434506429
-0.12708136483,0.75709683877,-1.98606654344,0.49706015839,-0.09107512096,0.26004748286,0.57672704811,1.27361926470,0.50593165420,-0.94448973633,-0.68255443957,0.53707754656
-0.22216960759,-0.47960880438,-1.15623187318,2.01779720424,-2.95404585591,-0.96723420582,1.56274132812,0.11882900349,-0.39233264530,0.00393983962,0.40441458277,-1.17289090476
-1.30875617468,0.33597430146,0.47989760302,0.11844307917,1.63332604911,0.74650695654,0.05072211612,-1.04825219756,-0.10960911410,-0.06815714341,-0.31142145540,-0.04552466548
0.86432826144,1.43483726954,0.62882680608,-0.03394807502,0.44532692815,1.31216310403,-0.59610935911,-1.35388681482,0.77859034556,-1.68513035999,0.51390203704,0.63555021821
-1.94068989343,1.77955287266,0.18496165605,0.33514690317,-0.46125319543,0.92329172886,1.13267706265,-0.78799476533,0.76684733071,1.17221796697,-0.34808297137,-1.00988404802
0.55639260861,-0.95193643140,0.43076013139,0.37246071902,-0.15992165192,-0.29716375138,1.15245250305,-0.73158818357,0.13173986129,1.01732563675,-0.61438197408,-0.11543444552
-2.01819262032,0.83926284876,-0.02704808320,-0.42277771005,-1.18405286364,-0.16506773525,-1.24347272898,0.50056874763,-0.04130431785,0.15895094811,1.37253010440,-1.49702501811
2.60486853432,-0.41042792340,0.40632354004,0.27553099247,-1.07548807699,-0.47111218317,1.02488352111,1.03736108693,0.44509151599,0.58847908992,-1.99987088647,1.01958386419
-0.93086043144,0.07297925884,-1.95363379299,0.51650709428,0.38255873833,0.35365792510,0.74237249479,-0.16896022058,0.33482749552,-0.67753953159,0.31569349602,-0.13314589010
-1.41451884247,0.55998215148,0.40384180979,0.59926067714,0.00175614795,-0.64980114734,-0.05369623152,0.85063811168,0.20812114861,0.90069632515,0.01120666778,-0.16439411301
0.83405471461,1.23328114852,0.23545555162,-0.21584788612,-0.20665985506,-0.70282012157,-0.40019875205,1.04952750815,0.56444880412,-1.58104048821,0.50751400844,0.98206938718
-1.14683066587,0.46024899345,0.41432382007,0.99296113407,-0.33242450548,0.99140704851,0.01619300459,-1.06175515139,-0.19919619357,0.46774878739,-0.18493759374,-0.75745360066
0.95683573039,0.04081092096,1.62914038067,0.36954630182,-1.21125799599,0.43088373602,0.87114736903,-2.01727396771,-0.66342901278,-1.01039398468,-0.47127130448,-0.81059019784
-1.47639444961,0.05710853369,0.16589917922,1.31635111906,1.54693109115,-0.75591783334,1.26322991636,-0.00279646458,-0.18789739146,-0.01214941271,-0.50982266596,0.46415453674
-0.10250255712,2.18826836490,1.15222207087,1.89341345110,-0.59698360774,0.06571679384,0.30749977570,0.00551071262,1.30884234309,0.78360769278,0.44506571086,0.83898147871
-0.56307140474,-0.85949071886,-0.23492488611,-0.66804583491,-1.37023240916,-0.39980945654,-0.15515965051,-0.52845002161,-0.63427755714,-0.08375277583,1.01901981953,-1.68044426756
0.15662136184,0.19343260135,0.74830956503,1.38003954762,-0.03489374462,0.50198641452,0.60837413226,-1.10217608637,-0.48998126299,-0.92547214059,-0.75929754841,0.08948709683
-0.60614126042,0.18781852955,0.91507262771,0.39629007481,-0.03058491263,0.11868661030,-1.46430632834,0.33928328423,-0.72955827208,-0.62771855179,-0.04118366091,-0.23603356745
-0.49985452551,-0.49676476448,0.40525192477,1.22297289521,-1.64041874672,0.29021391058,-0.40332975946,-0.53079330277,-1.30588543686,-0.34502496918,-0.13974705121,-1.28253091986
-0.33126043417,0.84747436617,0.05343059290,0.23842382724,-0.76037019367,-0.12621838282,0.45739356019,0.36375022337,-0.30705198416,-1.09851318586,-0.53390731162,-0.26926499286
-1.18800296976,-0.39398331556,0.43133372648,-1.53769717767,-0.21759335861,-0.28336064188,1.02946037760,-0.69074001720,-1.12563405520,-0.62272054369,-0.81173804428,-1.77297436926
-0.99422185879,0.74255592527,-0.40994853063,0.00145362781,-0.07177470903,0.95494147582,-0.39231715232,-0.19001272968,-0.25319759933,-0.77162526395,-0.26106803331,-0.55333871580
0.58225553060,-0.06433980363,1.54410312018,-0.70928171732,-0.94030152825,0.35489703423,-0.18791116272,-0.05915801453,-0.12102406128,1.27566857263,-1.44136913518,-0.67405520515
-0.04424315917,-0.42629557051,-0.09799730587,-0.05915628068,-0.65642956402,-0.01459034226,0.56231586867,0.04238976114,0.45491681867,1.70363272970,-0.48072714707,-0.45593057528
-0.43465253063,1.72041605458,-0.69826081916,-0.68704694831,-0.65055970351,0.42978987427,1.47482329559,0.53638203598,1.06823584318,0.23035647771,-1.08887464884,-0.26001716013
-1.05564115106,-0.28438663890,-0.47825494194,2.92151845750,-0.69177544588,-0.10071177650,1.79775156351,-0.37280687665,-0.64107439168,0.08661804909,-1.14515728548,-0.39642465759
-0.09748838682,1.18894525234,0.05678027291,-0.01581131555,-0.25067608559,0.76619871981,1.36145312989,-0.89057782577,0.78762426797,-0.06093299971,-0.69296990504,-0.18331583558
0.45301163514,0.80237564375,-1.29348871915,-0.03077314465,-0.61914977387,-0.19885404715,1.66648783651,0.03477093705,0.31791765330,-1.99911643690,-0.29327687344,0.05313270938
-0.67152969401,0.31748140571,1.04647451094,1.63203620857,0.56314183408,1.07806619295,-1.71672879084,0.15112277176,-0.54374691244,0.39220951221,-0.79837471630,0.37744372537
0.30898852293,0.46100880844,0.10244882935,-0.82663914448,0.49287114301,0.40932811308,0.25824749533,-0.76569945746,0.50479903064,-0.85034598187,0.07526521922,0.09052185182
-1.08429296630,0.65805949744,1.11108743861,-0.97767326982,-0.33807496487,-0.46851619496,0.18814591120,-0.73845051062,0.29849065966,0.37884922509,0.90496176484,-1.06311108177
-0.79806794035,-0.60722434948,0.79264647657,0.63419792736,0.22853910627,-1.02438418142,0.54674251486,0.12604669767,-0.33096254600,0.95173227738,-0.23459598970,-0.20736582877
1.60918206872,-0.23802857019,-0.95806672053,-1.03819540250,-1.52336890459,-0.06706135048,2.59263924474,0.07493625473,1.28517056390,1.22502584954,-1.67441158810,-0.39318788361
0.85977882848,-0.26624383029,0.36120759826,0.15391663532,-0.39013187743,-0.80145586413,0.03674174496,-0.13379746238,-0.18716399779,-1.36230821031,0.59281915997,0.20937871800
0.57568283961,1.77316330042,0.32005584204,-0.33465022101,-0.16922663904,0.83263585309,1.85823312642,-0.08202560947,0.62218369864,-0.84824177027,-2.37389918237,0.28513529126
-0.08190021259,0.88708510068,0.02173002544,0.37454339554,-0.91621215441,-0.73048492217,0.77062397080,-0.46326156916,0.45142711608,-0.65885666657,1.46327188829,-0.06115008574
0.08635598745,-0.07589436028,2.34673487029,-0.79166197076,0.90201584390,-2.24704802389,1.44016003112,0.13500518462,-0.00905953468,0.87834895503,-0.27194424321,0.42118260314
-0.79877226762,0.68864373543,-0.05577532247,0.76477432052,0.69949123809,-0.20394289116,0.42438832217,0.34666662541,0.56663656808,0.21435535283,-0.09950559721,0.52237704572
0.25707104832,0.31978542098,1.46883391246,-0.02407481583,-0.36988500347,-0.15351940188,-0.43436987960,-0.95157390950,-0.20254358313,-0.69112191039,0.76163915377,-0.28058949215
-0.71155827890,-0.93391369567,-1.43092830162,0.79691151607,-0.11891888936,-0.67591624786,1.80194229143,-0.19066394333,-0.00589956150,0.27918909538,-0.11198238101,-0.44524594328
-0.26830591924,0.41724598401,-0.27148899148,0.55295835528,0.13310281257,0.83019200113,1.56269169560,-2.01359622803,-1.03501179889,-2.74994612140,-0.55530022775,-0.64645401074
0.32355440369,0.47526893557,0.71997022057,0.18091512207,-0.00904802512,0.40394947571,0.33002402507,0.64994599941,-0.26432828812,-0.11551011116,-2.22671743748,0.28735984815
0.38824481050,0.55984863391,1.91013623617,-0.69968233337,-0.24629555787,0.29930860768,-1.61503528659,0.12291020514,-0.01526361041,0.24773422836,-0.24669043352,-0.13302320416
-0.23881642813,0.02165906965,0.38867073821,-1.15954912734,0.24710977717,-0.92049942744,1.43619137879,0.61599484504,-0.19235668168,-0.13303250377,-1.43493822602,-0.25340524962
-0.74426570105,0.10745059132,0.75274651207,-0.75941669663,1.77256427906,0.26648982675,1.78087118893,-1.84985276184,0.52122018911,0.62273314741,-0.51698240579,-0.17570235232
-0.43390938702,-0.87281034778,1.21817529173,-0.27740921148,0.28132653939,-0.58135365405,0.08883978574,-0.69203812286,-0.53515406507,0.78802151327,0.04367100899,-0.60136377958
0.13372365682,1.46307694438,0.79009372656,0.91852950907,-1.17374345502,0.01239389786,0.61096634529,0.74151831289,0.82506743306,1.02561424796,-0.97024617973,0.22050562306
0.93833939492,-0.75881912771,0.01053758473,0.80261716346,0.45581972818,0.79170297983,1.10861117406,-1.11515429409,-0.76838449812,-1.15606980009,-1.86012792750,0.19368377137
-0.50698162342,0.02150470487,-0.53426205625,2.59645175492,-0.38757896200,0.24624075521,0.30620462318,-0.22830981294,-0.29763419612,-0.37199542873,-0.06237174731,0.24305313786
0.02253821914,0.79845154952,1.71677163407,-0.65706416768,0.81087811137,0.37505863510,-0.08989232087,-0.82979907705,0.05906379555,-0.10492513125,-0.47680046243,0.15438165214
2.03810089197,-0.55472319146,0.27327177979,-1.78727810546,-0.96032266243,0.05628640460,0.94750786954,0.04364422675,-0.18217580593,-0.98901340397,-2.01627992362,-0.42452502156
-0.59727489336,-0.56973511558,0.37139307478,0.34841995065,0.13520003647,-0.22605867863,1.04506618174,-1.01814265544,-0.06570264113,0.25396261844,-0.25725975879,-0.63817855390
-0.80507240020,0.82145422907,0.30443181217,0.81025740397,0.95055860981,-1.59143842593,1.75993956884,-0.28867808636,0.58273194498,-0.60312120267,1.10297147390,0.71888096974
0.13028027715,0.07532997695,-0.90973339086,0.04684492692,0.00158208906,0.96665155801,-0.27078970567,0.20755268943,0.00711440392,-0.34065198786,-0.79042578067,0.08314174640
-0.36526045620,-0.65430093815,0.54529941782,0.83396174769,-0.03498732058,-0.21496999037,-0.03565770966,-0.18679740844,-0.43696026861,0.70778778615,-0.26418304558,-0.17650714760
0.07821431154,-0.16067314776,0.25233794398,2.61260179208,0.42447523746,0.67302951504,0.37043958193,-0.30691254131,-0.43623902692,-0.09267605122,-1.42807146660,0.77761478536
0.29907274115,0.95949493092,-0.71207367709,-0.68481483765,0.63294947130,0.23972651620,0.59214184052,-0.03064664193,0.58476566872,-1.67896056171,-0.11354832468,0.53532566493
0.56991914220,-0.66516725749,0.09473992990,0.81101800814,-1.67203640182,0.13583159713,1.40780601445,-0.88500553509,-0.39476386919,0.32605446708,-0.98683010177,-0.90167009823
-0.52754581403,0.46796825149,1.06848484320,0.61345754217,-0.51815368552,-0.51000849254,0.66992740591,-0.25938945314,0.62982854838,1.82521678330,0.22427984639,-0.25176682062
-0.52075445614,0.46094458146,0.21358001196,-1.11521870694,-0.26476395792,-0.55899435958,0.60902222234,1.05350151455,0.09806314947,0.37655935056,-1.11389282070,-0.41539656172
0.46931831238,0.96623765791,-0.40468302143,-0.37605594722,-0.15337706999,0.13190123275,1.04164455680,-0.90873278407,0.68191762126,-1.47149540434,0.59853409111,0.15270832816
-1.29883229324,-0.08876130415,-1.23194763129,0.13387168383,-0.25785149233,0.34582219701,-0.52716603505,1.25593046522,-0.25561963297,0.62216383956,-0.65619333439,-0.51770944495
-0.01409162975,-0.70381956130,0.68384771203,-0.15618386260,0.25696875206,-0.06886853790,0.79841365336,-0.62204254705,-0.02902152257,1.04091826147,-0.89613601506,-0.33690907263
-0.83110640601,0.54032081378,-0.04803434925,0.12518791791,-0.16654016405,-0.23029983739,0.69149595043,0.13785625210,0.50571074742,0.65238165782,-0.07310653338,-0.25201028716
-0.04044942901,-0.20522884316,1.01768675639,-1.12094552119,0.68867142957,-0.13238719276,-0.96747631573,0.18127403990,-0.15801023035,0.41300389968,-0.14831783187,-0.00421235268
-0.75961627986,1.04371001973,0.50869131376,1.21034444523,-1.00150518076,-0.72331314341,1.30709894990,0.55058395753,0.67919403439,1.37668672376,-0.35122349126,-0.12573601805
-0.35604745891,0.15937108475,0.16133371036,1.15498722011,-0.40868740847,-0.59605267267,-0.44278733207,-0.51126911497,0.45352369528,0.25575064775,2.16527392033,0.12688878072
0.21347239373,-0.33282176835,-0.78721557811,1.38337692023,-1.11137805253,0.75101987102,1.37046220494,-0.87197435263,-0.26645841561,-0.22363500829,-1.10879533568,-0.56934920941
-0.34112185615,0.36720743402,-0.64888957833,0.66315921892,0.07134541991,1.16436132668,1.10508963511,-1.58845923161,-0.01280686078,-0.96619747249,-0.40105913555,-0.40578284565
-0.12035516946,0.83910117712,-0.33256894058,0.05636600096,0.66464127090,1.18643686722,-1.00860659696,-0.00385442052,0.79414229055,0.03394101600,0.05148592025,0.56327966936
-0.16935875775,0.01431468216,-0.51304107958,1.66009023150,-1.37404934248,-1.69777143526,1.20800814649,0.70534100920,0.56799884957,0.38093968611,1.04778479027,0.07789430422
-0.02256856792,0.70412989388,1.32135480598,-0.26618772879,-0.80437276532,-0.60472488404,0.70651098753,-0.61301373206,0.41503536039,0.54090534378,0.47385467329,-0.42191283934
-0.48544990821,0.35391653985,0.27462806941,-0.81728835342,1.84198601943,-0.26794071152,0.09708918547,0.45502699934,-0.16580419718,-1.08526918231,-0.79581839955,0.63592509115
-0.95057369384,0.53943393297,0.42089923629,0.28025430825,-0.07294601054,-0.36654038391,-0.91705490422,1.12539353896,0.21617170111,0.98351236725,0.14114651591,0.05321186239
-1.41477431557,1.11043021408,0.47786875022,-0.08725958626,1.15709198896,0.01480133434,0.61772855847,0.20251370089,0.25884144992,0.03978356180,-0.80800578261,0.12093520554
1.22053210969,0.52574796927,-0.78535498146,0.78352753370,0.22480091806,0.61080634322,1.31880628419,0.20258087278,0.94331383251,0.00990877773,-1.43310110120,1.19147912601
0.67327176867,-0.09595920757,0.93236966230,0.87523388050,-0.58690920641,-1.15999885559,0.96296067177,-1.12980752012,0.40285284749,-0.06279719465,1.51018369697,0.20935080170
-1.16791694278,-0.06377562617,-0.30619272867,0.96633699107,0.26484299443,0.43229794780,0.89374195267,-0.24522099078,-0.20382468898,0.61499077759,-1.09762750770,-0.37837756430
0.25361553330,-0.32004509111,1.21704834526,-0.02392762771,-0.12532549127,-0.99488574341,0.87696181239,0.79866331479,-0.37369804756,0.71527503215,-1.65713107643,0.09421860926
0.78345158908,-1.16247807858,1.47947046411,1.45633362982,0.27581828639,0.58118234118,-0.16524833049,-0.80518557778,-1.35228579208,-0.31046356089,-1.95404060793,0.11458995231
-0.10677780499,-0.06498630108,0.11984413108,-1.21948364007,-0.96276662033,-0.41724412490,-0.77825208335,1.05001765569,-0.10465464464,0.21337585699,-0.13860806914,-0.72106346707
1.00511624329,-1.37653496630,-0.13450286142,0.25849680924,-2.26556965906,1.21512621438,-0.85246862526,-1.56686759899,-1.81212182232,-1.53230898626,-0.02158060288,-1.91296417053
0.48033950632,-0.83459054282,1.71731011350,-0.16096348773,-0.05638325721,0.46845170910,-0.35496414557,-1.95779929056,-0.52841624737,0.13969034507,0.15057205942,-0.80622683496
0.47840963896,-0.00320449725,1.07768471802,-0.19936616718,-0.17699371711,-1.19941592283,0.33841749292,-0.23477728882,-0.05139143696,-0.66297862888,0.71639118126,0.15141165471
0.03456096073,0.81561760933,0.25436788181,0.30314689578,0.00693525062,0.56711792302,-0.42510255096,1.31526533896,0.63004965649,1.43603924767,-1.51430081445,0.59110129017
0.69709257311,0.29548211473,0.41067584241,0.99873255304,-0.90972430745,-0.27177041767,1.49721142413,0.22039962252,0.41158828841,0.79520873919,-1.30203971434,0.27945320177
-0.72079252429,0.48962120624,1.23743143268,-0.05082021026,0.22849561209,0.42802081248,-1.34469839358,0.04285126297,0.10874240217,1.11097032594,0.04319053309,-0.19623237806
0.05155622282,-0.61056339040,-0.24989704135,-0.11866212141,-0.13122205338,-0.22767012130,0.66709394940,0.05577176231,-0.20168581742,0.00882130271,-0.75186179034,-0.26839680146
-1.56021238185,0.69284991865,1.60870321295,0.20047362965,0.84671348409,0.32595984099,0.38036948427,-0.33973662467,0.06525542888,1.76527953584,-1.24092882417,-0.44045294136
0.53591510767,-0.13064170019,1.30832877948,-0.33842854365,-0.59289655597,-0.12379982288,-1.02302787151,0.78332401919,-0.07816172275,0.89183237943,-0.88688179802,-0.09175205089
0.08808622243,0.13161522340,1.31662778478,0.81575300056,0.21188871350,-0.83397343396,0.01455683032,0.18002602959,-0.16477408250,-0.23680678263,-0.13725733409,0.48972669392
0.71771567822,-0.06873631701,-0.54785386177,0.49419716972,-0.10951886230,0.90683769438,0.32814804511,-0.27782663875,0.51154625939,0.28385282486,-0.87566828120,0.33492844483
0.10881813165,0.51598995669,1.14497200425,-0.13797751593,0.80321118786,-0.11072850083,-0.75400425131,-0.30145145740,0.50351092814,0.00998847309,0.65189048518,0.57855784166
0.59893821570,-0.04870195925,1.35184235384,-0.36318684604,-0.94206415555,-0.24710444818,-0.32388264308,-0.26855312043,-0.28072595434,-0.03245260064,-0.12850086211,-0.46359763297
-2.22473554313,0.96826262875,0.09135883065,0.62772236788,0.63299858588,-0.42666523372,0.57999684861,0.60617600442,0.38725846307,1.05131277540,-0.14746525862,-0.21125421195
0.56570641941,-0.47333613233,-0.14172477276,0.78653416970,-1.14897353246,-1.01342914390,2.30663773946,-1.45904763008,0.62643229927,0.53804281707,1.08792980783,-0.33885017673
-0.65842389409,0.17722150401,0.52168999737,-0.56115544908,0.13240230481,-0.56623277077,1.59682277192,-1.10170515077,-0.45817468918,-0.98020315395,-0.08061052372,-0.71823207829
-0.83893848500,-0.27896991922,0.42875395823,2.20283016803,-0.90114066451,-0.38481914099,-0.99830888500,0.45759476052,-0.90010391038,-0.09634234927,0.39805048583,-0.26177870434
-1.39045999359,0.77112628796,0.65574632960,0.70431160177,1.32685253969,-0.62831724604,0.37883750431,0.11126985604,0.04893665620,-0.40855977403,0.07718551302,0.44240326474
0.41076656372,1.22158044069,0.07595170644,-1.02194850383,-0.34103046206,0.15074135323,1.11466126340,-0.77025280653,1.72728699532,0.83403329773,0.65658795437,0.01697996015
-1.71535697304,0.82306844343,0.34054332744,-0.50626150746,0.99746384674,1.00507188724,-0.23391555206,-0.77526592198,-0.23305511163,-0.37342347166,-0.39550345695,-0.69206110166
-0.09863911489,0.58656602223,0.16536873418,-1.46162651347,-0.61347994696,0.03096607198,0.49426607495,-0.21237426614,0.47766470718,-0.07919106362,-0.14255766670,-0.75940018081
0.43827689631,-1.43922079110,-0.56034030152,1.08740367274,-1.11048436368,0.57722266956,1.47891888241,-1.98211745746,-0.59109826666,0.17210434800,-0.35546973944,-1.10051982393
-0.34319727515,0.29289614000,1.64826826289,0.81348238316,-1.00653438649,-0.69728412885,-1.13508196663,0.29635991728,-0.94252227056,-0.82719280184,0.43621584286,-0.44823829557
-0.55150122059,0.51338067065,0.81833341076,-0.01385767566,0.82181492519,-0.08889292500,0.09141867972,-0.53174994666,-0.65037152936,-1.54682025669,-0.12959001414,0.05896953730
-1.75144741105,1.36893500364,0.31859998319,2.29919603608,0.62418594242,0.32866235156,0.27421713686,0.17017136548,0.54055840486,0.97581569623,-0.18958859722,0.49273451606
-0.17704463451,0.20827187855,0.74094624833,-0.03453974812,1.44980557152,0.60744663325,0.17856134971,-0.38216730271,0.63998550333,1.17731468910,-1.01027551104,0.53788723825
0.18530482132,1.42305942316,0.90651644896,1.09501205807,-0.64524714899,0.46391030178,-0.03701519615,0.09745375531,1.13129251463,1.42088052312,-0.14970068361,0.49402815112
1.62854344185,0.26695166683,0.60860529485,0.34013450025,0.92720592945,2.32320813319,0.58798342361,-2.35139995928,0.17010819760,-1.30625405106,-1.78861273444,0.50871267375
0.24660550554,-0.60375539931,0.50645889744,-0.21397439155,-0.47418913744,-0.97681942120,1.42993555745,-0.11350815049,0.19973502660,1.24889514869,-0.44595498565,-0.28140948632
-0.18787047151,0.81648798747,0.41011565546,1.08554688382,-0.94754082318,-0.09023504784,1.47980153863,0.66815138878,0.80484555087,2.05401029437,-1.54961516786,0.01122738618
0.93391296950,-0.65972429629,-0.41587854551,0.24444833220,-0.27700173662,0.08547247042,-0.14646342484,-0.17270882778,0.05295464293,-0.54207366096,0.03130216950,0.19422264235
0.77849593369,-0.55614390055,-1.03287038228,-0.28691478001,-0.40015109506,0.26183158929,0.78887342433,0.06117638633,-0.38995603527,-1.14552463475,-1.15981717691,-0.20884489306
0.25265147318,-0.08981749276,0.62599569695,0.13630140271,0.12898350359,0.57309292431,-0.00403935404,-0.25257128635,-0.45578646040,-0.38692392645,-1.36488754410,-0.04819550633
-0.25182357779,0.39901577080,-0.46742635183,-0.72654792759,1.76925953592,1.14393347919,-0.06097860740,-0.24297575229,0.39651522237,-0.75824142887,-1.11236751391,0.47016560298
0.11256906964,-2.79802088877,-0.21728807655,-0.83103242356,0.07449414758,0.37429293855,0.23791149181,-0.84044978652,-1.12279756384,1.41861082122,-1.39473071208,-1.43710059106
0.79664973472,1.67818933679,-0.42970936316,1.68485460663,-2.50883079145,2.27320828160,0.05733464951,-0.54571662211,0.63641606460,0.00160299384,-1.12252609438,-0.36847501429
-0.55822094370,0.50874266791,0.88045340869,2.84964460445,0.79922037530,-1.01641127618,0.34975034184,0.24607762457,0.29588626792,0.25768539360,0.53221870963,1.30982742398
-0.30778827707,0.16175196321,0.35218175072,0.78637159404,0.39160563139,-0.44242505619,-0.15807711005,0.07037569689,0.48990805531,0.52094326416,0.63861197973,0.49612332465
1.64147357076,-0.09580713179,1.14531518274,-1.41794955392,-1.38846297099,-1.53932702992,-0.05858110538,1.73626180985,0.26376109586,0.52423940380,-0.75741461823,0.16961942842
0.49224257956,0.12204143877,-0.40810413165,-0.00885982608,0.09113834449,0.70977590102,-0.92810059958,-0.78704421314,0.37249351528,-0.98782486515,1.17681087845,0.17024682559
-0.13877461907,1.50571358974,-1.16307839895,-0.54064460407,-0.10478753198,0.37988615392,0.92947668712,0.54047003211,1.49779686397,0.06903387506,-0.19529110624,0.32298294602
-0.13520432820,0.72302862201,0.24062787720,1.10194338253,-1.23194710045,-0.06447008639,0.27460970387,0.56876003341,-0.44477852968,-0.75863192688,-0.82531957928,-0.16161199230
-0.41001522030,0.65211584611,0.31573748454,0.65478474621,0.59372063642,0.53907661980,0.02281431595,-0.84007148464,0.01931468026,-0.92193709586,0.12199774905,0.23060739153
-0.49266124739,0.29278544515,-1.49743677969,0.65472829981,-0.45119790152,0.00945816194,1.80003922907,0.01215990070,0.35533144907,-0.45085192146,-0.61926658174,-0.28066237975
-0.82472034834,0.79502323122,0.51998019143,0.06009919529,1.10448264334,-0.45907792346,0.54233370117,0.15660301790,-0.20725049234,-1.09026778498,-0.40297974265,0.41311551892
-0.44431913077,0.81891890815,0.87329141127,-0.41176416488,0.67356341618,-0.42501925931,0.39216990783,0.55386373818,0.35765097783,0.45557774719,-0.70786539605,0.37327369515
-1.29955798762,-0.00195674780,-0.22198464503,0.76284924143,0.69320515796,-0.31712505059,1.02216006898,-1.13900912579,-0.05562080385,-0.26562459850,0.86633962869,-0.25597331043
0.28508983319,-0.63006429492,-0.74069052944,1.12030828298,-1.53256285799,0.09601129249,1.29289729609,-0.55080593209,-1.48431880678,-1.89165496639,-1.11725207122,-1.00017401724
0.89741220744,-0.32849072830,1.24658617152,1.52888941673,-0.88249749327,-1.35798351967,0.10501182190,0.66455430581,0.16417009047,0.85781189015,0.11719414352,0.64249643138
0.96320382447,-1.03377473224,1.79296985148,0.70837977206,0.58988424309,-0.50710749164,0.13813823609,-0.23705055776,-1.09643571832,-0.45303786540,-1.55519525105,0.50316078266
-0.69331613662,0.78655568690,0.07995507028,0.16715421495,-0.73380012024,-0.85491403221,-1.17821642953,1.34799803242,-0.11419195201,-1.04142256908,0.96361854258,-0.11585858096
2.12177691475,-0.16223566528,2.23804884246,0.71729752001,-2.19117826513,-1.91792400345,1.14097845834,0.40042134510,-0.13560379382,0.40803292491,-0.46859830933,0.27127137553
0.55872384988,1.09489761222,0.35564813759,0.12536532840,-0.20370172472,0.15232897082,0.58351175416,0.26005152144,0.86801591917,0.05388296160,-0.66539644346,0.58503524152
0.95855625652,1.19913705622,-0.06754558559,-1.40717113332,-2.24658491709,1.61766746462,0.88930944919,-1.00510994740,0.59290691273,-0.33447262322,-1.24998196854,-1.41563651845
-0.18736325384,1.20041633413,-0.13366190813,1.27717688008,-0.14826153942,0.61208619612,0.82260795729,-0.91061696388,0.33974604871,-1.13004555787,0.07375975943,0.28845006523
-1.16453144844,0.39919295739,1.09359040944,-0.42184055897,-1.27987273678,-0.29495317145,-0.81588611001,-0.30892222214,-0.83991823811,-0.41733834243,0.88077644362,-1.53409139146
-0.42053705791,-0.61053953710,0.26794943501,-0.00438248239,-0.54848184648,1.37542399200,0.92951907162,-1.68671359966,-0.31883026172,1.08873261359,-1.44307704908,-1.47187408574
-0.68045694507,0.05951287286,0.21106972611,1.31778750282,0.21903913785,0.11338511927,-0.07029147207,-0.27928344501,-0.27608505870,-0.14162216810,-0.01523522999,0.10528871285
-0.04322272852,-0.11232616628,0.82461903666,1.95195575763,-0.24429739573,-0.47341137966,0.88870782665,-0.96872539474,-0.27513646509,0.02011927233,0.30299776466,0.23388785268
0.52462151090,0.57413179391,0.28793967200,-1.37594664381,0.36704007469,0.72695911372,0.91149780281,-0.81119227733,0.56939572600,-0.42721251438,-1.05324240687,-0.12969557505
-0.21228368745,-0.37853005564,1.21126000916,0.60077201939,1.25719010018,0.14144296305,-0.62345462311,-0.14721918877,-0.41097346602,0.35383729639,-0.81595517633,0.49877893088
-0.84450068305,-0.51743134364,0.95032958668,-0.08163141405,2.01061313187,-1.03276318078,0.12302475864,0.44820200220,-0.96388588689,-0.71792250077,-0.83888693884,0.51080537869
-0.68726536851,0.58745125802,0.82482046177,-0.41035729190,-0.43103313345,0.51815197592,0.18430983315,-0.97023952183,0.29922868448,0.77367551906,0.05265268217,-0.89421556818
-1.16422898599,0.83120096059,0.01296598827,1.16784597686,0.14036696189,-1.07249595333,0.21457845784,0.63443689122,0.57577949866,0.04530451853,1.11337535510,0.37786344790
0.33261028832,0.87675692641,0.80051209934,-0.21527630085,-0.19860231613,0.42488810026,0.26285065385,-0.91778229716,0.70015070171,-0.04012657815,0.20871844666,0.00374416540
0.81995121944,-0.28394617126,0.50946320907,-0.80762663016,-0.11202861913,-0.35843962623,1.46161397853,-1.42693061293,0.86628209511,1.05938507268,0.57376185550,-0.11869253412
-0.06018770874,1.51568224946,0.59190657148,1.38279440594,0.79714417772,-0.59700524246,0.87860482091,0.49294786950,0.91071499643,-0.24734078017,-0.09935351378,1.44888028826
0.55314300900,1.83922205362,1.25420087804,1.29091256409,-1.89572928049,2.58685927328,-0.98518267230,-0.55693574976,0.96850069391,2.05460769314,-1.35995854100,-0.34903108209
-0.53142076593,0.72884651151,-0.25334509884,-0.24252821183,-0.68583247186,-0.01606407379,0.19001862564,0.78138169207,0.11885213813,-0.11189293389,-0.58224301104,-0.35855731419
-0.39439231080,0.69720098692,0.46419863638,0.13657697107,-0.06388902477,-0.07887565743,-0.42276323756,0.19304187842,-0.02457567169,-0.59642830651,0.18688377555,0.06356874002
-1.32930545912,1.40535440649,-0.09163270813,0.19528587033,1.51515624919,0.40605642619,-0.31598614821,0.84571372694,0.08987619210,-0.93273823089,-0.78518303462,0.67852611567
0.18383307997,1.27315373906,-0.61513945462,-0.71581905172,-1.37537409407,-0.12667187452,2.05172455266,-0.33495901105,0.77542758380,-0.78751651240,-0.26687753458,-0.61533833192
0.33368148266,-0.40392905483,0.09165301092,0.14816657183,0.24310934450,0.19049710646,0.84859367945,-1.07695386008,-0.09908117970,-0.28252573402,-0.26078336901,-0.02667794841
0.46498336675,1.28217386513,0.12840624420,-0.95873803576,-0.23865724719,-0.74983115292,1.44002380852,1.21993933949,0.96413585220,-0.12301654403,-1.21251323659,0.46907168496
-0.48529779418,0.89011926230,0.30900567212,-0.57551941937,-0.58039196777,0.00434098733,0.10136110653,-0.00478478721,-0.00217958712,-0.60756488846,0.03131864572,-0.51469031490
0.53415068874,-0.29854814480,-0.62954644244,1.20332622060,-1.25519611491,-0.40425010905,0.12793117973,1.04910761413,-0.33114558289,-0.58884407487,-0.67966310411,0.09706070380
-0.04836065409,-0.07101093148,-0.44910039361,0.73463927140,-0.64783622229,1.73391867501,-0.65954596290,-0.51242370779,-0.57996951881,-0.25583292722,-1.10312135086,-0.60179544593
-0.10381785688,-0.53199964125,-1.08761561419,0.10670079360,-2.27199768418,-1.11185210885,1.94146575801,-0.19091976992,-1.08619787914,-1.63217589136,0.05960257525,-1.59573683029
0.09242390179,0.00803374229,0.82122596288,1.01188402366,0.24537757621,1.42196966006,-0.93227834983,-1.46344937926,-0.98321627074,-1.31756806161,-0.36520679383,-0.20607931955
-1.10477453892,0.22116792217,-0.62451304348,0.51455310482,0.44933898793,0.35886224044,-2.35938550372,2.66981036172,-0.41713673372,0.68070418600,-0.94492049231,0.51744725783
0.23817483986,1.01769980454,-0.82492248746,1.77414124722,-0.22732691262,0.93976632418,1.47506895106,-0.44557933658,0.35381273249,-1.02409665800,-1.21158640520,0.55262906370
0.35858622200,0.36658364119,0.92475060362,-0.94936532252,-0.91617500436,0.03384485090,-1.18697547018,0.27805607848,0.46000483421,0.58676904703,0.36229338315,-0.45576288422
0.61798285501,0.81658341301,-0.46552980745,-0.01101138125,-2.31571900673,0.24245903058,0.56040239492,-0.83188789221,1.19938379536,0.17230501031,1.29979602487,-0.81547781390
-0.96813615871,-1.66086294710,-0.13646007420,-0.79856302897,0.21788400290,-1.34769109769,0.72151910124,0.09523505144,-1.05420517258,-0.01433740774,-0.14735052788,-1.15221955872
-1.21392911768,-0.62606691897,0.49414446665,0.40609701308,-0.05940535918,-1.05851990375,0.46940994259,-0.05347421088,-0.94692363418,0.02151719798,0.13572787541,-0.72571600458
0.34790136434,-0.15558287372,0.16424159395,-0.36507891343,1.18545618204,0.30849898312,1.39550436285,-0.78585915018,0.20578868928,-0.32004597424,-1.38215075974,0.35628869368
-1.77733911806,-0.28395612899,-1.53373617621,1.68924064369,-0.53794664744,-0.37641580720,1.25018880654,0.28406510988,-0.43822594163,0.07203528614,-0.17190316093,-0.75556917674
1.49320871321,0.40817901860,-0.69358361885,-2.08606248142,0.52127503363,0.93533103835,0.51689233840,-0.25909586262,1.03073203757,-0.91866517675,-1.01275114793,0.37533536831
1.37243226347,0.35460822347,1.73755099363,0.72286871516,-0.34317163782,0.51366635976,-0.15291747838,-0.04478530840,0.02185551754,0.51082007931,-1.63597613674,0.65981624055
0.38095493800,-0.85016977024,0.09374503532,1.06321051828,0.88043668023,-0.40765363737,1.23206709613,-0.34285368738,-0.66407192602,-0.78579461643,-1.22062998250,0.59355376099
-0.80317707670,1.15809662327,-0.34205938012,-0.06686052896,0.28507635338,0.22138573203,1.34678055112,-0.48135790057,0.67355846452,-0.45820369048,-0.22883881580,-0.11060545763
-0.90208192158,0.14108714817,0.93743779144,-0.47566488774,0.20419420782,0.44423235683,0.15441993457,-2.15343067750,-0.10155041859,-0.41254367756,1.04404636642,-1.17124551414
-0.15890196230,0.31662243659,-0.13460152434,0.53082742503,-0.49610458550,0.49708028206,-1.41472643057,0.83404866469,-1.13885121386,-1.75152900350,-0.50613528327,-0.13269499956
0.52879189141,0.57404531003,-0.78205452882,0.19125574208,-1.06485644319,0.22126406606,1.94801821906,-1.50882223075,1.10448112570,-0.20767819309,0.70958142119,-0.34076993341
0.66494809619,0.56677304079,1.49676586638,1.16849673784,0.48286798599,0.75725732526,-0.85017174878,-1.11651731808,0.16832124624,-0.44606893949,0.24551280545,0.75463162264
-0.77951479045,0.60787854121,0.67984863385,-0.17432833587,-0.29757208908,-1.35293710014,1.46673379241,0.30342243923,0.26805755375,0.29095701597,-0.05430239243,-0.30729902410
-0.66289027304,0.33294369540,-0.29508924378,-0.95693317367,0.32474722933,-0.77819252734,0.57079693732,0.95451264541,-0.11149887490,-0.51942800203,-0.44803478465,-0.10106708195
1.30982859681,-0.41076077251,0.61880692300,0.10985615180,-1.46699835910,0.05129280722,0.64495449591,-0.12437903130,0.27154227849,1.21788475401,-1.01680650091,-0.24692962562
0.35098225407,-0.29481225807,-0.76582443406,1.12776994002,0.43995356273,1.43110803647,0.91197661688,-1.43114141977,0.08777744616,-0.34202576338,-0.99895312696,0.15318726842
-0.60974155958,0.60334591985,0.90602127237,-1.50124245509,1.22148058134,0.12732749987,0.01281900252,-0.11180050625,0.83555192232,1.29482943305,-0.38739979768,-0.00559657828
1.07934659093,-0.20233037217,0.34981291557,0.51642019730,-1.42592415719,1.97533325366,-0.61960437294,-1.47312162264,1.09968901597,2.79454383508,-0.06183496954,-0.59425352838
0.56225526087,-0.74524708331,2.35718616602,1.03792439889,0.23771736651,-1.10971409751,0.75687572382,-0.21619945593,-0.57595844467,1.04338396956,-1.18656362879,0.37445636163
0.38357662987,-0.22162927304,0.94871467720,-0.01575368177,-2.73429347134,0.03415438059,-0.21641902828,-0.86093748517,-0.18823385602,0.86481497790,0.67273138011,-1.64958569128
0.73680125864,-0.90233190366,-0.10778325259,1.89950217066,0.71046598362,-1.00559468682,0.83422882769,-0.91363835339,-0.09649475049,-0.99470411151,1.11891538310,1.06819748906
0.74261005552,1.51209119710,1.02152652142,0.47456519638,-1.17720019325,0.98769862245,1.74137991713,-2.03930864437,0.49990958727,-0.92929348404,-0.62663153150,-0.41992742811
0.36015509213,0.76035480041,0.51976351690,0.96999022506,-1.61876704652,-0.01048162957,1.01317313691,0.06444580050,0.63971983984,0.94068326685,-0.72187556085,-0.22768128512
-0.25916401574,0.22148116443,-0.13914000802,0.85964152091,-0.08063224908,0.09699475625,0.31713914289,-0.85996232144,-0.57296941975,-1.88103829044,0.40088204636,-0.19429085564
1.18424662554,1.27153357943,1.32299923735,0.32942721060,0.38685730301,0.09695937660,0.04114824723,-0.18364338186,1.02432356498,-0.15446414806,-0.13367291234,1.27016666631
-0.32284110035,-0.00894602697,1.18625584430,-0.51478162384,-0.45464626830,-0.53804396739,1.44813462903,-2.18023722531,0.78052964546,1.72675848693,1.56238457848,-0.97219285491
-0.21581702901,0.21828350570,-0.72198286712,0.50956323243,-0.37185193130,0.18230185074,1.33708593571,0.21656905688,0.57029985328,0.73065378515,-1.05468691309,-0.08537682109
0.05743713084,-0.66993786345,-0.49281084030,-0.41062601582,1.65562398285,0.16404983900,1.17749853231,-1.35886922599,-0.06318039134,-1.14835101179,-0.22239452296,0.21264765905
-0.51270132826,0.98657710604,-0.09284402303,-0.01189551645,-0.05102964730,-0.59263024481,1.16732869259,0.53293506019,0.49847457898,-0.33932918404,-0.38219122721,0.13225864716
1.15059963373,0.52357679003,-1.23703595284,1.05742994072,-1.13541438954,1.31023252024,0.73010898141,-0.57686722549,0.60111528226,-0.60791239589,-0.62428806566,0.24680404828
0.84414909174,-0.68514005007,-0.22485351373,0.12587056184,-0.56644289468,1.68130108545,0.12865573115,-2.61984289821,0.28445108376,0.28493512846,0.58659461393,-0.81210181446
-0.19488281844,0.42505680941,1.51178230642,-0.50554398482,1.24820601222,-0.42913234194,0.21991160314,-0.83436988704,-0.14916920938,-1.04806451454,0.08642152484,0.26622525684
0.65494724633,-0.02491738242,2.06521495346,-0.40667105733,-1.15042136745,-0.50671434602,2.14350255937,-1.71981451797,0.18982302517,1.53776966916,-0.59646924557,-0.92204113435
-0.30654345337,-0.49821046024,0.34085191159,0.60557182286,-0.43965901620,-1.02227566064,1.04394132070,0.81121536948,-0.11117608223,1.32469981810,-0.99696308840,-0.11773102699
0.68354111245,0.81413475338,0.23369468495,-0.18345970063,-0.15535343660,-0.66341172012,2.23484912512,0.15371540820,0.51841470359,-0.78959041096,-1.33403948878,0.41432033349
-0.61140146506,0.66798560428,0.19627952038,0.40715381360,0.01350071402,-0.43144753630,0.74144977160,-0.54300985613,1.03221513715,0.87541139693,1.09005339891,0.04763034742
-0.60534166095,1.40933460941,0.39930199020,1.08810626374,-0.04878833362,0.37279569707,-0.12096003616,0.17341195177,0.66698781127,0.26754531380,0.02492721919,0.42892311194
-1.13084571570,-0.31309434300,1.00730585798,-0.32648054843,1.14245073829,-1.02419220947,0.55577030624,-1.05860017952,-0.37723797630,-0.29214969803,0.97215892709,-0.37495845514
-0.01680101057,-0.10490477957,0.21273036444,0.79997999880,-0.84998863651,1.66498051974,-0.77373285138,-1.41483164510,0.14611675904,1.13830353228,0.15823748125,-0.75206603321
0.27248715421,-0.28983572792,0.61607628270,-0.21359040502,-0.82667516520,-0.98176352693,0.25005703152,-0.03095421421,0.41498899027,0.89937917149,0.76964378384,-0.28459324927
-0.77659066929,0.08166917926,1.42409997899,1.40613122500,1.29826948728,-1.07875824831,0.08838406990,0.86152427624,-0.41289741653,0.54021585767,-0.80350222571,0.93556145503
-1.32890409276,-0.33720368450,-0.53909127488,-0.76447860031,-1.47289075179,0.20408704535,-0.81254607106,0.14064115419,-0.88324687059,-0.33338068271,0.36988857304,-2.03544272945
-1.22670238495,0.62482968266,0.51562091445,1.27385226437,1.50478519196,0.43617107475,0.51007703156,-0.42786479368,-0.26599967154,-0.48544095371,-1.00051981817,0.45994948381
-0.01500634892,0.22043787574,-0.48795350620,0.00293270626,-0.86465541174,0.62130830991,1.36269681547,-0.71608186057,0.72834456636,0.88399611121,-0.68358142321,-0.66070339531
-0.23564642084,-0.13799975944,1.67663865741,-0.26333009068,1.03551717042,-0.97935355558,1.41555470104,-1.15720818647,0.17140390531,0.95068991849,0.08533067457,0.11008135942
-0.57722985013,-0.37128701862,0.23288220065,0.60115975863,-1.23476726512,0.80895514747,1.92013713916,-2.25762011164,-0.32586502926,0.78130583642,-0.65044596398,-1.68929248653
0.65320348491,1.28769450352,0.04509529355,-1.80640835480,-1.75851926397,0.19495148036,0.53068223747,-0.33753391550,1.18771294924,-0.28584678148,0.41841326644,-0.91664379436
1.54455978174,0.53346430407,1.08842848465,0.06146080896,-0.06261595490,1.15571737184,-0.61171991353,-0.75357288650,0.09752475900,-0.77716239254,-0.81455998344,0.59888603152
-0.20518711504,0.62313068297,-1.09364545876,-0.34312359445,0.67227946882,0.25619180247,0.91455331654,0.92513599899,0.49932659998,-0.39832067984,-1.38879343027,0.48520438926
-1.34150888781,0.76485894242,-0.35493948650,1.01419964181,0.13521653798,-0.49085282413,0.41717436084,0.18722572245,-0.28144284383,-1.20911951826,0.48289346439,-0.04551481347
0.34860347259,0.94779605576,-0.86202721010,0.36624772364,-0.65468580105,-0.29302765807,0.20834630226,1.25914141014,-0.23534920249,-2.08885527603,-0.48891520715,0.44453200349
-0.64074206744,1.30875780949,-0.20567396321,1.14143338334,-0.79739830099,1.29685257792,0.25721446408,-0.76448285714,0.27932931598,-0.32152375479,-0.27040232659,-0.37034694347
-0.13401080975,0.18362711808,1.26211755247,-0.45140113313,-0.82456580615,-0.52516647139,2.35076262960,-0.98848517313,0.31724419326,1.12174935081,-1.14171168593,-1.00572328459
-0.24601749407,0.72499780279,0.34746817926,-0.29360423213,-0.03579827885,0.36296064599,0.98550801428,-1.27249236118,0.26941942209,-0.69428900153,0.04725346706,-0.40612344168
-0.48519918613,0.55091229025,-0.26972649647,0.43345392965,-0.27976650357,1.05647759851,0.19105315268,-0.76879128337,-0.50350740353,-1.29235161152,-0.62979769817,-0.56953188353
0.04673497563,1.15820848254,1.85421153334,-0.45215405525,1.70506714565,0.54583623290,0.27349213652,-0.57835903252,-0.16613016888,-1.25969669888,-1.66768482599,0.70272510177
-0.08123191028,-0.29296757727,-1.95964840336,-0.15702777766,-0.65438447068,1.45755801773,-0.13998093624,-0.16652461468,-0.19398495363,-0.59524985685,-0.62718992686,-0.78209057403
-0.71053144935,-0.16877801721,-0.05043171451,-1.87422105430,0.40082461748,0.19195391520,-0.42038690047,-0.58838794200,-0.41382944175,-1.14893746504,0.37529761451,-1.14472433523
-2.20874109604,1.41433244466,-0.18691687414,0.32505668973,0.42172954862,0.60916419378,-0.05682024434,0.03812106887,0.19182999016,-0.05060835936,-0.02886389100,-0.51229183620
0.27977267463,0.67817031502,1.12477236056,0.69748995949,0.47783571372,0.72640998806,0.51431141813,-0.62592441764,0.61474250113,1.10620803992,-1.07648117985,0.52760077003
-0.51133387841,1.11347854482,0.30645620337,-0.51843664055,0.26266826871,0.67611721617,-0.66633970879,0.61160975835,0.55263564141,0.52882187902,-0.65630581217,0.11608461472
-1.22396462787,-0.20751216187,-0.64585680841,1.54564833848,1.55190316357,-0.07181050119,0.95165038157,-0.55610220884,-0.18353393511,-0.53907683790,-0.10852076771,0.46396313460
-0.11772462665,0.64382036436,-0.22170760685,-1.62558661396,-0.13533459742,-1.76393488998,1.97720474609,0.02829943810,0.43317772749,-1.53258824650,0.81419984145,-0.30980234644
-0.64846713037,0.95702975017,-0.83352671293,0.40880273871,-0.85018101597,-0.84336050585,1.65072257504,0.12219215522,0.83552190194,-0.26598121865,0.74201076272,-0.22727581861
-0.13690740859,0.12728458346,0.95600582275,0.64036452359,0.65867004382,1.30590378736,-0.38941802057,-0.67123138211,0.34235678574,1.92856094862,-1.09967506824,0.18159063842
-1.54690155417,0.11082984757,0.58803306897,0.66687461413,0.63814738434,-0.53569091878,1.10635928059,-0.90803917902,-0.20826065882,0.25607437793,0.26876797034,-0.43331576576
-2.01715712711,1.08644580753,-0.92219645903,-0.93074648737,0.47558116116,0.23649996533,-0.83152444299,0.81354065088,0.49099500610,0.00825933420,0.73422074697,-0.53545962007
-1.48963570087,-0.79132197337,-0.83093561768,1.43353835266,-0.17515307961,0.27702145097,-1.25067714168,-0.01160076056,-1.50058153161,-1.19487805710,0.59577497228,-0.89748794526
0.58248958921,-1.18231036659,0.76866092855,0.30224610596,-0.22365815954,0.03829326053,-0.27348105717,0.18057925677,-0.86133188463,0.41244111902,-1.52567099067,-0.18758246064
-0.02624558190,1.23652822733,-1.46425706949,-0.33478122668,-1.63196484233,0.20645059421,0.77381678773,1.03029376972,0.45798434194,-0.93582192299,-0.56431498161,-0.47856175313
1.08132334800,0.55517894567,-0.05927100240,-0.33362663408,-0.82350427574,0.55198099525,-0.44134592699,-0.13458931971,0.47446549107,-0.88421531449,0.10594273371,0.11796781305
1.21060782954,-0.61434731485,-0.38322826750,-0.03284494884,0.67407287307,-0.26511845997,1.75884526989,-1.51954128803,-0.08290169540,-1.84571211755,-0.01850405378,0.42401298835
-1.27873765059,-0.84791101418,-1.08299642510,1.35243687891,-0.37309597467,0.02588432890,-0.41876334696,0.75563115200,-1.47679612728,-0.84552789740,-0.68391459248,-0.75875386886
0.47534024622,-0.09794786730,-1.01565209890,0.49709674088,-1.32819684966,0.80492036372,0.73001322867,-0.06118129654,-0.06625420881,-0.10609699258,-1.15008109279,-0.49631226891
-0.20399028804,-0.45764435247,1.22493576807,0.86770688221,0.39432463264,-0.87344411969,0.78275274253,-0.47604507585,0.17889809525,1.43675334525,0.02930763017,0.18937666573
-1.11925421534,-0.01342220840,-0.12640588513,1.19846757254,0.90190128428,-0.45570713029,0.05471811692,-0.29108578426,-0.60173155287,-1.42834511114,0.59417376411,0.16173485595
-0.38296062177,-1.02718935733,-0.95331933773,-1.51958651271,0.05989965555,-0.17952559796,-1.09367065610,-0.05800283022,-0.83117220259,-1.46870830451,1.15376562730,-1.08642101321
-0.53640057243,0.73198853198,0.98442080971,-0.75507704981,0.08137961066,-0.29884805713,0.42647855008,-0.36399182083,-0.64274651148,-1.71493713086,-0.41218761938,-0.55305743703
-0.49261320701,-0.08053899032,-1.29887162374,-0.05810267652,-0.50197240406,-1.00791496035,0.18959668726,2.30897350765,0.13979996345,0.38326455884,-0.59204894639,0.10541638157
-0.79528362314,1.61295179035,0.37701325775,-0.41553847179,-0.17675764268,1.26875078260,-0.12173218108,-0.52213124636,-0.20832965241,-1.32856730525,-0.78978066256,-0.60202542837
-1.58489923044,0.14877502847,-1.08195455607,0.81663301632,-0.00825354688,1.10635194290,0.98000816318,-0.99228222892,-0.10152479431,0.12762774805,-0.59079489674,-0.97898134806
1.27466450438,-1.29923151937,-0.44657712764,0.80067266112,0.40052023085,0.08486897287,1.67787103068,-1.61640303620,0.04211182657,-0.41826202305,-0.42690695181,0.35875588902
-0.62670942400,1.80433741538,0.01424006461,-0.99051885466,0.44160647975,1.03766650116,0.36816956986,0.21850487102,0.71366458746,-0.26798770474,-1.23636656109,-0.01094185664
0.06934134914,0.67123266972,-0.09931360041,-2.03762759089,-0.13530135384,0.16577223279,0.88900142707,-0.16587676865,0.84379187279,0.06848423263,-0.53375495576,-0.55501708984
0.93220376713,1.72485506010,0.50887483070,-1.47165444453,0.20213067945,0.08165102062,-0.82636073925,1.19157418115,0.60820541257,-1.60139316536,-0.44005269427,0.90234871586
0.54285647202,0.60340787500,0.23693998678,1.37014389880,1.41319845439,2.23102683522,0.71346169926,-1.13611685127,-0.27214408107,-0.87486994347,-2.79835596899,0.92930865780
0.14307819695,-0.59385927060,-0.11203752033,-0.94322353220,1.06867003916,0.87875956198,0.40520230059,-0.33278246667,0.14765878698,0.65344415988,-1.73356716796,-0.07344294588
-1.38945529865,0.95009638378,0.73415717228,0.71623928892,-0.26520748799,0.19469035771,0.98471179174,0.20827352382,-0.26638757571,0.53258063033,-1.62153310001,-0.57069781142
-1.02831926068,0.51301882759,0.03853792911,0.89497275759,-0.96013408406,-0.97176752042,1.01241261557,-0.13116572738,-0.31140280432,-0.73642686826,0.67820413249,-0.61963607440
-1.33432470354,-0.05412538349,-0.29333062584,1.58199401797,-0.41696078311,-0.95160875596,0.88501240006,0.11889494565,0.03184636712,0.62492113966,0.65635781006,-0.29441434975
-1.44800730319,-0.30449337246,0.24407272289,-0.98440032123,1.37415778023,0.43583216492,0.44645570422,-1.22664286141,-0.44426584579,-0.32302825794,-0.39346370208,-0.94027887417
-0.54408460024,0.85599299670,-1.34186276744,0.96924831767,-0.66974083286,0.45550717894,-0.03700778066,1.39620436375,0.11172575830,-0.42087490265,-0.87144332794,0.16769144719
-0.30804493931,0.58879576639,-0.90833708086,1.57646782995,-0.63701715970,0.43690348622,0.97166063596,-0.11394491807,0.21803042005,-0.46339343746,-0.47728417599,0.05377149217
0.12253191029,-0.64925883864,-0.45549873013,-0.28917535995,1.00488800474,0.09420135010,0.56014252767,-0.22693331548,-0.27510746170,-0.91019919283,-0.91261967712,0.14872137346
0.58183423103,-1.31336585676,0.80498064832,0.38715465863,0.08064151072,-1.19242343613,0.09005544290,-0.42568032290,-0.17588612098,0.39907940471,0.73954612756,0.11205608558
-0.58165551359,1.08318276710,-1.42999018023,1.90435984268,-1.00272718067,0.25846032176,2.56133086335,-0.08331052974,0.90235503107,0.22881909512,-0.88949589062,-0.07620733603
0.37640135325,0.73798181908,1.46569887710,0.60212543070,-0.27366597750,-0.27500890084,-0.38708573036,-0.56088453151,0.49015974769,0.26467493630,0.95070817882,0.39038147058
1.25218232512,-1.36045211516,0.01028838248,0.00553410865,0.07799460331,-0.53833052782,0.82552036134,-1.56150984356,0.22634994895,-0.22168891449,1.05826935779,0.06282944153
-0.20493287423,0.68134832258,1.56114361143,0.02536557749,0.07907577212,-0.73372546756,-0.22401801098,0.46274300369,-0.27932930340,-0.26740331926,-0.28373279363,0.24317344427
0.47004949527,0.27514541274,1.61167362615,0.62359797916,-0.21714483915,-0.45541668765,1.69881977524,-0.41627058630,-0.50595329000,-0.33828026122,-1.84627798261,0.10694447463
-0.61600991616,-0.50256057580,-0.25271148178,-0.09018059329,0.53703961834,-0.05541869145,-0.16180000876,-0.69270852295,-0.19719378662,-0.36744306927,0.81496340255,-0.34444496105
-0.34867842370,-1.56691548517,-0.14413796876,-0.04807333708,0.66394260974,-0.35543168787,-0.18856006131,-1.16030083499,-0.37601001271,0.08789848581,1.18185841646,-0.55021563931
-0.19525775556,-0.43762478657,-0.12753110496,0.11371201276,0.78448061982,-0.82833259068,0.18611826952,-0.17194836150,-0.23082696296,-1.09710468691,0.73144384458,0.27807881265
-1.62519789098,0.35563137274,0.12652710189,0.22806481958,-0.08177593574,-0.19564436061,-0.17117473879,0.31476861229,-0.13761267966,0.43805744884,0.08874372346,-0.65865634477
-0.06162107959,-0.33159772059,-0.69112761661,0.24601819303,-0.40769693471,0.04078335405,-0.09850867000,0.27488066852,-0.67187870174,-1.01641962518,-0.27372232718,-0.28799363083
0.29021448196,-0.22673416148,0.65368608175,0.13116048413,0.80167208784,-0.01840371416,0.50008493504,-0.60731037379,-0.23498915890,-0.59984461374,-0.68585478444,0.35086682585
0.22094469352,1.82487520136,0.33463280914,0.32754076803,-0.22253680416,-0.05233724227,0.21193912203,1.05880851401,1.39080890220,0.63906439670,-0.32845602923,0.91386028708
-0.27783051132,-0.01523147862,1.08012666061,1.09231215530,-0.73952237003,-0.43111945928,1.05307677852,-1.27949766431,0.17432034691,1.11584326480,0.59312535129,-0.47309391695
0.15528193968,0.70802055222,0.51346849992,-0.41106285746,0.62297545327,0.71266533483,0.54758924580,-0.34365251566,-0.64547317665,-1.80224649544,-1.75773037850,0.10134990790
-0.89355550107,1.96240057543,0.39174401297,1.37043755444,-0.21765569714,-0.65644405862,1.29628599915,-0.78329775051,1.47927690869,0.29913893763,1.87701669191,0.41342307066
-0.48397707387,0.24593147181,-0.03254214842,0.60613825908,-0.95317868372,0.35189520872,0.11746786948,-0.02306292990,0.02920002618,0.53292392262,-0.35779348116,-0.55633747852
0.41882802446,0.36749206504,0.37500514119,-1.19107198142,-1.25980397672,-0.23013985702,-0.02749670455,-0.00855127989,-0.13702297441,-0.81567076882,0.16484686550,-0.77275332524
-0.48941446942,0.84634892321,0.07538651035,-0.66523669428,0.29725889557,0.14765180296,0.17591554453,-0.53448181863,0.67076005214,-0.21660496092,0.67435514090,-0.10412291378
-0.50586601547,-0.49430423997,1.08424224828,2.03180322430,-0.08368143416,-1.18823626733,1.23442740087,0.42744274000,-0.13752699868,1.93464815903,-0.90134961010,0.27307934635
-0.23806094361,0.72803323080,2.17313626046,1.15460081326,0.97702239965,-0.43296956699,-0.48841016368,-0.14575882784,-0.10163390423,0.11052789916,-0.07356112405,0.87515913145
0.56045768478,-0.48126730593,-0.18487309850,0.66703495279,-2.61207204562,0.87559608520,-1.97148531620,0.77808600469,-0.53512105329,0.53149374789,-0.25380205595,-1.05548753692
0.74323046693,0.22153333700,0.10309938585,0.06761835881,-0.67169598263,0.45451842346,-0.59123129128,-0.12648691343,0.22780407286,-0.23029320530,0.17175298891,0.12592757692
0.94639677600,0.44549538611,-0.31462315149,2.63078580085,-1.47407665160,0.54335006374,0.74069284008,-0.69415045465,0.81353480258,0.37367683929,0.19072702404,0.49858167637
-0.66899745749,0.70172847118,0.01420132947,0.92261234145,-0.17940795033,1.09718800497,0.08894664155,-1.04240969947,-0.71389242002,-1.47411956870,-0.39911761616,-0.47826490708
1.12567701404,-0.24686663621,1.63294073678,-1.93953354179,-0.98845623643,-0.13704986361,0.39721329541,0.01269123424,0.33897620343,1.79727576763,-1.47415986570,-0.75452020964
0.18150666581,-0.42664785402,1.17323370347,-0.10810866273,-0.56937686135,-1.18458835501,0.81078626514,-0.26413988491,-0.94198342306,-0.71750355364,-0.21213470970,-0.44057894477
0.95611410015,0.31763330281,0.70106379237,-0.95385938366,-0.84139624812,-0.78832472922,1.19164961287,-0.62809209156,0.51033560885,-0.55877131080,0.33663807753,-0.22535947471
1.03767784246,0.35892279221,-0.77436734463,0.53892805390,-0.08571776358,0.55791441847,1.29075071121,0.54077581701,0.15497369672,-1.04111699272,-2.27159055435,0.66157931741
-1.17647842507,1.87655298881,0.92444793536,1.53486226495,0.29911601645,0.87932933281,-0.14550174661,0.14246725198,0.82192401957,1.28926075633,-0.63505166500,0.41679436006
-0.58929369637,-0.48236229590,-0.32070714880,-0.70027228809,1.59119736798,0.55028724968,0.95106224608,-1.64710883110,0.23577741101,-0.12296770528,-0.01079339187,-0.25503259218
-0.16516412136,0.37244221482,0.56546324901,1.80585739203,0.08567784704,0.22564078472,0.23971429010,-0.22450230051,0.05114296009,0.06119884322,-0.53270701991,0.49231803674
-0.56174173228,1.06974904870,-0.17239124307,-1.15859023305,-0.48271441928,1.09734827514,-0.22699494620,0.71797091253,0.79322715426,1.33014515708,-1.34819528742,-0.60768255737
-0.94662266721,1.31810142336,0.37093288177,1.62056463766,0.49895720885,1.07633018464,-0.55934122246,0.11980140426,0.01361172115,-0.33812475327,-0.79813697825,0.50929978068
0.38889788047,0.18876607831,1.84228829455,1.15766014048,0.82272418982,0.57176518350,-0.60361858930,-1.07201478374,0.13667073486,0.86031680056,-0.11074358426,0.70961803560
-0.37222008349,0.22427479649,0.24433834343,-0.12093863160,-0.21895532133,1.08733637293,-0.79897610997,-0.19948558477,-0.32600110813,-0.38465592886,-0.87150649420,-0.63039787801
-1.61533572328,1.51075126496,0.96693685841,0.82150054147,-0.29081527075,0.78547374679,-1.21663199475,0.21882037888,-0.06195866535,0.46818457520,-0.05262764681,-0.40642967029
0.16117502901,0.75636893775,0.51407055638,1.41549074110,-0.73124015795,0.35233529248,1.80286980378,-0.98482555442,0.74579613281,0.94535960839,-0.73965496030,0.00251490280
-1.07716768741,0.23727333608,1.07992307912,1.63751909126,-0.26307048404,-1.00972760776,0.48820473198,-0.72445249410,-0.35280859711,-0.08794259261,1.14413385899,-0.24245086584
-0.26048927431,-0.76504176022,-1.51310434605,1.10117622460,-0.15061234961,-0.14337048298,0.13727949968,1.61583742963,-0.38607775583,0.37221190547,-1.28219969086,0.29255157668
0.76705319663,0.31754243102,0.75292765622,0.79881680856,-0.87477755345,0.54032002636,-0.19868839357,-0.80673626433,0.17523955798,-0.01683546682,0.11436056414,0.03560471419
-1.70651396113,-0.62486451742,0.81476126518,0.49339412431,0.51553662389,-1.45034706131,1.83114412141,-1.25535740829,-0.57642183367,0.75637632664,0.76407888949,-0.81880250221
1.50888350027,0.15047173101,0.48727956183,0.71756318667,-1.52804779011,0.76187681004,0.61584561495,-0.62993827507,0.26263869157,0.32690481922,-1.07608172389,-0.04398312176
-0.72895892791,0.70848298693,-1.15240443728,0.05565466867,-1.94877718671,-0.14460143092,1.26712761758,-0.66114142073,-0.05436098665,-0.93591936020,1.03653844454,-1.35215730455
-0.89930688151,-0.26850664662,-0.43414512901,0.08592626861,-0.37757944735,-0.25139233631,0.40870715510,0.04456416826,-0.59950634068,-0.54152984537,-0.21344355996,-0.80736016165
0.46151829422,-0.43274611597,-0.27199743520,0.23451943021,-0.72478071615,0.22797741194,1.13405292376,0.45205070165,0.31543487501,1.61197808614,-1.82206812631,-0.16537984314
0.00907957074,0.00917800443,0.45286771854,0.42457247787,-1.28800317648,0.61460665769,0.59258587747,-1.21861339699,-0.86815516349,-0.96369188346,-0.62763844596,-1.15766242118
-1.27960629037,-0.51368246615,0.85540202182,0.90546569162,0.23349641486,0.62312141287,0.55468925456,-1.62153889803,-0.21503597630,1.75631111317,-0.27571459518,-0.97403111676
0.97550101359,0.75876026784,0.58652379605,0.34938516945,0.66881345250,-0.65708474941,1.76802122625,-0.32934721961,0.70391697433,-1.01935883945,-0.57283276218,1.14050512027
1.56993166210,0.06260379876,0.20292333032,-1.97542422963,-1.13274333079,-1.01521992927,1.75144886861,1.25513377336,-0.05100542938,-0.69672965629,-2.22214775365,-0.19340376523
-1.28180116204,0.57127687220,0.98692029922,0.85100636429,-1.04253279650,-0.38712417875,0.20702247065,-0.41489736622,-0.18485353220,0.65089352637,0.54208006863,-0.92661284045
-0.70451422993,1.39037692672,-0.14933564459,0.90489534128,-0.18484388245,1.28948794681,-0.44872175143,-0.10739530031,-0.05500481327,-0.96929560512,-0.58385133072,0.00275370860
0.31065657879,1.05110094771,0.02718572520,-1.14654456546,0.87796703237,-0.04270069930,-0.14808948941,0.88728596252,0.79631409264,-0.52025576226,-0.44338843922,0.85465279022
-0.82324086418,-0.82657314810,0.37021760671,0.43988044324,0.16433019464,0.03625435454,-0.67045619728,0.13120228492,-1.40786939744,-0.20231852012,-0.67732908796,-0.57745132978
0.26880461249,-0.19217728672,-0.18890484572,0.96203450303,-1.08102672484,0.37702085920,1.38305298450,-1.88558291782,0.10019335655,-0.11244932588,0.49061413964,-0.67052190884
-1.52650686000,-0.19950871128,0.08272496401,-0.87046881181,0.81042786793,-0.80852664299,0.08298239236,0.18607099559,0.06370983052,0.75508959453,0.58018069471,-0.51294827985
-0.51637766001,-0.61078129124,0.78755198646,-0.91318597228,0.98506791763,-0.46565240533,-0.18107230887,-0.81456734642,0.08793702453,0.86495731714,0.87288307849,-0.27580129303
0.29416765923,1.38656618549,0.83797864572,0.22210100377,-0.85473358620,-0.13948300894,-0.27057634512,0.58017637727,0.63202349525,-0.03645555112,0.02743562994,0.32091933373
0.47927353527,1.03152311973,1.10460851345,1.16246489770,-0.79350329996,-0.80974898554,0.04631738127,0.69305431018,0.75154840116,0.48464624802,0.28123780000,0.72907351256
-1.85985072344,1.46874022750,-1.07806456764,-0.63037103054,0.28373007591,-0.08563248702,0.79208497795,1.61798317040,0.75045963138,0.67741181835,-0.92346931711,-0.24175547847
0.18111925078,0.17001363974,0.61893914914,0.19955565803,0.78989276496,0.67081066181,0.30434894292,-1.04706096440,0.30548152400,-0.03149793516,-0.48323799767,0.28425304240
-0.34054839190,0.22859692341,0.07034683145,0.89632584442,-0.47411753807,0.35186836892,0.92776341460,-0.82790521911,-0.12477380817,-0.19082360968,-0.44340967099,-0.37416302575
0.42815100972,0.05609409627,-0.78628294304,0.24767282258,-1.17986984887,2.10047124847,-1.17719789192,0.34345781040,-0.49147375402,0.12594961958,-1.73637234726,-0.55896615614
0.38122036819,-0.47450812793,0.56738923220,-0.10004534491,0.61316567386,-0.31622779219,0.03882438027,-0.18799385733,-0.10057408105,-0.03362921599,-0.23347700962,0.37553447131
0.33538080623,0.05304326277,0.36168883626,-0.71606523054,-0.35064009806,-0.01155534319,-0.31687224807,-0.10924811035,-0.45812424232,-1.19312249689,-0.09463449720,-0.35611322170
1.08056400712,1.48567677446,0.85620876393,-1.73688360475,-0.76856711851,-0.68005146732,0.52224776163,1.54816480161,0.81600826447,-0.07915893171,-1.24988140230,0.40505235075
-0.02024920649,0.13293259851,-0.82291554259,1.62750589776,0.26737792438,0.16667452649,-0.18656248025,0.54937079783,-0.76483648010,-2.04183308181,-0.55592707095,0.65532439630
0.40195923809,-0.92254665302,-2.28421548084,0.14122997517,0.28205055982,0.61196387502,0.90199007976,0.25055065459,-0.33955080387,-0.97379269697,-1.26492117832,0.05971705336
-0.03818625475,0.82696285502,0.91759280231,-0.08609957767,-0.86594593995,0.42271987364,0.28462778299,-0.66667554286,0.16639572773,-0.14564958867,-0.35136655678,-0.58344763048
0.15064576036,0.89527828922,-0.21503462723,0.00264653154,-0.10772889149,0.89208042662,-0.69265697372,0.57055459508,1.19600468959,1.21199388332,-0.30478988314,0.43819356024
0.64046477223,0.74598224220,0.32316603720,0.71796155778,-0.30966565770,-0.62588088420,0.20865998239,0.26274632549,0.34998441438,-1.11781682999,0.46973452654,0.77602486824
-2.02949115283,-1.03558291079,-1.44295079288,-0.15160533438,0.97341743134,-0.10041883810,-0.55406018498,0.63462563452,-0.85023735550,-0.14472244266,0.02832621838,-0.82481593670
-1.41855757920,1.02372353065,0.38153237683,0.81392174527,-0.17392656237,0.20961631789,0.81814857425,0.30067962021,0.31941779055,1.17979257045,-1.04744392735,-0.36624822691
-0.23464993339,-0.44571604595,0.43131276168,0.37504005482,0.28730531712,0.43299876726,0.79629218847,-1.84782633027,-0.42767685752,-0.42375613407,0.02615613172,-0.55545723775
-0.62276287529,0.75560438073,-0.01984305235,-0.36207486097,0.60746733638,0.16835986306,0.49683718247,0.65049775578,0.35591421227,0.23408401172,-1.19509457284,0.18982628100
0.88705901959,-0.60081665835,0.34676411358,-0.16699957563,-0.79969531205,0.21808297936,-0.13124815845,0.34840382649,-0.39476985321,0.09945833652,-1.39742077614,-0.25003660696
0.90851960803,0.44279413333,1.87685852538,-1.63410527461,0.75341435589,-0.73765284050,-0.09930531213,0.01910497439,0.67515509653,0.42638732372,-0.12026931222,0.55591638570
1.19585570134,1.80422390735,1.52148317098,1.40079296038,-2.13560962993,0.49389430999,0.04829032095,-0.59593314679,0.71147534416,0.03906680774,0.22211831604,0.21030261124
-0.06307090267,0.83808316073,1.47231640738,0.45918421929,0.15122225319,0.85792852789,0.36815285363,0.15345049543,0.02120363455,1.15902048838,-2.42759455078,0.14181320213
-0.11235806905,-0.30036774164,1.30651068708,1.05606203881,0.28147328289,-0.54767131085,0.81224910568,-0.43891782985,-0.20137548406,0.79014462311,-0.66457586630,0.18034351243
0.09915235276,0.87208104691,-0.23775335700,-0.04313720787,-1.66984186846,1.01315763491,-0.04864955661,0.48409972408,0.59181522460,1.18240052062,-1.01352559147,-0.59447699785
1.42283739212,-0.67141224909,0.45790848256,0.51693052715,-0.49814096375,1.01869411914,0.58895871664,-1.21845317469,0.73741569535,1.89580546965,-0.88490920214,0.06414424578
-0.93562140839,0.49092433262,-0.02417280905,0.72097891804,0.69304484103,0.24344904396,0.41611819667,0.34245495027,0.25804598604,0.53408890098,-0.91800217387,0.26088221275
0.07102091504,1.08470067176,0.23162880208,0.22186744730,-0.88073178857,0.04371271901,0.38260702621,-0.91975289757,0.50375861778,-0.91232669333,1.16056317210,-0.21210240729
-0.21178696833,0.77507146481,1.11272652332,0.04959679834,-1.08320778122,-0.35284590958,0.09755137781,0.40402266270,0.41950785362,1.06011892560,-0.30704823294,-0.40601891888
-0.47013217195,-1.14144953325,1.99607731381,1.35940268118,-0.51105315817,-0.78997515336,0.50746366302,-1.26096264204,-1.02668828289,0.94003550304,-0.07586542602,-0.90512311462
-0.41753300920,0.06807200699,-0.06355769676,2.43207750876,0.25726103119,-0.03422116866,0.43747347371,-0.82313112742,-0.28299576857,-1.04170905516,0.45937550155,0.46552158652
0.20464617512,-1.11591681886,0.45686097718,-0.57732425549,1.03659482309,-0.11450682221,0.53952487050,-0.48051700166,-0.45656776368,0.30120462343,-1.08119670004,-0.00045184618
-0.35452658603,-1.42737119475,1.12274523347,1.31969707690,1.06630564533,-1.49835075118,0.65054102449,-0.87535875572,-0.66813355562,0.48839396435,0.76120635761,0.31029305599
0.05379062401,-0.75996833067,0.92928786693,-1.14632267040,-1.50035013355,-0.91525587769,0.95229185610,1.10638375858,-1.55880761389,-0.27834591526,-2.64511180739,-1.43478583150
0.64293651622,0.33314500635,-0.76571648767,-0.18454458439,-0.42065954655,0.50439755261,1.45049840544,-0.00478174079,-0.38855579585,-1.60923413878,-1.86212357979,-0.11376843994
0.43077748321,0.48412492309,-0.18800727373,-1.24240478258,0.22320511129,0.92112114248,0.66104655514,0.20783435849,1.11417409919,1.40602116229,-1.63797939261,0.04015316302
0.04361931038,0.16608099922,-0.20261380664,0.12618235495,0.15748575747,0.33533411247,0.93719396342,-0.30826109101,0.74182668898,0.93983920050,-0.60821399179,0.14185249430
-0.71237967547,0.79756457245,0.13068160893,0.07830903304,-0.57247482287,0.68989202588,-0.53356127536,0.50834154381,-0.32769591215,-0.32318567542,-0.93141903924,-0.47910618097
-0.46459289901,0.94325652099,-0.38089089309,0.75361321694,0.39950434120,0.30356592073,2.73808337976,-1.91312858510,1.03055676807,-0.25232556938,0.06013866371,-0.01545688845
-0.20113261868,0.46708455186,-0.80575060270,-0.30419664425,-0.17141987291,-0.05320051551,1.79485728144,-0.04836677272,-0.02735464683,-1.33807702719,-1.17810522609,-0.36398824732
-1.54245629111,1.84737523044,-0.53773794256,-1.00466121501,0.70135990500,0.81822791270,-0.47025380671,1.13275352588,0.74974012326,0.04164768530,-0.74531433789,-0.05873350203
0.32072569805,-0.70075815752,-1.41597981888,0.77380091011,-1.29807063656,1.01426264631,-0.01197226881,0.66772212973,0.08503547393,1.42357512251,-1.35173316190,-0.39179201863
1.57232438371,1.38915702106,-0.43036766787,-0.95178047308,-1.60761980163,0.30916553984,-0.12259689616,0.66737101099,0.57736451115,-1.75599770372,-0.13916542929,0.18402408078
-0.89603301816,-0.55271478429,0.86261261959,1.08081780396,0.77676078245,-0.85138550170,-0.53952185661,0.70717622816,-0.55277439703,0.72594131943,-0.24156630334,0.31323253080
-0.21510234246,-0.28932452936,-0.09971607295,0.55424017324,-0.17304676468,-1.32605281779,0.40220147795,0.73752324834,0.05038556964,0.21049320060,0.55737141510,0.28029544692
0.60982119846,0.52767762949,-0.29963537147,1.08714044001,-1.46436804735,1.41316007479,0.51446893026,-1.39470777466,0.35541905812,-0.30037980408,-0.25142574055,-0.50620118609
-0.61380352578,0.39613202431,0.36588097355,0.06242076707,1.62729684299,0.73529099489,-0.38978009842,0.59582985257,-0.25413138597,-0.19540717444,-1.86288522389,0.61538833924
-0.56010704433,-0.04768991076,-0.16539020582,0.76477235545,-0.14302232920,1.45024843569,0.04540137132,-0.88974033954,-0.11660623011,0.67914566711,-0.96767167228,-0.57932743077
-0.16330280273,0.74502655192,0.78477554786,2.14481587290,-0.00137419760,0.03537880541,-0.35239113367,-0.05496246303,-0.00532188704,-0.58792602569,0.11055232996,0.73235235415
-0.03509666132,0.96585626224,0.54218834197,-2.25833597727,0.52825395462,-0.24400565190,0.24959299852,0.48345848358,1.24114197454,1.09132758473,-0.24121014404,0.03436980666
0.46113373037,0.23918470860,2.05945999982,0.79640096945,-0.83691051573,-0.56833845666,0.34009938463,-0.96355230557,0.01844291457,0.67155483753,0.40765311433,-0.15009260947
0.53480158052,-0.52556054970,-0.99292142431,-1.11958610422,0.05170708749,-0.40367808758,1.89933973784,-0.92699301191,0.47699164283,-0.79815724299,0.05419528951,-0.38791634462
-0.32659776696,-0.21895334774,0.85309016080,-0.89436728916,0.04800833840,-0.20216256446,1.26495669815,-0.50470818641,-0.84935508467,-0.55791175874,-1.59603132277,-0.84534649742
0.03834654212,-0.02191989599,0.21691306161,0.88310684747,-0.57769991127,0.37064656427,-0.08417135804,-0.36666163561,0.15860915983,0.27092940306,-0.16376895279,-0.17006128713
0.21153529781,1.77810981890,0.98184073132,-1.02300087534,1.00218892313,-0.34096512681,0.50137977849,0.70507618063,1.07720619296,-0.32533671658,-0.69697497582,0.99235429118
-0.45826999793,0.48801501127,0.72562334162,-0.05946177193,0.68962408144,-0.25929784745,1.40622664406,-1.24489765962,0.40371288835,0.09151586269,0.21174826049,0.00913101513
-0.08247333098,-0.06094638073,-0.50892212874,-0.36883546621,0.77854463502,0.60299268617,1.42869777341,-0.48798677456,0.25299593771,0.04544262625,-1.53655233575,-0.00952977424
-0.71067458519,0.96890041585,0.78265263134,0.18941739466,-0.46447634518,1.04861419954,-0.06610638833,-1.83214262385,0.35935451309,0.06755969722,0.86354280280,-0.86455550600
-0.92951296235,1.00210166612,-0.15637109110,-0.32637948157,-0.93937117156,1.57358656382,1.48376013527,-2.63995767716,0.15479138022,-0.55268028461,0.10199599363,-1.75715809112
0.80414519330,-0.08847953343,-0.28269398734,2.18690794295,0.18899445089,-0.37300183227,0.88218774953,0.16031965399,0.27496517130,-0.37693297873,-0.38940366890,1.28424943890
-0.50089687258,-0.15335668924,0.92913209577,-0.28864153531,-1.48852218387,-0.39546688090,0.47081576232,-0.94126025357,-0.03982694553,1.17564118940,0.69677286131,-1.42449556460
0.29545096504,0.32998954596,0.21241610875,-1.57471787197,-0.24083532804,1.21915779862,-1.42512701870,0.64011001551,0.37193741082,0.97073846569,-1.11751126500,-0.37358531577
0.40285593105,-0.10028024183,1.24292743057,1.72420723011,0.01104764736,0.15217750630,0.40794032955,-1.22601535564,0.08780831952,0.64400588474,0.01948232440,0.39453634076
1.08860927913,-0.44999586442,0.80862191016,-0.86697044062,-0.52923480610,-0.96948111175,1.16280426866,-0.75778848857,-0.63939147733,-1.31224146064,-0.01800472986,-0.28241536628
1.15628518072,0.40538893418,2.67445058567,0.21868548088,0.36522459149,-0.43462379570,1.63544563962,-1.80955947634,0.41512500173,0.71564558366,-0.45582099561,0.46903717838
-0.79679890131,1.64311558732,0.50611509954,-0.17426496622,-0.48026006235,1.16436907882,1.91823913985,-2.07371683013,0.36633056514,-0.56941538218,-0.60022807012,-1.02883602748
0.14680836079,0.13807983612,0.33170086885,-0.61620663794,-0.93130468512,-0.68114825078,1.53328356079,0.06985188228,0.43794857778,0.72814753300,-0.70481382404,-0.54765358095
-0.48421146140,0.48358752324,0.43395393743,-0.25688453901,-1.17872868427,0.15446660676,0.88617850278,-0.73201577062,0.28005485154,0.81446280725,-0.08698067183,-1.04444766421
0.37681531129,-0.23685906410,0.62551076026,-0.84326592881,-0.38563837013,-0.90030746847,0.73638551453,1.23739351331,-0.69020623409,-0.24196916755,-1.89162130396,-0.13200817104
-0.00456046372,1.18008397905,0.43679900459,0.32010986103,-1.08950144377,1.01852005870,1.38732868299,-2.08762701507,0.19734983021,-0.90211346221,-0.02549470764,-0.86116928689
0.17680969206,0.36877137539,0.58248559829,-0.64246867565,0.77430305264,-0.48998500279,0.52873980541,-0.68315611616,0.42275926267,-0.71976439207,0.61624755202,0.36636709267
-0.43669256875,0.53848495180,0.87171785631,1.58791377264,0.87786563631,-0.70426940834,0.42286450638,0.01816267350,0.55062356296,0.64835709193,0.36688807374,0.99947913000
0.28318600850,0.69465130072,-0.15433691536,-1.02130548961,-0.22217312451,0.09264426963,0.36173402001,0.19727025431,0.62851917563,-0.28580904998,-0.27201708711,-0.00400388739
0.22179538517,-0.43952575037,0.73806207986,1.30051365753,0.48414637692,-0.69708820093,0.08201427413,-0.73083107008,0.52635718732,0.74365001034,1.19062184748,0.65663025269
0.27318361927,0.06721769588,-0.11355903560,-0.93395510030,-0.78638084362,-0.16646802615,0.63287997146,0.20876119482,0.12746121220,-0.11859938381,-0.62131683134,-0.51907561400
-0.26779287797,1.08821726689,-0.24789370814,-1.89900680966,-1.14977219848,1.48892622639,0.02732780858,-0.28970621574,0.82089010688,0.85672349892,-0.87895922871,-1.34019265474
-0.05042885826,0.67198537239,0.87953385213,-1.05327016010,0.04651183833,-0.43209531701,0.91165263856,-0.16780161569,0.62124572386,0.48434004499,-0.35418530977,-0.16341507248
0.11148739558,0.57489206479,-1.55571907037,0.87755897028,-0.93292991830,-0.79956045293,1.19714103167,1.90010015389,-0.22628863668,-1.50630847966,-1.12888671176,0.37142579531
-0.85488978216,-0.29079423685,0.00045903173,-0.66777285287,0.92026060437,1.24770768324,-0.82932948043,-0.53719694518,0.25591181423,1.35107336947,-0.50572698102,-0.51075920733
1.47504615295,-2.73297834372,-1.31082381654,-0.12877610206,0.42804070486,-0.10420237531,-0.53678950720,0.77851512331,-0.94976546962,-0.08153411851,-1.19840507646,0.30455429578
-0.26133408096,-0.81705411895,-0.69069704775,0.27458388843,0.51804025800,-0.06900829066,0.07261283560,0.60732216338,-0.52818923463,-0.47011048996,-1.06440993616,0.01020244850
-0.09103369268,0.82197365041,0.49305027279,-0.47410405465,-0.16323429403,-0.57726519075,1.63412002194,-0.61878378169,0.79810734615,0.02449290852,0.11671654341,-0.13833899204
0.89118462046,0.73201248910,-0.42727246863,1.35317010609,-0.10902770736,1.10452747130,-1.15442200601,0.48250112712,0.27179323409,-0.91179512089,-0.36145785392,1.13198794452
-0.55058906903,-0.43775603670,-1.21033634376,-1.50699568753,0.30096050507,-1.15018126714,1.32486154351,-0.56045405765,0.65309086268,-0.41964057066,1.63255640317,-0.62112077372
-0.05896937963,-0.80577707499,-0.17600956194,0.21931700376,-1.16243599589,-1.24353563281,1.31311308726,0.14751040480,0.51061399237,1.49978573525,0.26709640622,-0.62467908841
-0.33220888011,1.57367880275,1.17032885410,0.30551936228,-0.76214521180,1.03926905944,0.81208397398,-0.91391759358,1.41501374287,2.48210065332,-0.55583394733,-0.44792132793
0.34383233790,0.37246287004,0.75957029702,-0.52242680306,-1.09499609077,0.46153957176,0.12375680955,-0.33119382311,0.06805261486,0.03369896878,-0.84060884429,-0.73803996751
1.26107689309,-1.08363253858,2.62253527184,0.25954344379,0.75876823672,0.76481358834,0.38731853559,-1.67554292283,-0.79203284314,1.10026063165,-2.25400741480,0.04047005594
-0.72746146254,-0.19406684187,0.78118204544,0.21845698196,-1.56651782703,-0.44333543668,0.95009221604,-1.11146355334,-0.45424534402,0.67269457716,0.46974789922,-1.50201355254
1.07661591865,-1.07066631190,-0.10227306529,-1.59390809669,-0.71013196460,-1.23057683878,1.30510387836,-0.05881222779,-0.25320908200,-0.44116644716,-0.17233026355,-0.53801602917
0.48751634713,-0.92580610586,-0.28349435619,0.42324119960,-1.12749361055,0.34296603457,-0.26352525105,-0.99920362534,-0.71693818103,-0.62407463506,0.56372572753,-0.83973501417
0.18048141923,0.82687041075,0.51745376621,0.27782040686,-1.07573786770,0.40868181985,-0.44656628017,-0.05813640540,0.46589538016,0.14013568337,0.11565717015,-0.21188874482
-1.55536822641,1.54925863812,0.26309528883,0.05637507593,0.36046187560,0.48276212415,0.97570016750,-0.64274841665,0.69544745040,0.32673267256,-0.14591041702,-0.40480485253
-0.00324218208,0.56421028228,0.79498323974,0.18499338183,-1.18770277680,0.48867438821,0.64313743420,-1.24741213560,-0.04621783858,-0.23099941743,-0.13192651027,-0.87743041392
-0.88022459764,1.25425493291,-0.64266733040,-0.46334667417,-0.22392161487,0.56797558471,0.20824973135,-0.04943013065,0.21580283388,-1.01734471967,0.05930026605,-0.44109416367
0.77512991733,0.24585053861,0.79739295002,0.96948985396,-0.72710017369,0.55428045618,0.63066692480,-0.58006423914,0.12615601214,0.42757314962,-1.09869353964,0.11747493783
-0.54140138293,1.15732062951,0.64985431029,0.08558047228,-1.52791721939,1.38628407335,-0.92603883634,-1.11015476407,-1.09056264720,-1.98813600432,0.07879924053,-1.46545540497
1.21729047480,-2.61188279396,-0.57104483278,-2.11774223156,-0.59576137814,-0.61383089192,1.42756088915,-0.39680095799,-0.70517846586,0.28413283324,-1.44724250955,-1.37656722474
-0.91454430647,0.29036150800,0.15052853703,1.70062572262,-0.56328086232,-0.50006331389,-0.05559815174,0.15483234978,-0.45618446132,-0.53911732970,0.50131004752,-0.11973075505
0.07284131679,-0.61843007855,-0.26903545649,-0.91126281376,0.25571271368,-0.15309393937,1.86744769761,-0.92767051250,-0.58976085650,-1.16535212233,-1.19124109097,-0.72382395775
-0.52938795333,-0.47357525544,0.44984218631,-0.34296729065,1.47676264077,0.05269290811,0.12588173885,-1.04506772637,-0.29275556234,-0.53087318469,0.07380052556,-0.04916740495
1.46755964455,-1.07799502466,0.03813877089,-0.37844573447,-1.27903626670,-0.80960846797,-0.03675292899,1.03134110538,0.04693972072,0.54251271626,-0.67735321565,-0.02657441633
-0.01027340016,-0.34983759302,-0.91184012487,0.24381695747,-1.28802330223,1.15065432849,-0.92413078962,-0.28277246600,-0.70449402253,-0.82106312395,-0.10469151135,-1.05958696522
-0.69498983460,2.26226162298,0.05499535199,-0.74014981643,-1.13131891664,0.21612683278,0.22715429315,0.68815250049,1.00906884635,-0.11693106921,-0.01698906978,-0.43411310418
0.88126280092,-0.82795695916,-0.05758009208,0.48601853592,-0.75739866614,-0.36356813265,1.20517705492,-1.15875559601,0.72741245967,1.06331961863,0.63975031757,-0.15186264256
-0.92114257156,0.72797444708,-0.64244652871,0.97120496954,-0.08525453024,0.83730125006,1.71615227444,-0.31805687846,0.15546050621,0.18587399288,-1.68385492518,-0.33468635433
-0.09922066666,-0.65331685461,-0.96040181506,0.12424825024,-0.87638630402,-0.26630021493,-0.21526131672,0.54137874312,0.01122302333,0.24432707337,0.31574101454,-0.45646036645
-0.31608113600,-0.76553537803,0.48214244596,1.19377489338,0.07284693888,-0.48234686462,0.21394484538,-0.40392273130,-0.47151459418,0.23163831582,0.04530224726,-0.06214793958
-0.49233078013,0.37671277379,0.71277324081,1.26736358213,1.05556981177,0.05416285139,0.67237456358,-1.36083599225,-0.19930392354,-1.34957152462,0.18229917093,0.37468626582
0.06765919090,0.56997624524,-0.14675920343,-0.32240197222,-0.78022471548,0.74662424533,1.17720806741,-1.25149254011,0.48656986117,-0.03404236349,-0.24407025622,-0.70856751821
-1.81778618497,0.41540622068,-0.04962196225,0.75962201975,0.76388929355,-0.78696722549,-0.62818576900,0.29814779109,0.33179385126,0.38470059835,1.70740555826,0.08678818453
