0.73477467390,0.09451975142,0.69184709936,-0.46344751443,0.31132904652,-0.73288783093,1.68869366160,-0.47428982290,0.00348614422,-0.94267730386,-1.11673741243,0.26011408216
0.43143733043,0.07237770847,0.42371863581,0.65060952839,-0.81913834264,0.32073518007,2.04436422810,-1.91427433431,0.40551597483,0.71062660950,-0.28155058501,-0.54906274170
0.83279222500,1.11896817568,0.95832176368,-0.99313191004,1.09601083882,1.46586082026,-2.03574783065,0.55732129374,1.66462526280,1.60216071698,-0.47078435526,1.39109784760
0.18678737100,-0.38383274755,0.99372247972,0.31029541416,-1.62663877185,-0.05414361198,0.20587769232,-0.69144864167,-0.68028206155,0.63497314126,-0.46330672122,-1.37685376716
0.67297020958,1.82453349979,0.61051065170,0.88339931276,0.24110196122,0.17400737032,1.02176371125,-1.24647460643,1.49101452751,-1.51346084675,0.86961573863,0.85375203136
-1.71213147850,-0.23977028600,-0.30302522290,0.18640408350,0.63133051869,-0.65234263034,0.45993894293,0.71822245102,-0.07419512494,1.01734495752,-0.37986870265,-0.60592523587
0.58058496539,-0.56161088114,0.97353506686,0.43619246420,1.35042460866,-0.03237909968,-0.27596292661,-0.15539333238,0.73346122398,0.93180094580,-0.51576155765,1.06530604112
-0.87350339802,-0.69214919090,0.68633481937,0.03032897378,0.24212706601,-0.50425716810,1.02067642927,-0.73266805052,0.55471995166,1.57752492787,-0.37437803566,-1.00837096567
-0.05714057448,-0.07791542707,0.47941068156,0.64265848204,-0.11606120045,-0.41659913593,-0.31359215724,-0.55083877110,-0.36279352715,-0.60921389763,1.10117185920,-0.10960416729
-0.52050294602,1.25257816296,0.76333640856,0.58269735446,0.48314468734,0.76775981787,-1.88168452410,-0.15824208720,0.48648986475,-0.44755842955,1.06246649104,0.08952848932
1.02717152805,0.72211630407,-0.17886313672,0.55660455139,-0.88900376170,2.23141764633,-1.09503547955,-0.72293788822,0.48382143547,-0.39365554074,-0.63424924735,-0.24548970324
-0.26570855491,0.71080597489,-0.66267134706,0.88214272498,-0.57480660286,0.17089974260,0.12337628255,0.48134901502,1.05051266363,0.13132125396,0.27857464513,0.10878226720
0.79671174773,-0.18368787634,0.06511934854,-0.08980711364,-0.54301709290,-0.38968375524,0.76518959311,0.05473482033,0.37440823670,-0.27675456589,-0.60471702864,-0.00342737737
0.69913780797,0.02263769539,-0.40157436965,1.52333643844,0.05529089548,0.22716436354,1.33108315578,-1.26614357462,0.19991841830,-1.61431814591,-0.12159278253,0.31367563913
1.72742760766,-2.79470032592,-1.17916894530,-0.03332873788,0.95009839900,0.38142055186,-2.19328618232,0.18906440474,0.25200226801,-1.17730808409,1.03319287656,0.44960000377
-1.58181786977,1.95929814571,-0.85138847854,-1.57810996035,0.74757922744,0.47596230205,0.37828603151,0.51449737652,1.33946711594,-0.29290786930,-0.07853750197,-0.69597596058
0.00544392630,-0.61885237143,0.25550132752,1.31590612008,-0.76237962801,-0.49717541127,-0.53660118397,-0.23260340031,-0.06768889279,-0.02283521797,1.13402828344,-0.33799887148
-2.11452299483,1.44897022809,0.11696278558,-0.16110594175,2.04309415925,-0.12571347085,0.69272549559,0.85099008621,1.04780281461,0.92469121010,-1.09299901019,0.18975688496
-0.51443035257,0.28106021349,0.00533084414,-1.10826714516,0.40074906857,-0.14852332365,0.86227290738,-1.04648184697,-0.88959588473,-1.73269573688,0.17380778178,-0.75327704386
-0.45463556309,0.06729653977,1.13392793724,-1.53205784178,0.86575255262,-1.30614093239,0.44155980332,0.18154297550,-0.44272028582,-0.64714818344,-0.42299037530,-0.39893069440
-0.18632246462,0.33519818162,0.33876987532,0.34252134202,-1.58282241971,-0.97802798096,-0.19263206241,0.57745917017,0.83861568686,1.11290745151,1.34168895960,-0.57034632067
1.13757044228,0.32364437047,-0.49548634147,0.79128562804,0.18792872102,1.37290814999,-2.41534591058,0.69535994214,0.12454735795,-0.77948789746,0.28951479322,1.03345805435
-0.30975570933,-0.14087713538,0.00044570387,-0.53942510160,0.71389387104,-0.60799316389,1.98303251115,0.36760961054,1.17971737861,1.60684604598,-1.52181152452,0.17432381872
0.95350559652,0.02527833035,2.42866020960,0.21614298638,0.32702546359,-0.56217205756,-0.47207004200,-0.00392034184,0.87963555187,2.29856402753,-0.42273761545,0.92273043486
0.53011686854,-1.51120949590,-0.57143986605,0.27852903485,-0.75807278780,0.77690316369,-0.40876986936,-1.68703586245,-0.19808796378,-0.78017852743,1.06105843121,-1.33212624739
-0.61704485278,0.17196409781,-0.41046619571,0.20659385326,-0.53073046289,-0.03399209126,0.40873162420,0.96015196305,0.23398740774,0.70229502963,-1.16282662742,-0.49862526623
-0.61278211047,1.56456516345,-0.26463230060,-0.26945609533,0.30381891802,0.66198597400,-0.91146339122,-0.11710129567,0.53674180283,-1.21746244357,1.13352447342,-0.08038128445
-0.22748562635,-0.30335485501,0.81625843640,0.52284301481,1.74361408895,1.68696201001,-1.09817217617,-1.50932433440,-0.87985502585,-0.87114314658,-1.02975256225,-0.18114018749
0.21178041033,0.87800170520,-0.16907623873,-0.38951572854,-0.29812463728,1.25569599734,-0.79561738079,0.28283581662,1.80898660483,0.88963777688,-0.34186918163,-0.02044032621
-0.76480727063,-0.21001163797,-0.23526236886,0.94762057338,0.72497565685,0.00510265022,1.18245508181,-0.64132669978,-0.21461148181,-0.54345312480,-0.80926715624,-0.26026562682
-0.37933289737,1.52175678408,-1.05479797194,-1.90646508551,-0.78747799190,1.67042719983,-0.14947921601,-0.86014426818,0.90502418320,-1.25476273382,0.41521858617,-1.49331510165
-1.51164194207,-0.39785450763,0.45173148376,0.11499174958,0.91521644848,-0.59924422189,0.39018352336,-1.09723148106,0.18245058135,0.52458429733,1.17632005853,-0.88508713197
-0.75480835796,1.25144250382,-0.30410612202,1.43260473976,0.90416794232,0.30156691133,-0.43984687302,1.05284418159,0.64095708837,-0.75520977683,-0.42031948014,0.90549756979
-0.40215850648,-0.23587789903,0.66226579902,0.46357673063,1.16227753580,0.31635701680,-0.22922855974,-0.68180814369,-0.03509908718,-0.33450364393,-0.49760573944,-0.05167434818
-0.51715216665,1.09463058737,0.24293744077,0.51606868860,-0.74341782773,-0.76095242378,1.19115758726,0.17161408515,0.87749277366,0.41863254143,0.29079276024,-0.19431728188
0.40591870674,-0.04243571953,-0.00519789251,-1.30085133006,0.53207693272,1.63949084265,-0.14713872634,-2.84094483896,0.15984489108,-2.59681027445,0.84258381457,-1.29717209062
-1.53069071459,1.43987045718,-0.80683086096,0.97091918177,0.42482017157,0.72624063085,0.88440063670,-1.05225626825,-0.13663500147,-1.69963096330,0.45764508596,-0.51249782851
-0.87470323185,0.77221672317,0.66963137820,0.22427662574,0.85517095093,0.20824293945,0.96871293017,-1.40967523570,-0.06781708282,-0.32393767897,0.09868250986,-0.20400075773
0.29975073715,-0.02090206087,0.41494493114,-0.26029261414,-0.85263156647,-0.17889302138,-1.38153777961,1.05632239654,1.18234557402,1.52807403530,0.43128846508,-0.11580818692
1.45011303273,0.06470685449,-1.79408174748,-0.24423930436,-0.72190227367,-0.09032161807,0.51437621862,0.33756848634,1.55295449123,-1.64277895160,0.85565711199,0.42264338310
1.42903683817,-1.22124132869,-1.91476574376,-0.25096321366,-0.57812302565,1.21926145233,0.66042083973,-2.85685080105,0.94628550190,-2.07842060606,2.37009544897,-0.74611537232
-0.24961229012,-0.74175191253,0.50945077656,0.35791530710,0.22168751606,0.47905158380,-1.27638554913,0.22627463225,0.15821375214,1.92992639168,-0.22748298785,-0.05202488203
1.57665230854,-0.54825566149,0.02117566705,0.39966076437,-2.33888917282,-1.20947838063,0.54441995563,0.86932896235,-0.62902150475,-1.14214738384,-0.71457109049,-0.61421713519
0.58773753825,-2.07255953457,1.13618823781,-0.36050408201,2.52783162865,0.90258393975,-0.63017722925,-1.75318009532,-0.52641148764,-0.24450707283,-1.47782377924,-0.08673750476
0.92867945263,-1.06101815053,-1.33805603824,0.76378746459,-1.03631327325,1.18496216604,-0.19198919568,-1.24478987335,1.29359428676,0.72982243320,1.33106765775,-0.43995747043
-0.49739663791,-0.33315226878,-1.15591459746,-0.08462250674,0.94105645682,-1.11408220061,1.52254462795,0.35070217790,0.79469559008,-0.41214348146,0.41692771301,0.34043263730
-0.78638552884,0.34864952028,-1.75439929606,-0.24342381036,-0.18540577265,1.24638103963,-0.80834649338,0.29941765614,1.07115896701,-0.03945634298,0.59237082469,-0.67063068715
0.17738502978,-2.70679309044,-0.83961408319,1.35298927657,0.95753432499,0.02778266824,0.51119032319,-1.97252534979,-0.09032175127,-0.16088763235,1.09753420489,-0.33688351967
0.10395108565,0.39845862579,-1.96102978060,-0.38650734375,-1.27935403680,0.73482231449,0.83449546480,1.20135233730,0.69992579102,0.19612529472,-1.42203720393,-0.47495153945
0.35066885122,-0.38367315562,-0.27874212368,0.91059546163,0.80152163906,0.01041985757,0.59970391757,-0.72022311303,1.10685542663,-0.12426785278,0.46829537127,0.68906635743
0.43329741050,0.66030038008,0.54811290627,-0.88966076170,-0.86629218924,0.30805835155,1.06691822160,-0.75544040964,1.09759846747,0.84363093582,-0.48956539548,-0.54604230527
-1.39211270533,0.82571280025,0.12871488298,0.57921527873,1.18066812911,0.21974160598,-0.72297344625,-0.05985378036,0.50150377405,-0.67741165178,0.61995701169,-0.09619703281
-0.40913128752,0.43634510255,0.57422608645,-0.03552460855,-0.30878675154,1.18609262420,-0.22930787081,-1.24421733704,-0.09710597830,0.60316252656,-0.15941982416,-0.96409069165
-0.75965830427,2.69573721096,1.14268004030,-1.36655498430,0.19244265237,0.75138516710,-1.76083907903,0.23468526484,1.38229592585,0.24166953948,1.00136306490,-0.28702605743
-0.81971634013,0.41896795989,0.82544173339,-1.20643879172,-0.56173371867,-1.59928060480,0.11942652394,1.15755173159,-0.12252770267,1.05954887954,0.20238884216,-0.78778006166
0.59378304701,-0.16488457656,1.69849738173,-0.11999886991,-0.24297959718,-0.44747581725,-1.16497105938,0.38342425084,-0.21302588975,1.07757116604,-0.20910966167,0.22295208169
-0.42420433162,1.03067564641,-0.09305544563,2.85338580073,0.47515884406,1.31097579831,0.67039453158,-1.52786937021,0.98750446394,-0.64490216528,0.02420026259,0.35946646087
0.04486431995,1.39450378212,0.69743067546,1.36931972844,-0.83236732133,0.50380801554,-1.85335485941,0.91238192703,0.38736494538,-0.14600901102,0.29960822638,0.27046503946
0.56592330713,-0.20403186716,0.25238440970,0.04566119974,0.04705689996,0.11971047341,-1.12571570559,1.55211300068,0.65003634622,1.35752051749,-1.04988204497,0.85520585192
2.03861617442,-0.45571504991,-0.48903188907,-1.03150343768,1.17661545675,0.47854556796,0.18055873268,0.03227508458,1.28249635027,-0.96418424616,-0.76818377653,1.44045803038
0.81732385021,0.74462208858,1.31305885071,0.87205125628,-0.19877260523,0.95564971352,0.13259733555,-0.84548125570,1.00819217661,0.67353721517,-0.99957930985,0.22195386050
0.94757094678,0.39435857336,1.20869463978,-0.17386838120,0.54873006103,-0.30438272344,-1.05662430993,0.85134029245,0.02545633468,-0.91358752182,-0.82667885678,0.73491602414
0.06063786975,-1.39470483159,-2.54840555955,-0.23753512118,0.36775237069,0.86115284611,0.25249652961,-0.08751937337,0.26385242044,-0.55819737009,0.06457441759,-0.24108944275
-1.65510279134,0.55789043999,-0.27562638931,-1.45771485570,0.53267613549,1.82225191979,0.27656362835,-0.76300651187,-0.11205081543,0.40837395852,-1.98041973444,-1.97252499300
-0.02585416729,-0.19994059566,0.15249592822,-0.53752071222,0.51200309359,1.25986657869,-1.34174044540,-0.74533153137,0.88312902189,0.65970512859,0.37811388652,-0.47938683852
0.89710391971,0.32768049716,0.18693380036,-0.26538228754,-0.36700397698,-1.05614051970,0.11484469636,1.24387321330,1.20770466500,-0.05636310627,0.01346794422,0.66598923941
0.78577858409,-1.20960534702,0.47148251879,-0.90880858480,-0.03724535351,-1.72697030518,0.79038421086,-0.75021091608,0.06256941188,-0.51277584871,1.62264025385,-0.14698433561
0.26841770890,0.22302734791,0.83579009994,0.40901453515,0.77303939005,-0.13645162388,0.95378390872,-1.35956177164,0.45626962521,-0.58994046713,0.16551580140,0.30462455642
-0.08368193314,-0.79387875619,-0.61697683252,0.42172267150,-0.13404766788,-0.62481727351,-1.54584891498,2.46172500987,-0.32837836839,0.38859738036,-0.43861645417,0.34787423532
-0.24034316959,0.98252930590,0.80730097587,-2.84395173337,-0.73757213027,-0.14899572792,-0.25806862314,-1.32441289194,0.23755516510,-1.02152390075,1.73202717888,-1.89847909399
-1.27365158306,0.41170654754,-1.29073873154,0.90269299006,1.16888434638,-0.68007623356,-0.06440006998,1.32708921533,-0.15627626750,-1.67852443669,0.39168303355,0.39258847585
-1.14796679241,-0.29252865516,-0.59135272643,0.66543546832,1.45337039590,0.81456289359,-0.20058048017,-0.62942012186,-0.28165185239,-1.27279888980,-0.48487606015,-0.39463536913
0.10923870268,0.19732083241,0.90916704014,1.22674314916,0.98401218199,0.34342017176,0.27606660910,-1.45969592390,0.79119269021,0.09003462814,0.49858679765,0.49754907717
-0.10935927327,-1.31430970307,0.38869698827,-0.60540768059,0.15876744918,0.09606926963,-0.51594057680,-0.15586530540,-0.05654050537,1.14063378246,-0.59910297758,-0.81122187860
-0.95404499087,0.25410267804,-0.10885001425,0.24560662677,1.05592604532,0.76682595973,0.15416146747,-0.97691659955,0.47873485621,0.15362657239,0.16023267726,-0.20177094288
-0.11779328046,0.48518926734,-2.22358676865,0.23297134464,0.14670478016,0.35401178424,0.01808787404,1.67247661864,0.82187664799,-1.15960461264,-0.50225261863,0.49972858229
-0.08576363658,-0.69336543397,-1.12395707222,1.74682648868,-2.46912469537,-0.99466829209,0.74665483354,0.56250703068,-0.09627043480,-0.13112126536,0.69962866780,-1.16309812091
-1.51737254256,0.24477661761,0.43716365878,-0.00519990254,2.24126729843,0.75435888934,-0.47560754433,-0.97416493518,0.05130292792,-0.07489324311,-0.02721485921,-0.06560591094
0.90307904330,1.23851045071,0.36689235467,-0.04649542794,0.86803388293,1.31676191398,-1.32408146512,-0.90076765876,1.43015957054,-1.72663829477,0.91218769223,0.53627045096
-1.97442785345,2.08702819111,0.18069648985,0.23770108319,-0.23940205936,0.77045165055,0.78146714837,-0.56368053988,1.11499812729,1.12234550526,0.05665737561,-1.18648559670
0.43873207763,-1.34601887058,0.18656100576,0.27842748249,0.18176475176,-0.36279352038,0.48831634631,-0.42135343067,0.57986764995,1.00674631319,-0.23050952785,-0.04600714681
-1.77812310161,0.52114197036,0.07905769620,-0.35460378522,-1.08946434558,-0.42889982360,-2.00095534656,0.98539278016,0.34160565285,0.37525797070,1.82337723016,-2.09659391658
2.33594011328,-0.81083484032,0.14094313425,0.01561302199,-0.78369384774,-0.54361563205,0.22510838754,1.18846563659,0.60399892436,0.49964392091,-1.33972357966,1.11948478935
-1.07337947533,-0.20144527466,-2.35869197261,0.36628853325,0.83429606621,0.49241198350,0.33178070715,0.12495255473,0.93703335374,-0.88072225499,0.71618277242,-0.18708622728
-1.51094367365,0.27880295964,0.39094479748,0.55335494352,0.29420832242,-0.96464012911,-0.68278280224,1.27034016272,0.70674255404,1.04418017397,0.46791710197,-0.38818173646
1.09086799403,1.19178305223,0.11019688859,-0.51151950349,0.04774087917,-0.81777878540,-0.96621167841,1.43780248952,0.90676057070,-1.59153697329,0.90783784886,1.00119668841
-1.19576677353,0.33906802824,0.34533188179,0.99058847836,-0.01295111716,0.82131706782,-0.56585056973,-0.74175683943,-0.10834292980,0.59151023938,0.24116287867,-0.84880736269
0.98380323138,-0.13711621571,1.37904441732,0.12071248950,-0.89600147801,0.17463865322,0.13019011534,-1.54770195766,-0.60636579948,-0.77167816000,-0.04321265701,-0.84884235029
-1.73625385010,-0.18496510655,0.04674003859,1.48689198733,2.12846193011,-1.06484372996,0.99272194116,0.18614872635,-0.07130897655,-0.00065844956,-0.20996892264,0.53447757612
0.03446905347,1.77753457202,1.20980427550,2.15553864681,-0.47588028341,-0.07771964527,-0.46363083686,0.26483063026,1.83841710431,0.94431298434,0.97221360947,0.98613987070
-0.30235562185,-1.20002272011,-0.34437294287,-0.72699881250,-1.10249916534,-0.50549834909,-0.87342285852,0.01241596848,-0.36036578877,-0.02777651742,1.40954750063,-1.62878787575
0.14211734487,-0.01182080199,0.65729368215,1.24835808066,0.23358543055,0.29264834204,0.07792713570,-0.83746061988,-0.33953727888,-0.79562036478,-0.45711934559,-0.05420841033
-0.40671777753,-0.00359043205,0.94691494214,0.29109244038,0.32793575413,-0.16434445265,-2.11219711208,0.67472928209,-0.49954432236,-0.67118949881,0.33188586523,-0.29091953982
-0.28374699233,-0.75703905227,0.32149073917,1.01625792596,-1.20099952959,0.02228918541,-0.93169312126,-0.25002576865,-1.25486055955,-0.27091935105,0.31313862877,-1.16273682456
-0.35414725573,0.82178120521,-0.00889797761,0.06700254989,-0.47581541588,-0.36552577004,-0.01775766932,0.64795478414,-0.41482823513,-1.04902154168,-0.22585953611,-0.31794834558
-0.97974703463,-0.66944523063,0.26115117207,-1.75591135731,-0.02566535746,-0.45010427191,0.44731744753,-0.43175028271,-1.28058858609,-0.40844250491,-0.56463228509,-1.86469010551
-1.06706111247,0.66655378291,-0.71679426636,-0.14018882265,0.32484861067,0.95873307506,-0.93649079736,0.13352210970,-0.11748731020,-0.79497411828,0.14573024597,-0.56172809878
0.50328225167,-0.21075310666,1.35677751726,-0.93401463744,-0.61415805175,0.06763419316,-0.84130202942,0.24238489565,-0.07446413437,1.20884573963,-0.99178010189,-0.60312177565
-0.13439555222,-0.81297673420,-0.35952982684,-0.21668917198,-0.37130658907,-0.11720133419,-0.08801298403,0.45806426253,0.78163339623,1.73901617982,0.00864924745,-0.32972502003
-0.50565401266,1.69415314393,-0.64430891007,-0.83672165625,-0.42526342701,0.34693937973,1.16964399924,0.62856099474,1.23016021648,0.16546515224,-0.93321730330,-0.26322335984
-1.08459825970,-0.56494332055,-0.61147396413,2.99732189667,-0.37920436007,-0.13508947189,1.23448628051,-0.11463072528,-0.43659528714,0.04932524392,-1.10105124125,-0.64413529180
-0.09763941151,1.11619972338,0.08708073099,-0.14938124675,0.06273154721,0.67670612956,0.86962624991,-0.74097753830,1.08361805011,-0.21963161712,-0.37643757535,-0.08148521734
0.40140150807,0.67998037954,-1.18883702902,-0.23673193274,-0.30564389879,-0.34884094398,1.16239295209,0.22883080910,0.50695275316,-2.03046683238,0.03460721341,0.06726300617
-0.45049608635,-0.08765465308,1.09859083003,1.76163021749,0.77220533094,0.85739623262,-2.34405251780,0.40343441173,-0.32584284354,0.58298865409,-0.54878491964,0.34010300167
0.32496758233,0.18002107770,-0.05541309608,-0.98080076498,0.92713212688,0.31835202186,-0.32647355165,-0.46593105640,0.96565368719,-0.95600093742,0.43131673573,0.16844760131
-1.06484947931,0.42583022125,1.09356484125,-1.13373058919,-0.13903033861,-0.72823463208,-0.49718975912,-0.36643912259,0.59473054124,0.40026845646,1.21670201783,-1.44632495989
-0.91978096880,-0.90223417063,0.71786672679,0.55883990000,0.63318193049,-1.22181307987,-0.05408696124,0.36377394565,0.00524759871,1.00230913122,0.17561323364,-0.24519429580
1.50569881258,-0.80234083886,-0.76316037995,-1.02064876442,-1.34972022511,-0.33123505700,1.76871906970,0.31983479479,1.67957456865,1.13641514309,-1.19133272147,-0.27772584815
0.97489860526,-0.37168454411,0.26855963265,-0.12845026707,0.01605678428,-0.95355811763,-0.60271373096,0.32377879193,0.32690876639,-1.51519448806,0.97041663967,0.24101669087
0.77415518385,1.70221981468,0.80362159598,-0.38819312373,-0.08026560664,0.58228094387,1.30010221870,-0.10006565753,0.63943142890,-1.01394176106,-2.17939879021,0.43991325699
0.00698737289,0.87306533062,-0.13681256096,0.22029053540,-0.74113315264,-0.83672530498,0.30845965976,-0.10889799626,0.30551176947,-0.67232368080,1.89356362099,0.09676162464
-0.10626766542,-0.07260528494,2.30672525636,-1.07265096358,1.27040204206,-2.52185116588,0.77612922248,0.30366279377,-0.00431377381,1.05233842628,0.19140681361,0.68412183085
-0.91590818467,0.38860548884,-0.23645861933,0.75387987896,1.09716588153,-0.32622323671,-0.14167120228,0.70648321485,1.09217347085,0.21933787388,0.31382039020,0.57676731995
0.28230052454,0.17601323381,1.36059424623,-0.19203456849,-0.06024982693,-0.34026027977,-1.11463895970,-0.55181360883,-0.10225955238,-0.68189433906,1.09042959261,-0.35614630024
-0.79117546236,-1.35956039378,-1.66032898568,0.80130004766,0.15611834089,-0.75211123219,1.32391185745,0.16456884908,0.40231798496,0.28749552881,0.26570006586,-0.51568477538
-0.17608190390,0.32145892920,-0.36487767685,0.43522923571,0.54662149555,0.81755233753,1.03797758735,-1.93512053778,-1.22134043802,-2.78557681021,-0.17904379543,-0.43118876422
0.34805833848,0.28707696247,0.64489218255,0.01844999033,0.10845484727,0.13268039629,-0.18299336440,0.88125874745,-0.28917157345,-0.14398993519,-1.96858094527,0.26524743427
0.42221803179,0.28035133867,1.77221347009,-0.81670197499,0.14054654595,0.05325897707,-2.37531687470,0.47688875053,0.22676973566,0.30402774126,0.09556400223,-0.21625961951
-0.25077688202,-0.07867349070,0.47443609518,-1.29215554840,0.39257045780,-1.28147380671,1.00939387953,0.85022682349,-0.28304240667,0.02729687254,-1.21513292639,-0.26419312716
-0.76135273981,-0.05849456974,0.89888215522,-0.92350003647,2.12846674091,0.18210414634,1.38777844320,-1.90743194400,0.84633558794,0.60145055163,-0.35398527290,-0.15800166999
-0.51474685721,-1.11069379114,1.19230645289,-0.45355991625,0.67758772184,-0.72869208271,-0.63338644461,-0.41143568719,-0.50079702058,0.84134867330,0.36768959399,-0.55625406731
0.04786157182,1.08557655356,0.69450828117,0.88669264192,-0.89145543020,-0.15705745268,-0.11388373169,1.03527001351,1.10455069499,0.98602566344,-0.61397195279,0.29200059840
0.93153600951,-1.00260406249,-0.00409462926,0.76278362422,0.59506234382,0.54193578438,0.60543371574,-0.92790380196,-0.57449752091,-0.97124101934,-1.43849565738,0.15275147759
-0.44263231406,-0.30263522592,-0.60134113803,2.59590018951,-0.10268119270,0.18109976613,-0.28694557781,0.11439600112,-0.07355128017,-0.37646957949,0.16672956116,0.24249599972
-0.03007467895,0.78549504517,1.67533010001,-0.90951840403,1.09188837212,0.21599423126,-0.76798896199,-0.55333019654,-0.09084977777,-0.01686439562,-0.16464061789,0.23552517952
2.03420115611,-0.99095842352,0.34153504325,-1.64081091068,-0.69037757246,-0.33033503876,0.28748918295,0.17630030740,0.31133619533,-0.77637356888,-1.40189858029,-0.39279430677
-0.67666733302,-1.09485738898,0.25646716603,0.32309005100,0.55764334095,-0.43098434655,0.48176507840,-0.76148246292,0.67221734400,0.19660355369,-0.02648725290,-0.96942981258
-0.79195654445,0.85162225052,0.18717035677,0.76996322396,1.22553951570,-2.00006447628,1.57900752069,-0.10783069445,0.87185750668,-0.80155838450,1.85506503526,0.89376445980
0.10459039701,-0.14665706785,-1.18026502483,-0.09832452859,0.27876765675,0.91142419193,-0.74161979093,0.52284603173,0.19088504094,-0.35103821625,-0.31372038677,0.25949250945
-0.40655598684,-0.93915397920,0.42741359160,0.75282207855,0.34030550252,-0.36041644923,-0.60471352823,0.09746363937,-0.26898355698,0.74566590189,0.09806997655,-0.08733114305
0.16726116660,-0.57198975062,0.07373617399,2.62147174927,0.56330798148,0.67970792045,-0.20241057482,-0.03851735577,-0.18714069033,0.00313015733,-1.36162127490,0.66389725493
0.36891423170,0.86575711359,-0.74181914432,-0.86968713416,0.99442508995,0.21023782353,0.12826170400,0.14946408124,0.95959238082,-1.86128631037,0.24403727112,0.68361301508
0.54275099752,-0.81073547749,-0.02718299958,0.63251558333,-1.26750581903,-0.07215007248,0.73373401716,-0.49321902988,-0.20167940612,0.31809002890,-0.55773992591,-0.80505418558
-0.62037091052,0.18057557675,0.92122519227,0.49264915564,-0.28624408153,-0.70260522253,0.01430714678,0.05225830720,1.01465871734,1.88405172567,0.77559806822,-0.24345734056
-0.60433581947,0.30519726708,0.11639277842,-1.29990302528,-0.10514674235,-0.80495550211,0.17486395425,1.33074785167,0.15764757946,0.59970781131,-0.87971516383,-0.58070604661
0.48404414265,0.84370266529,-0.48853423193,-0.50725190213,0.17546781659,0.08246182383,0.53383744938,-0.64040946831,0.85038267737,-1.55702228234,0.94302279321,0.31244796073
-1.32174639926,-0.41022729676,-1.58907610548,-0.04302251514,-0.12690376568,0.30951466062,-1.04730262423,1.74587177491,-0.15048658390,0.77339149707,-0.28592914831,-0.68612955500
-0.11758652602,-1.05694081208,0.52591319448,-0.28738553493,0.58078005371,-0.21125783965,0.18104187214,-0.33407761343,0.32672182567,1.10759724312,-0.58338775048,-0.31750543965
-0.98195053852,0.29671300068,-0.22783372115,-0.02359752198,0.10884594711,-0.40456254878,0.19003753842,0.46834810360,0.84119273899,0.74197928942,0.35741287973,-0.35532355423
-0.04029367411,-0.34226273080,0.89836111260,-1.40028238468,1.08916339547,-0.26011253463,-1.72647025217,0.59577751971,-0.15197088707,0.46578804582,0.20676455497,0.23780494290
-0.84679392689,0.80218715877,0.36649839117,1.21877383831,-0.80480286150,-0.93979082198,0.75745966439,0.88734459455,1.03430377787,1.48326680840,0.09134914860,-0.12371611765
-0.10665596160,-0.17791416702,0.12629708647,1.12847004362,-0.18329845365,-0.71959861231,-1.11013219789,-0.06707731912,0.84893459297,0.20988067864,2.73505717480,0.30251933492
0.15556250171,-0.59818583663,-0.89479816201,1.19327645073,-0.75375667331,0.61021169598,0.74873391716,-0.52495153815,0.00489424023,-0.18257928521,-0.75573630929,-0.58898370621
-0.34699214259,0.26396700859,-0.78118527759,0.55708271455,0.47420030815,1.19593290606,0.65521642633,-1.41153954799,0.26807519213,-1.09724456513,-0.07793546011,-0.32613514926
-0.15030236159,0.54172752735,-0.69404724230,0.06617745832,1.10874460663,1.28149861298,-1.71286271548,0.39985790717,1.41559712511,0.02256198156,0.57470147129,0.72304117865
-0.01272939940,-0.34727107219,-0.69039883421,1.45774489435,-1.07117145715,-1.75919892604,0.51409995558,1.10046616705,1.34579814147,0.15165884307,1.56419346897,0.04949773062
-0.07406728616,0.55425515002,1.20817223420,-0.40504847862,-0.60109198093,-0.79804325144,0.08119015724,-0.29057012469,0.42638807759,0.55770364148,0.83400665820,-0.43071215149
-0.43399416990,0.34825759575,0.29619320977,-1.08702966787,2.22763063460,-0.49455656673,-0.40348889315,0.77321123979,-0.14203851381,-1.27048775774,-0.51172799641,0.84530643897
-0.90138865156,0.26762734111,0.41539345775,0.17859490642,0.18024909701,-0.60075947673,-1.61710956778,1.55716306549,0.48682227255,1.13523740746,0.62676410773,0.08486927692
-1.60750939042,1.14759033900,0.52011840771,-0.22711714730,1.59335989943,-0.19253408349,0.24783557972,0.39652644616,0.44866997626,0.05248713501,-0.64058663676,0.03658078716
1.26272278281,0.06066758870,-0.85939942567,0.57152630747,0.38810718662,0.66998701163,0.58747893268,0.52757125917,1.09357560006,-0.04748355021,-1.14708974991,1.52248704797
0.71370486741,-0.41782016132,0.65358455438,0.67168925841,-0.35706832078,-1.18622932741,0.32003795919,-0.72578895164,0.72988856836,-0.19914099379,1.83329693882,0.24284544426
-1.31826410553,-0.28980544835,-0.47541547008,0.92949539972,0.57011193331,0.36691848234,0.47099998288,-0.00891256513,-0.02673204995,0.69746428360,-0.89922496034,-0.48954250576
0.16419205340,-0.44081776959,1.04121142425,-0.19304247006,0.15263498081,-1.15568893889,0.24418810790,1.04019513375,-0.31297444406,0.68882697544,-1.33422688778,0.21074169920
0.73353696304,-1.43976870724,1.18907601267,1.33833007685,0.58701491823,0.38566999918,-0.61035463028,-0.73975037107,-0.97993696576,-0.17529935989,-1.56982882633,-0.16340291476
0.00640904270,-0.31324874071,-0.00142274048,-1.28855326621,-0.65665204262,-0.55985994806,-1.35625050471,1.38657168081,0.24120171223,0.27981714152,0.19842624850,-0.81265404742
1.16895598254,-1.63950034605,-0.52703862337,0.08317707702,-1.60205440015,0.93799698704,-1.33188458339,-0.97211376865,-1.35371650984,-1.12537837079,0.66953873346,-1.33056562568
0.41106197003,-1.13457852943,1.49131586614,-0.26074909177,0.31335050184,0.31094775381,-1.14030067511,-1.49102942843,-0.26993296774,0.21311290446,0.45289843061,-0.93643741588
0.53662525491,-0.09067252043,0.97870115269,-0.44186084123,0.15029344021,-1.33589101489,-0.28578730120,0.13509291096,0.12355993943,-0.77892895378,1.05189451241,0.22404801406
0.00877062537,0.33035106740,-0.05147785057,0.22674797837,0.21077617109,0.56739649688,-1.13879648820,1.74282542168,0.78798708650,1.40527200668,-1.31260331314,0.80984393609
0.57968499063,-0.03551732674,0.23328400191,0.76169580673,-0.63324109632,-0.38058009584,0.77773102737,0.51386519797,0.55660877945,0.78925693719,-0.92302727968,0.42176963606
-0.72602228308,0.20738636146,1.30422670832,-0.15077674106,0.60482805494,0.18579108504,-2.19960054960,0.43505930990,0.30195352829,1.28982480253,0.45070837508,-0.18126381628
0.03643577398,-0.90199245027,-0.34608257379,-0.25382338654,0.18236848980,-0.44716980220,0.13013919344,0.38837918094,0.11774853242,-0.01266832288,-0.35217416300,-0.21795610577
-1.75746736698,0.71446270140,1.83763266933,-0.09621679354,1.32600633764,0.03499580765,-0.34261948192,-0.09343736229,0.36978337496,2.08380272042,-1.00047553618,-0.55287336146
0.51997435703,-0.46805722612,1.09213306382,-0.51766763973,-0.17393868169,-0.31580407127,-1.65892897002,1.02172450955,0.36631839191,0.79495260038,-0.48353898074,-0.10869258345
0.08621274305,-0.10782603832,1.22320635862,0.63380237573,0.57173465525,-1.05586409153,-0.62490651490,0.48266799322,0.27879771935,-0.35776767466,0.21167588442,0.41442444992
0.63317829557,-0.48097730268,-0.80405753776,0.33999107222,0.23292686244,0.85899550333,-0.27100450483,0.03815048621,0.96662277786,0.26892557286,-0.38882930734,0.46263165978
0.07285726264,0.21997486331,0.95181315266,-0.26098516396,1.21875424816,-0.21926941556,-1.54766515056,0.13738760081,1.03278417945,-0.00134831132,1.08250447462,0.58925740557
0.60075859746,-0.20197731493,1.20559233921,-0.52640678101,-0.55676633466,-0.45466357578,-0.93475568867,0.04774358070,-0.17544864935,-0.05427262057,0.19927687215,-0.42576188862
-2.53059966757,0.92104266319,-0.04147137957,0.66003880428,1.04244718177,-0.76922819677,0.25413267218,1.01937492742,0.84459492114,1.39688645759,0.21958487036,-0.44851610790
0.61678374763,-0.82496027641,-0.44970876089,0.68186816687,-0.99547869396,-0.99089012345,1.66538586307,-1.04687538733,0.80415341812,0.42925525221,1.45567962291,-0.17752955328
-0.60659157006,0.10459667722,0.56372418064,-0.70702622310,0.32593051319,-0.83108678731,1.22220795518,-0.95377789819,-0.79502382525,-0.95226494939,0.19686326785,-0.67172568760
-0.46366520921,-0.59627506867,0.66784655165,2.11437237852,-0.51569710383,-0.68180384471,-1.56148599157,0.69438824295,-0.57740852383,-0.23992186748,0.69602611036,-0.21933286646
-1.54654719307,0.68953339168,0.68850353521,0.68296256478,1.82619217352,-0.97918231972,-0.07013044255,0.32837390062,0.36865638265,-0.47829308970,0.55353174532,0.38099616109
0.27633671995,0.93898579562,-0.23541528719,-1.05351253439,-0.04528790209,0.19545639861,0.56849960425,-0.51193710232,2.11770637288,0.64836505911,1.04794921256,0.19582161967
-1.85815162546,0.84091540692,0.24132997709,-0.77078612196,1.57968994897,1.03825597631,-0.81721170200,-0.63140478087,-0.08034849505,-0.48736270412,-0.15410781721,-0.85049301665
-0.09569100868,0.28188798512,0.03021770071,-1.54439571806,-0.33427944671,-0.14499493221,-0.04263797630,0.10698016676,0.77937251099,-0.01263138165,0.10000751322,-0.86489899361
0.46224838811,-1.67186672514,-0.72643465346,1.00562041764,-0.76363514319,0.49767207865,0.82810271730,-1.54559179968,-0.36027239955,0.25261616905,0.05815005761,-0.94844420016
0.00345450669,0.18532486143,1.79153930279,0.51280998408,-0.59071299257,-1.00218341788,-1.69868061441,0.49431314199,-0.76396441583,-0.91311855420,0.72871302443,-0.50505833378
-0.52382968237,0.58790244293,0.82500948570,-0.26145407111,1.17158865422,-0.30545424874,-0.42766412425,-0.29776307553,-0.89172112849,-1.63176677267,0.23778195070,0.14837672884
-1.73608627660,1.10475811368,0.38083014881,2.74706703642,0.89657253529,0.21715717480,-0.32794895609,0.50958619916,1.10588620204,1.28373355291,0.12033656830,0.57263210456
-0.32370723722,-0.15059082613,0.60114511471,-0.25698121415,1.89395675896,0.60810733423,-0.51083403212,-0.12075165829,1.24554349185,1.24515832272,-0.74413016554,0.63822567201
0.16304630056,0.98021597930,0.80426699929,1.14587773321,-0.38278048192,0.37289789774,-0.82790875263,0.43264541403,1.47554985631,1.47652068779,0.29345282373,0.69491625440
1.79551062368,0.14599603460,0.64851747742,0.25168226595,1.09822643732,2.20540421042,-0.06316762857,-2.10854314160,0.84223950618,-1.32980773076,-1.27595515329,0.43840898494
0.15265162672,-0.83354691049,0.29505350854,-0.36260919537,-0.23767367327,-1.06226166016,0.80200979857,0.19696405007,0.35598698822,1.27526596364,-0.03053976417,-0.09621936905
-0.25453391043,0.44249568222,0.18774259838,1.01985217863,-0.70164482157,-0.15471675194,0.73283273007,1.14125428613,1.14010849272,2.04489674845,-1.33392121560,0.21691779105
0.92251219723,-1.00088944481,-0.60830848335,0.09901230553,0.15063630851,-0.02836792187,-0.76986201929,0.24793939706,0.73749689106,-0.63279189747,0.49784285057,0.24711770809
0.76397096608,-0.82444719466,-1.06003399163,-0.40603931028,-0.15347653119,0.02322737295,0.26725999975,0.33829277179,-0.09121773403,-1.07623260036,-0.63536581620,-0.10845434768
0.26483509635,-0.31285133644,0.48724551182,-0.04737504884,0.40167315003,0.31149266238,-0.51633359054,0.02346668216,-0.24364249641,-0.38615407325,-1.00466287306,-0.07575208924
-0.14399656511,0.11012986686,-0.55404009269,-0.90492752514,2.24354688293,1.22158344881,-0.59303159771,-0.12161992795,1.18614511122,-1.08324988149,-0.86102159650,0.53923567316
0.19449814628,-3.13917843453,-0.27728440375,-0.71513765133,0.33380210200,0.23912368003,-0.40500058419,-0.60337798252,-0.71851917605,1.53111266851,-0.77929176341,-1.24976060980
0.71128334203,1.41901222546,-0.40371911691,1.54462677624,-1.94385399237,1.99169319951,-0.63726655515,-0.20161777603,0.71390777122,0.00285928080,-0.58208599898,-0.16629129358
-0.34778830111,0.06105638917,0.85438915412,3.03964995301,1.07415286869,-1.19785778819,-0.30407651741,0.58536151547,1.06136065827,0.34544648006,0.96313732969,1.47172236275
-0.33861861172,-0.24187543992,0.15598415008,0.71246842433,0.78218060930,-0.55072526217,-0.83903902671,0.46802155288,1.08333505080,0.51039750735,1.14114948043,0.58704541123
1.57323701621,-0.25652999889,0.87410825877,-1.50033007093,-0.95862276091,-1.47167350223,-0.66209930404,1.74643193940,0.53747602442,0.42508250716,-0.34654907844,0.26849294201
0.49165769145,-0.07106190134,-0.74188897810,-0.11207350616,0.53396905468,0.70704256475,-1.56110711210,-0.27737821691,0.98429436052,-1.03170002726,1.72845742601,0.28542325846
-0.27220268173,1.26858212753,-1.33247530860,-0.64547314743,0.27554229780,0.47857340494,0.50324793302,0.70152618435,2.03169211889,-0.04782815836,0.10433431606,0.39080190895
-0.10943589824,0.63191910859,0.20980861192,0.91099148881,-0.92275160627,-0.32959245219,-0.27988420793,0.87123100628,-0.51615107543,-0.75610993804,-0.52839633744,-0.20371457312
-0.46921263513,0.54147633014,0.19109673186,0.59436615460,0.99034878059,0.44387582418,-0.53671241575,-0.55267380190,0.26736983357,-0.96404554908,0.51787768631,0.24199822311
-0.60002976547,0.04018844102,-1.59779223610,0.46957382924,-0.16387836552,-0.08614882383,1.36581218691,0.29708244845,0.70889896011,-0.54960319661,-0.38753207292,-0.42273686332
-0.86801405810,0.89635377742,0.57305165557,-0.11523666992,1.43390842827,-0.76346367252,0.13952446876,0.40067198609,-0.37955330220,-1.22536643639,-0.04992353709,0.50916143196
-0.57197932812,0.70363243075,0.81592989137,-0.65018276570,0.96450817907,-0.64180449104,-0.14108776666,0.83192627793,0.41727661468,0.56278671400,-0.38431380332,0.49241801138
-1.42674131605,-0.18122846814,-0.39162174308,0.78732947849,1.06001920348,-0.46223931048,0.71969362457,-1.01444930419,-0.04364110428,-0.35472791531,1.39450022740,-0.25855411815
0.24456105209,-0.85226335877,-0.96231908940,0.90532836800,-1.04601134339,-0.05837209486,0.57664482738,-0.18827253423,-1.35248758819,-1.67879740785,-0.62449459171,-0.91898997503
0.92758164270,-0.71519061733,0.95174956036,1.16958828812,-0.37757450810,-1.32210001893,-0.62243131585,0.88208691085,0.88754247076,0.60349870688,0.50536364181,0.76724746320
0.88461312572,-1.25137392828,1.52295944940,0.56613134501,0.91791970717,-0.67456315078,-0.44185177149,-0.09430151221,-0.80918144123,-0.43516024681,-1.18185483122,0.37329723254
-0.30553237255,0.78515147693,0.19300020306,-0.00776375014,-0.45387128239,-1.08573269283,-1.79721552936,1.78349865810,0.39174443104,-1.16314201935,1.37587642197,-0.27461830715
1.90830758934,-0.18143347003,1.78660539502,0.21945663609,-1.57885375114,-1.78260489016,0.40030305255,0.45362253312,0.06706414974,0.18957406924,-0.07953584176,0.43294129961
0.47162264896,0.75014267926,0.19648389179,-0.02403387318,0.08420873275,0.03627759355,-0.03871857922,0.53648602374,1.16101063907,0.02056760567,-0.29255489415,0.66828294891
0.99048999831,0.83362151129,-0.14430069816,-1.40471222449,-1.72188423813,1.33434583180,0.22846113128,-0.74175656185,0.85228844470,-0.38060615918,-0.74786753397,-1.14664561881
-0.21971330435,1.19305205509,-0.17227641938,1.19680863335,0.17056192631,0.53052618427,0.29701942161,-0.64051369867,0.46771006673,-1.18490701692,0.44914802195,0.36558990746
-0.82852981338,0.20402325828,1.14521230613,-0.58342255628,-1.02320728970,-0.53852485055,-1.54009937092,0.06862293922,-1.01478498425,-0.25464722434,1.24301253653,-1.61004052641
-0.25346416360,-0.76596538779,0.15230853169,-0.24596236409,-0.31300878046,1.13271460375,0.35571840566,-1.30506858202,0.01623330755,1.07658105836,-1.04690765920,-1.48694439064
-0.71239754721,-0.18764681406,0.13358986651,1.30547395590,0.57310702529,-0.04253570891,-0.61574902214,0.02517234209,-0.07307489460,-0.11308064692,0.33154385133,0.11418829930
-0.06779932106,-0.31436961174,0.70631234021,1.84437897350,-0.00007782862,-0.59161283525,0.37221491281,-0.74593043188,-0.25167257644,0.09658885969,0.65849928830,0.26655729432
0.64731601385,0.30295021892,0.38248603351,-1.47087238460,0.64664542443,0.55566633996,0.34935128523,-0.64086513714,0.89106433041,-0.49123427237,-0.77742109134,0.02591650177
-0.29243963640,-0.77308963517,1.08363243421,0.51398892558,1.69436398465,0.02533495944,-1.30087412563,0.08385304252,-0.06851271420,0.44125592030,-0.54999707654,0.48743786973
-0.91088772966,-0.57938827783,1.05948102154,-0.23180525277,2.66166838169,-1.38559121148,-0.46269033334,0.68767885427,-1.20683612124,-0.92281124016,-0.49836996606,0.79091457236
-0.74191643138,0.43609921746,0.71064814610,-0.56564511035,-0.14315516901,0.31164430051,-0.47445100896,-0.55953794770,0.44081537841,0.78793580911,0.43734190947,-0.96324984290
-1.07551792680,0.62120087367,-0.01701859767,1.19466606992,0.39443449892,-1.39692781351,-0.34868623353,1.04214851839,1.28628831689,-0.02097135448,1.80802063448,0.28809792273
0.26141322539,0.63083026565,0.60365882357,-0.33140914128,0.16022103646,0.30481376753,-0.40264403733,-0.53121203971,1.00455710452,-0.06876987216,0.56787486684,0.02373422964
0.76894627277,-0.60530898967,0.15931488750,-0.94633419447,0.04138526179,-0.34079167431,0.82145895978,-0.98524490359,0.82521566083,1.05429727428,0.88812471520,0.24914038477
0.00248529390,1.29595921159,0.46987263018,1.43724472675,0.98995596127,-0.78057968808,0.31648121543,0.91833586560,1.31071626867,-0.23882559674,0.27648372383,1.69432190567
0.67149900398,1.51895948667,1.31875898688,1.41233007742,-1.53136724083,2.10091104124,-1.71169711348,-0.19555708730,1.01561172576,1.84141248952,-0.66545763671,-0.04189879875
-0.61438927435,0.55840452518,-0.40295190780,-0.38265461366,-0.45232045761,-0.20802858344,-0.28325656529,1.09352649731,0.19822263994,-0.01774823092,-0.25734278289,-0.49904027508
-0.35186017252,0.60587065522,0.37982733147,0.00015980565,0.26919610143,-0.28299340910,-1.00430227477,0.57832744397,0.10084372738,-0.59960411303,0.56913057386,0.09011047724
-1.33948293231,1.51754164479,-0.20884531978,0.07057943616,1.92905434547,0.38482168512,-0.80543845025,1.19791514728,0.21948791976,-1.17184776266,-0.65474229751,0.71488468671
0.14334877705,1.13614660672,-0.50882907827,-0.77428374797,-1.17760107148,-0.29889626329,1.62003028225,-0.21102795887,0.78818720021,-0.77213062712,-0.04745486275,-0.65783332245
0.30896848300,-0.61202419988,-0.04076137539,-0.01133023351,0.52920748284,0.05213558348,0.35925527220,-0.77307825766,-0.07200436258,-0.23109169766,0.10985393476,0.16912084106
0.39124823148,0.97006079759,0.19008851168,-1.00177310544,-0.06890549768,-0.98903177240,0.95663301096,1.40869729991,1.15906905097,-0.02705612343,-1.04018070936,0.45141821741
-0.49752648992,0.83823414401,0.20287564332,-0.71835865030,-0.29048632219,-0.18283013761,-0.40420064465,0.30823553018,-0.08598198636,-0.51311261070,0.35223736285,-0.53367386812
0.58159292468,-0.54258834910,-0.67824789983,0.98910201845,-0.85240679878,-0.54130213576,-0.52175048344,1.37320844047,0.09766224565,-0.76387831829,-0.32494107418,0.05509996450
-0.03493707597,-0.30432663393,-0.77861791502,0.59771349575,-0.31539185628,1.55490522382,-1.12514549823,-0.17409570648,-0.34526320225,-0.21643043017,-0.52419345296,-0.51972463726
-0.00770907528,-0.64346161359,-1.24304297589,-0.03379149090,-1.90272583319,-1.17441237097,1.21673246663,0.28187233383,-1.01076106533,-1.46330852379,0.41347741611,-1.53278238159
0.11333239904,-0.16225895398,0.53428350917,0.90966227021,0.57839032155,1.26223491852,-1.44661626900,-1.16017570119,-0.86701318337,-1.04729164734,0.15012533177,-0.23848387578
-0.60025934517,-0.15926178766,-0.90638606947,0.40658399981,0.40443638158,0.39184165346,-3.04898808309,3.29023095668,-0.42146721435,0.64694970944,-0.75620708251,0.63717983949
0.26589140435,0.89946323486,-0.70467800428,1.60415214196,0.00801930760,0.97216499272,0.84146826158,-0.21181537236,0.48477200280,-1.15060225291,-1.09072894783,0.61826555222
0.35306889819,-0.03418345894,0.76069364120,-0.92993325937,-0.50471378969,-0.15752635112,-1.88019515708,0.67889712693,0.92583606107,0.56570096412,0.70665924392,-0.53469304329
0.50115374653,0.34342016922,-0.68158296427,0.01201596908,-1.84735348304,0.14268374490,-0.13737988863,-0.29421751428,1.62365403091,0.10160811677,1.55812450445,-0.88374221658
-0.92575209917,-1.98199900273,-0.18495554675,-0.77262155205,0.63358591449,-1.56626627624,0.08649468152,0.45574281879,-0.77757630695,-0.08752992354,0.23612825808,-1.19555577871
-1.23850470269,-0.70029661986,0.49917223033,0.31954654132,0.30982562230,-1.31896586894,-0.03496737301,0.20829154255,-1.12117129730,-0.01405156265,0.53626806335,-0.71271203402
0.41128631245,-0.45310381377,0.29906729059,-0.45247954631,1.41131426322,0.09442784041,0.90893571877,-0.64966341324,0.50602759894,-0.34002677245,-1.09211443561,0.50332766548
-1.93120108278,-0.58907974194,-1.87779996020,1.69774617023,-0.25426253539,-0.44669706547,0.84554834268,0.69659157456,-0.27626486840,0.05663097852,0.10594402231,-1.09514660357
1.64255306559,-0.04322481967,-0.54416534104,-2.03259400200,0.80572069351,0.82176781186,-0.04299273282,-0.18524532405,1.66482098744,-1.03870844759,-0.59286139953,0.60347619057
1.26210838938,0.09745868295,1.41838561519,0.45411099678,-0.13863785051,0.29032305882,-0.72357221403,0.18087396682,0.15563332268,0.54464258126,-1.13866344511,0.62912509555
0.31996119787,-1.06363754407,0.04469708539,1.05916907094,1.14492312389,-0.59637195645,0.71974381888,-0.12187002777,-0.65842521030,-0.78943294439,-0.90735439626,0.69956841071
-0.86999008699,1.15391588226,-0.37290644836,-0.19329560717,0.62600035923,0.12255036544,1.04110546058,-0.38057988389,1.01164248879,-0.62160929140,0.08423068155,-0.14319691013
-0.88000040087,-0.20934914407,0.77008309410,-0.59498342545,0.57327552454,0.37998936167,-0.62485824640,-1.77629471220,0.16720232700,-0.50535349423,1.31065772465,-1.43257415464
0.13658524613,0.29552232409,-0.39914515743,0.29166388463,-0.23105099613,0.37884548628,-1.91132183649,1.19032906720,-1.14186560658,-1.76218069359,-0.03856597553,-0.00267303607
0.50257407091,0.30071101849,-0.95900385108,0.08388101055,-0.79213842278,0.21498194854,1.37189532344,-1.13214439450,1.33917524848,-0.33854172278,1.02612719379,-0.18607942867
0.64693968358,0.24867651937,1.30539148191,1.10070354516,0.73735313676,0.58311678315,-1.53542544089,-0.71132261182,0.58808768093,-0.23608229817,0.64216607625,0.55205401724
-0.87930536644,0.54350267557,0.61669348049,-0.29266082843,-0.11627871776,-1.69365256631,1.10493791162,0.50976419082,0.47418766888,0.34985188548,0.36803881460,-0.49113994978
-0.69154132698,0.35597551884,-0.35225320888,-1.19944875662,0.54216814454,-1.01483935033,0.21682334361,1.25948236175,-0.27354156172,-0.41611534247,-0.13982215821,-0.08531846997
1.12275256814,-0.62829665017,0.37641175743,-0.11681599403,-1.04710733460,-0.10748071924,-0.02697532140,0.16657809607,0.41436758173,1.08178259659,-0.46398384661,-0.06612724247
0.34015531399,-0.53453188543,-0.89278744533,1.02988361748,0.74839386918,1.48857187387,0.40871263216,-1.22778786821,0.50694139467,-0.34359955546,-0.67071219498,0.22370521117
-0.83144732924,0.38767731423,0.85962925423,-1.91736303464,1.74096725289,0.02246586427,-0.76051077676,0.20896011045,1.24852123666,1.40923379090,-0.13333119769,0.03811571324
0.95543940852,-0.47950521874,0.01026526449,0.43825427357,-0.97199477951,1.72185958977,-1.32966594983,-0.81720079195,1.30527136807,2.50914556713,0.64326525271,-0.19864362038
0.38947267630,-1.00198716464,2.05625740195,0.77837249089,0.67136495597,-1.14029810490,0.05849293644,-0.14951728825,-0.17612816511,1.08582327445,-0.84663959463,0.35247430446
0.57988599468,-0.45686761510,0.90012783512,-0.16377089909,-2.23936322518,-0.23855426972,-0.87152844126,-0.37840580567,-0.13372223561,0.73569605276,0.98123664136,-1.41012403752
0.86841321008,-1.13384954362,-0.30983265832,1.69564793956,1.08414197094,-1.06429363244,0.19795896879,-0.47725703692,0.30816017174,-1.22889490422,1.69716632900,1.35327976834
0.83177769983,1.43936069899,1.15088135084,0.34983063756,-0.92937060639,0.74592214799,1.02658704690,-1.74970001415,0.54344096708,-0.94298005439,-0.24949807934,-0.37900677779
0.24020908357,0.39610735838,0.39754572689,0.79262227391,-1.23888621551,-0.21328436999,0.28024765550,0.37403935136,0.99903366931,0.83847131689,-0.30580613291,-0.24003887574
-0.25122109026,0.11429468818,-0.26193639203,0.70281659133,0.32677422137,-0.05390108424,-0.24843802864,-0.51302154418,-0.36088949046,-2.00778129212,0.82380242686,-0.18465093515
1.11327540224,0.87262528079,1.02324259740,0.17468816652,0.61213327745,0.03020532400,-0.69704993662,0.20260884810,1.44904629046,-0.10726196270,0.26612821896,1.26381999796
-0.22284755373,-0.26366933210,0.88804123097,-0.61389233283,-0.52801400210,-0.61349032085,0.80204420217,-1.72686045567,0.78449547780,1.65934344069,1.93994299795,-0.96963393046
-0.31806551953,-0.16683419356,-0.90967046185,0.35087448743,-0.10577575315,0.11513418066,0.77818241097,0.55316070693,0.96143558376,0.74510310618,-0.76867257239,-0.08420548321
0.07063521938,-1.02512108019,-0.47353517778,-0.42282661817,2.06079050883,0.06171073160,0.73516485156,-1.26822841272,0.23748366320,-1.29799821831,0.15714315055,0.41708365871
-0.61093018653,0.88046712264,-0.14644404730,-0.14972056503,0.19750915773,-0.84025180436,0.78228093403,0.77681460537,0.68053634624,-0.33272879308,-0.05803192219,0.06267952263
0.97333121631,0.27407518446,-1.31228538032,0.79075101593,-0.73132470434,1.26265389731,0.06813507812,-0.23015443348,0.80384238255,-0.57326204447,-0.15916035330,0.39958137444
0.75753903659,-0.86885856262,-0.64755931659,0.00793680488,-0.19142671514,1.60570705222,-0.50568937146,-1.94219781572,0.58454963515,0.25662856872,1.10090973859,-0.60602624443
-0.20888068202,0.28364734079,1.55183291461,-0.75642844759,1.64441073656,-0.66205197039,-0.41793913856,-0.61947249289,-0.02059878163,-1.13668295254,0.39901871989,0.20009893576
0.68081994751,-0.02845327002,1.84769325850,-0.61069216439,-1.10491000375,-0.66230452667,1.35848951027,-1.33442836911,-0.05969990026,1.49445501082,-0.22634097220,-0.70991241494
-0.41561459203,-0.74774773229,0.09683855822,0.46143062398,-0.13524334924,-1.10444890515,0.40779714487,1.17821025966,0.10751919752,1.37118645178,-0.65718232970,-0.01179140454
0.68453247387,0.57477433997,0.46365658556,-0.25515395946,-0.02114625599,-1.02039411970,1.67420103039,0.33232145342,0.59456728535,-0.77176686907,-1.04819814869,0.45745841208
-0.71847088955,0.33574459543,-0.07150246597,0.37947394931,0.27315349954,-0.54724319124,0.20272949088,-0.24397235247,1.62799957940,0.86150763756,1.70804998913,0.00312961037
-0.63181052743,1.18694722870,0.36731724030,1.16906082879,0.21170143881,0.25490906395,-0.80313173205,0.51837071214,1.00599090659,0.35839871207,0.45129655353,0.48478297044
-1.20771397868,-0.55308507111,1.06065346522,-0.46742301441,1.60903784869,-1.31337995603,0.00242138470,-0.93768922486,-0.45020970376,-0.42954504427,1.46812490687,-0.43240504623
-0.01289901835,-0.26186599651,0.04639554504,0.77855924168,-0.51273472491,1.41184356268,-1.38745935062,-0.89255259685,0.28122820023,1.18260989923,0.78034081400,-0.58403630886
0.26743891818,-0.63489069647,0.41956877154,-0.33472297752,-0.46072962227,-1.04044281278,-0.45637713258,0.37845471225,0.85752333240,0.79593694232,1.14091650277,-0.17958493539
-0.84237011706,-0.15599842701,1.37923283164,1.39538166185,1.76964604530,-1.32485356289,-0.57259359261,1.22689645710,-0.26157547861,0.63201014474,-0.59532408303,1.15133587574
-1.04705158240,-0.86155381127,-0.85603742317,-0.84118264217,-1.20656370365,0.09579774135,-1.52811255372,0.63477569486,-0.42312428983,-0.12573062367,0.86002229582,-2.32061649935
-1.36321446830,0.52671589589,0.55243114842,1.38475625613,1.93506527404,0.32760642213,0.08674473125,-0.32665060498,-0.13505149462,-0.52573642763,-0.85649118717,0.40096864929
-0.06534331637,-0.08936594089,-0.65457536387,-0.15082171628,-0.55619709350,0.48593420019,0.78972309419,-0.36040073076,1.20651734324,0.78546077430,-0.29880737891,-0.62844779056
-0.40060296920,-0.34075403368,1.56683675819,-0.47557992733,1.29680531783,-1.14409192351,0.88467139335,-1.06813428435,0.15962623827,1.10705720717,0.49048759323,0.19334547674
-0.32946779953,-0.44501473558,0.09555111105,0.41651748052,-1.09490771744,0.59572177327,1.36393051191,-1.85691890550,-0.27374816886,0.80710755716,-0.26333031777,-1.64333592957
0.58473604935,0.79191890175,-0.12786447925,-1.62648668052,-1.36175920114,0.07526012331,-0.11492581648,-0.01897761572,1.63180698419,-0.25439906837,0.62168768048,-1.07058352886
1.48856499109,0.39745968901,0.81673920552,-0.12676621191,0.17359277874,0.89535018031,-1.11558000016,-0.37435226125,0.21071877756,-0.63601033420,-0.30738198862,0.57039525440
-0.17140407137,0.35835690318,-1.15956438398,-0.51565427309,0.89248048444,0.21009968500,0.50735813354,1.17834700655,0.74087576604,-0.51529074079,-1.28649335650,0.54307996072
-1.37667795326,0.88501221037,-0.39303960635,0.94847447016,0.45877516525,-0.75868200026,-0.00616915711,0.53934835555,-0.25807532774,-1.41120673145,0.97116446792,-0.09498774307
0.46540403307,1.03625201718,-0.92559387490,0.04249719810,-0.45036260577,-0.43409660513,-0.30616971616,1.63644493152,-0.30363173215,-2.14425392643,-0.16385204370,0.45888119917
-0.71193843147,1.27293506434,-0.31159351511,1.15354581707,-0.42270867845,1.24251359393,-0.32068992791,-0.44656334421,0.45436005186,-0.29841806915,0.12058753619,-0.33993055352
-0.07623627173,-0.00200968591,1.26616695327,-0.57984867713,-0.73629300423,-0.84897947623,1.71573044676,-0.72582530358,0.68217895095,1.07907528702,-0.82571228887,-1.13878647383
-0.22358765097,0.61811656608,0.29262491445,-0.45019942595,0.27643235089,0.21533510693,0.51190144600,-1.04708129267,0.38186735698,-0.78880978468,0.36004923730,-0.38500177846
-0.50308733735,0.38992810158,-0.51473292164,0.26909214278,0.13308164333,0.98866913956,-0.33813780678,-0.49255000973,-0.29603476177,-1.30329515941,-0.23859758239,-0.55801900834
0.22641526583,1.08126968199,2.06769085149,-0.62666387838,1.93886992051,0.32201028484,-0.35160422091,-0.47476330269,-0.07005912185,-1.33361153044,-1.52299502674,0.64998178567
-0.10206548985,-0.64749430764,-2.38794039505,-0.36561422600,-0.29646486046,1.53906358744,-0.61920332971,0.12324684368,0.33187136486,-0.58764057692,-0.01550423005,-0.71398406148
-0.56239466890,-0.54759042582,-0.32531889086,-2.09564014630,0.82963405453,0.22899969854,-1.16079784894,-0.24975941982,0.01903662875,-1.17889753792,0.70871947484,-1.20009160655
-2.45738057251,1.51928601500,-0.34135286112,0.24495228804,0.85630699198,0.54955987298,-0.50199690149,0.29348516195,0.46277684690,-0.01786241054,0.32528902929,-0.85000213426
0.19630707999,0.44268091962,0.94023892104,0.53073498574,0.73380156670,0.69794314987,-0.17494634070,-0.33404052997,0.89479191816,1.17191790997,-0.70894212192,0.68123943008
-0.59482226274,0.92527542090,0.12031730259,-0.61140904329,0.58084276851,0.60186246576,-1.29923423572,0.95571039044,0.77593461945,0.57687011706,-0.29465979842,0.18185828363
-1.40658711191,-0.52038361615,-0.81282068907,1.71000133442,2.12337320424,-0.16264893057,0.59924783699,-0.44677327455,0.00543793599,-0.72094324887,0.29273559354,0.55109589746
0.06800355529,0.65610848136,-0.15014561261,-1.73110788061,-0.06192633245,-2.07020272079,1.71431468200,0.18637474698,0.54410442218,-1.63180382219,1.14423206963,-0.43725048209
-0.71289591515,0.81378912430,-1.04974883470,0.33210394692,-0.67139752255,-1.01125635474,1.31264252109,0.37490146729,1.19739277978,-0.32245090311,1.22094784877,-0.38771971648
-0.20701362361,-0.04094960158,0.77216667395,0.44192851887,0.96517032985,1.27590092343,-1.08726349515,-0.33666495946,0.51473349990,2.05040687701,-0.67440205246,0.39901438942
-1.72826125880,-0.05488945149,0.54821846442,0.65449217172,0.98297040343,-0.82073138057,0.78824488446,-0.83178212092,-0.17323132760,0.31534133397,0.71778557776,-0.63280499668
-2.19513060159,1.07054747861,-1.28348093497,-1.17125634538,0.89852649958,0.30928563775,-1.34713028494,1.21838428270,0.98125733372,0.13474596033,1.14524282509,-0.95140143556
-1.23137697613,-1.19344737110,-0.97557340466,1.47913114177,0.34545140512,0.12730657868,-1.89590852756,0.32684147215,-1.23600818719,-1.46207375507,1.25925549580,-0.86200010388
0.56419591890,-1.38137197005,0.58085847193,0.16848140123,0.14069574847,-0.17256276031,-0.80015947964,0.36534515277,-0.51575492327,0.32195961978,-1.05617316024,-0.16576133603
-0.16944686771,1.02657980127,-1.58124985502,-0.49863789811,-1.33147065551,0.15362046894,0.32212655181,1.20933074855,0.60169705826,-0.83095995164,-0.29250897153,-0.69749474822
1.04689463067,0.25794729608,-0.28954973619,-0.44050343584,-0.37400384814,0.40287932020,-1.00838793232,0.24272619591,0.92283514386,-0.85184641755,0.51434368886,0.12239878478
1.26200143248,-0.84992359468,-0.31508847107,-0.10470259424,0.87651560418,-0.45123783100,1.15137320267,-1.17219271583,0.05422066429,-1.82916307996,0.38980312868,0.67134819569
-1.16371226664,-1.22357450565,-1.42921572821,1.31893411806,0.01771904714,-0.06255223326,-0.98141021917,1.14183068532,-1.28537667003,-1.08567102142,-0.30430339621,-0.88100890071
0.36985548311,-0.35677411459,-1.14666005050,0.29041718348,-1.00289285265,0.62539224591,0.18041207164,0.26020456530,0.06049779510,-0.06169554442,-0.66271177562,-0.40725235769
-0.37256022923,-0.88731551278,1.01234131035,0.76857334622,0.79316615628,-0.94024269427,0.11872683002,-0.29163589390,0.69513198150,1.53255916485,0.47438741786,0.21597129419
-1.11726648895,-0.10128314422,-0.13929784281,1.22012725745,1.44528025920,-0.73307585696,-0.48914925257,0.00464854111,-0.38213236253,-1.82685060214,1.16876630145,0.21419118892
0.00628127234,-1.23656273932,-1.23972478601,-1.64726889529,0.46036378826,-0.07818793996,-1.82434513307,0.48399996500,-0.29863451243,-1.55373595326,1.80064840027,-0.75023108320
-0.45303723763,0.63345273668,0.97272761954,-1.00266583694,0.44061071621,-0.53257135499,-0.13968236440,-0.16798853534,-0.70541102576,-1.70811353169,-0.16266283438,-0.65347083369
-0.40492964563,-0.37860336239,-1.59584737892,-0.22555803674,-0.37090882270,-1.02749682236,-0.40575447469,2.87992724498,0.43293212044,0.46808438151,-0.31253468379,-0.02519675293
-0.73073885214,1.67096714264,0.20994795718,-0.58621097424,0.24101893926,1.28033637361,-0.66384532334,-0.36175938379,-0.16796651472,-1.37515715312,-0.47970497463,-0.59621164546
-1.67473590878,-0.02010558450,-1.41037311620,0.72337643276,0.38729452489,1.20459166207,0.63184136453,-0.79414652493,0.35552311260,0.00885945923,-0.35255381706,-1.22633401784
1.20098939418,-1.69630767774,-0.52570239463,0.80393845117,0.64463792859,0.02751168836,1.03162036784,-1.28427658874,0.44540821761,-0.30365386382,-0.03998860606,0.43676567214
-0.60526003323,1.88707543913,0.06304301119,-1.18311184564,0.78386415630,1.06161915585,-0.04514818378,0.25735531820,0.93953765280,-0.44304815033,-1.08532102701,0.03446861328
0.11294430290,0.33549590741,-0.12207646380,-2.08601863302,0.11236338462,0.01783263642,0.41207481214,0.03391121669,1.22776074365,0.08019296923,-0.34373453444,-0.57096930725
1.14726058853,1.66179114882,0.39637266343,-1.56568949821,0.39355284098,0.00329285501,-1.31097128668,1.38230637294,0.67284234651,-1.56590285330,-0.12685933083,0.92676106011
0.91491921880,0.61929720776,0.40903308981,1.36161109545,1.30896340266,2.30812899636,0.25194757132,-1.10609621597,-0.18664447870,-0.97290639092,-2.71721371580,0.98254779725
0.18528788307,-0.99253981942,-0.14651135911,-1.12114088993,1.30284876616,0.71184106457,-0.09477422421,-0.12471132018,0.64554038923,0.67892425112,-1.41200289974,0.00996891030
-1.47956750684,1.00539484646,0.74974252889,0.59541573759,-0.05472045556,-0.07650752275,0.53757445099,0.49227939178,-0.28680848316,0.63190156872,-1.47923328864,-0.74323495793
-0.99563626432,0.50473677159,0.01542857294,0.81738766187,-0.74932453413,-1.25780280138,0.58172915118,0.17225597366,-0.31033935014,-0.80666880192,1.10229935434,-0.79258176194
-1.34889418037,-0.35767954715,-0.41815103743,1.63047795449,-0.17089936184,-1.17647875471,0.41052052341,0.42112310873,0.40845601751,0.64946023475,1.22905069767,-0.42015475991
-1.54977047521,-0.64133295508,0.23158034496,-1.20890569850,1.94975995817,0.37231810599,-0.11106065119,-1.17790023868,-0.20517389753,-0.43535278186,-0.21415608990,-1.14316506041
-0.56374051385,0.57847970668,-1.63433980867,0.83860174924,-0.47554702288,0.49575301406,-0.64093423100,1.83346250081,0.21380707902,-0.53385582914,-0.71263340187,0.06355913311
-0.40248064103,0.37046639901,-1.01698234822,1.46229227058,-0.31022910723,0.39204596938,0.36444790286,0.22660605406,0.45354810979,-0.52592614741,-0.18896386657,0.05268655871
0.11743528354,-1.04312081363,-0.50253237408,-0.34805308892,1.35047081139,-0.11836837915,0.05863776188,0.01781264858,0.22039887281,-0.99708690693,-0.53704930081,0.19630415220
0.60580073417,-1.67983000588,0.61490667995,0.23076988685,0.57282576627,-1.17952051423,-0.62709183584,-0.08557561735,0.52658260427,0.20567081754,1.11217133689,0.25695406916
-0.58286918821,0.88898491779,-1.49777123118,1.78725654185,-0.71529420243,0.32743225998,2.03624141786,0.23355614841,1.30230300101,0.06705101595,-0.84830042215,-0.07233474298
0.36174933860,0.46546184100,1.32800900045,0.50815789212,0.00054657977,-0.41833832428,-1.09604783890,-0.18519363015,0.72884544482,0.32125529543,1.36808302494,0.41111308551
1.19430314486,-1.76623474909,-0.26464395808,-0.04913297201,0.42337215357,-0.49877178164,0.10910357048,-1.04968578908,0.72071508651,-0.28716301183,1.39767812019,0.23725816548
-0.18769640211,0.69529144453,1.53669312371,-0.20573761328,0.35848429664,-0.98452037147,-0.79953713028,0.73498363501,-0.40039693222,-0.26537675997,0.05241381443,0.28876989189
0.43456488563,0.26357398094,1.61868517594,0.43896413889,-0.07608493950,-0.78251129166,1.11509947377,-0.23608777249,-0.68993867604,-0.23850943729,-1.50586476534,0.09807914172
-0.66100594696,-0.74733592340,-0.42308798583,-0.23329911707,0.97040825776,-0.13089051163,-0.76238047449,-0.33518615073,0.08680670745,-0.42588746746,1.31825935380,-0.26297156695
-0.35817390217,-2.05506246126,-0.24441761251,0.00930306887,1.16108747966,-0.38937192889,-0.91180884634,-0.80318061248,0.08404842415,-0.03234593268,1.65684740356,-0.43439330930
-0.07648876905,-0.52197318800,-0.20603226102,-0.10565526477,1.22366722101,-1.00768513767,-0.39585229155,0.25597817210,0.15883861356,-1.40791233036,1.25725306418,0.48352635236
-1.71665199040,0.14649656502,0.06649065008,0.15083762053,0.21792317654,-0.46563849291,-0.75137867213,0.72303826170,0.14038888319,0.54584552543,0.50385435122,-0.94805680618
-0.03087441117,-0.43971661535,-0.88396198044,0.06107588017,-0.09932092824,-0.08414017845,-0.60498361510,0.65552776733,-0.57269026890,-1.01904166065,0.19705029698,-0.15176995689
0.25801235743,-0.48769072941,0.56234047550,-0.01619524443,1.11107913288,-0.22131036607,-0.03656881817,-0.33875897643,-0.04260515715,-0.57679944127,-0.35361636304,0.40293652369
0.13158378152,1.41416468704,0.16034051169,0.39419796444,0.05814743930,-0.08621961748,-0.47597599438,1.39582047890,1.82285256666,0.66231177315,0.00172162930,1.09898503893
-0.23863568913,-0.27764537194,0.92127997156,0.96509548359,-0.52376280979,-0.56464799117,0.46534548850,-1.00024923725,0.32994441470,1.09751892913,1.00076617672,-0.45205980747
0.35628373870,0.64666728309,0.56130010066,-0.58832239025,0.80569333270,0.49533448034,0.07121404976,-0.19258043923,-0.79608481864,-1.80773995812,-1.48468728433,0.26190607998
-0.81248163946,1.87180050410,0.29689442908,1.67971294743,-0.20416437965,-0.86544334936,0.92272573510,-0.63057311562,2.12891537712,0.27794100599,2.67787911220,0.40006113489
-0.52438962095,-0.01804542643,-0.18666382964,0.50623993861,-0.63820883140,0.14064260234,-0.44182018852,0.36330553015,0.22104760893,0.58058710366,0.05352774043,-0.58278573059
0.50664686645,0.20481098294,0.20538863167,-1.30547295500,-0.88837574273,-0.35861256228,-0.57245653202,0.27345840128,-0.10505447004,-0.66928587082,0.49555310912,-0.67553769638
-0.56569018992,0.70545303828,-0.14486401187,-0.79525618465,0.70486654006,0.10776778942,-0.37672400274,-0.20492198432,0.94591916445,-0.26506615880,1.06783944292,-0.04334635113
-0.58125698913,-0.90530895809,0.81749263486,2.02935890446,0.34529154405,-1.19761224734,0.57195803439,0.69847398976,0.33045563339,2.08426488136,-0.67159869561,0.45852254936
-0.23558387950,0.45471554959,2.22739849193,1.01584134690,1.29097621961,-0.70244274816,-1.21322454517,0.06047458802,0.16046857904,0.27952696807,0.33035475368,0.81169057159
0.79079680151,-0.89550379081,-0.15017848181,0.55122856319,-2.01745769773,0.50212342054,-2.33743869691,0.93784972948,-0.01548072523,0.40964044011,0.31187144844,-0.97148979143
0.74006799222,0.03390523122,-0.13261699252,-0.08186446697,-0.29094063976,0.30246297191,-1.11833242513,0.28149754500,0.37869304765,-0.19187694299,0.62283055175,0.29829496050
0.91574505410,-0.08224977551,-0.46861489908,2.36384479313,-1.09295600282,0.56113410540,-0.07553732485,-0.25268832805,1.29064667135,0.43593257035,0.49135432196,0.51977693205
-0.69054569768,0.65150204307,-0.20020734466,0.81520115099,0.20813917951,1.03887812095,-0.44890267640,-0.77541747388,-0.74899011447,-1.42535323194,0.01533210706,-0.41606672303
0.99438700446,-0.46536479415,1.41779561849,-2.03644175280,-0.69523638667,-0.34212630922,-0.39182361757,0.31807737810,0.37052206645,1.71327289516,-1.05393320109,-0.55097330744
0.23457142905,-0.32819939741,1.09057164558,-0.34026526122,-0.22812570536,-1.32964584632,0.24279984338,-0.01286889144,-1.21734073990,-0.70252250872,0.12027211087,-0.22036819229
0.96112933989,0.01721256622,0.59363956825,-1.05153416304,-0.54157307221,-0.94566323920,0.54957620007,-0.28710492752,0.69019975391,-0.56272900861,0.55536215485,-0.20469041405
1.10688250493,-0.03268716623,-0.60588089898,0.38975298955,-0.00862514040,0.31824712185,0.64537597778,0.79149977162,0.38440914673,-1.20914136812,-2.06620312895,0.58445424329
-1.13355600791,1.67115227737,1.07055258003,1.82094576164,0.55298070634,0.78407034288,-0.93589631449,0.49604855971,1.33607543028,1.50223197289,-0.31213102862,0.57214383176
-0.63033554949,-0.81682808090,-0.43140968065,-0.83558766935,2.06281176562,0.59053428677,0.52605981010,-1.57871255194,0.61737510073,-0.24074666476,0.28551160010,-0.17074249102
-0.17210905006,0.00116923609,0.45508816635,1.77788190705,0.38223021250,0.08797739636,-0.39397816597,0.08429693390,0.46718743331,0.08504493923,-0.26497584854,0.43017609658
-0.65797234440,0.82949136242,-0.35125609349,-1.33526067311,-0.19759686973,0.97806964577,-0.75370923645,1.01278266225,1.13385090181,1.26985306007,-1.04876434843,-0.67599431051
-0.84333936182,1.16581541153,0.35028128052,1.76794976193,0.71619491360,1.01386251851,-1.19990365436,0.43900481799,0.23009543501,-0.31143366991,-0.57525343490,0.50895087408
0.30048934636,-0.14029044465,1.63835832064,1.04820200699,1.10511500401,0.53364592485,-1.33856264496,-0.78923054779,0.43096406045,1.12920161783,0.26490267614,0.67180776276
-0.34222053834,-0.15686236378,-0.00572659038,-0.22538494140,0.18887327455,0.88793332064,-1.44031606729,0.14984961864,0.25839979490,-0.41126163723,-0.45593488910,-0.80314698186
-1.48457083145,1.40312463871,1.20679941854,0.96943847289,-0.10203946460,0.45887855621,-1.95366605249,0.56666834429,-0.08659755118,0.74510856827,0.39420943414,-0.48782608071
0.16082609165,0.54319331299,0.42653915161,1.27313991668,-0.51982017800,0.26905004566,1.16440198865,-0.70371155482,1.05382631836,0.92413633825,-0.38063304199,0.10823809089
-0.94483824131,0.04647789595,1.17851535612,1.60757149028,-0.02948411622,-1.33154192522,0.00317638701,-0.57202605395,-0.21093634500,-0.16620798066,1.65830960386,-0.36770581574
-0.16314204623,-1.16135166420,-1.83671085261,0.98476582540,-0.03606240127,-0.06689144446,-0.53382099351,2.13198723522,-0.25355895121,0.23455334169,-1.03816121510,0.35797461774
0.70458228973,0.11359570197,0.56814677284,0.64508832813,-0.53582002208,0.33165113529,-0.77191551685,-0.39917867286,0.29983687434,0.05278458130,0.51508894459,0.07428239168
-1.76471733407,-0.78369194788,0.77528271774,0.54934336961,0.74439324681,-1.79427591824,1.57331557072,-1.27328805870,-0.99864570897,0.84792006273,1.35894876018,-0.87155143543
1.32467829401,-0.04398684123,0.31826825420,0.42203549301,-1.14050879312,0.48717992137,-0.00286829895,-0.28429934989,0.31197529971,0.33296678634,-0.52704609826,0.04755728622
-0.69056224348,0.61851191754,-1.40026868884,-0.08119664116,-1.75223882204,-0.18902083167,0.80338962917,-0.25373810269,-0.23223153747,-0.76065581883,1.42356100228,-1.33065886493
-0.94751425436,-0.50430936230,-0.59790683667,-0.01403973282,-0.05524253736,-0.44756558221,-0.10500579770,0.41753633989,-0.39385546480,-0.52444825815,0.14844913322,-0.94633712484
0.37160809356,-0.79012109300,-0.47069387364,0.03272874969,-0.51797828780,0.10101377184,0.47645187502,0.79410142924,0.49030745848,1.59272469071,-1.38494407313,-0.00220503536
0.06287264207,-0.22880097115,0.23840599085,0.20028524666,-0.89379104860,0.36755193914,-0.03185244925,-0.84156643889,-0.75767957968,-0.79381600158,-0.16923994737,-1.12232336190
-1.30855284729,-0.77707327470,0.81796605535,0.81742762790,0.54751380207,0.47495719206,-0.06896906703,-1.37980956373,0.03953044214,1.93447519482,0.07950089648,-1.15697732621
1.01155886316,0.41687265886,0.58753170940,0.20177785091,0.83761055609,-0.91623490975,1.15704681967,-0.05608707321,1.00575537986,-1.06618382863,-0.17163509205,1.23223267184
1.56413343822,-0.15720604417,0.43472157677,-1.87229101482,-1.03634075996,-1.37622439930,1.15126509416,1.26606698511,-0.20024642293,-0.42594056772,-1.80022375089,-0.15534764717
-1.18685580613,0.41062228795,1.11229829990,0.79081710437,-0.84842227156,-0.77194867989,-0.38634833396,-0.07372399492,-0.10464217272,0.71760140306,0.99116919231,-1.12035652120
-0.69493380656,1.37056795944,-0.31892011523,0.91131243505,0.14968051008,1.26798350873,-1.02716653031,0.21117480695,0.07663884930,-1.00362509431,-0.25545339295,0.02378532622
0.38641762460,0.88026708692,-0.11315439881,-1.34748768697,1.15893880431,-0.10714088512,-0.67439239512,1.16657942492,1.07066001438,-0.57472089181,-0.10184972894,1.03317560899
-0.77605124181,-0.96962371322,0.23398861722,0.31101867363,0.51933285906,-0.13137897123,-1.16701113762,0.37667153770,-1.69400996878,-0.14783568041,-0.30738781870,-0.41219956376
0.27571648390,-0.39555124750,-0.37261637881,0.79522285116,-0.80893371269,0.28084083606,0.80958891203,-1.44573909429,0.12901192169,-0.07015131156,0.83458809523,-0.54485971114
-1.65574417195,-0.43228636732,0.00404500606,-1.16489372262,1.22854000411,-1.04664519341,-0.50348397005,0.57942890934,0.29553018027,0.96394838854,1.05840798197,-0.64416354499
-0.63733180442,-0.90526004204,0.68418189611,-1.18644797454,1.44670993352,-0.52298396241,-1.00101009895,-0.43853876428,0.14987483398,0.97114825319,1.29028465654,-0.11356119884
0.26931202898,1.14298597460,0.74346543815,0.16031842557,-0.57311075935,-0.32853145201,-0.87453215238,0.86111006326,0.80611520427,0.01564501418,0.39407189104,0.29865624562
0.49881772067,0.60471992665,0.95979738813,1.01384652655,-0.48676110033,-0.93448052377,-0.66955263384,0.98466577410,1.28698227074,0.45140126814,0.68251490518,0.73799424093
-2.12749298302,1.50788083747,-1.40857917095,-0.89035262957,0.57449613740,-0.15774449201,0.69508508962,2.10506225422,1.06868750207,0.93956610947,-1.10683226012,-0.62392910435
0.10976744360,-0.14697423903,0.42992453205,0.07744083129,1.16421736617,0.59472436750,-0.30755286379,-0.75423921871,0.74807950146,-0.01940268521,-0.14262522774,0.28321238533
-0.40059116884,0.07557923980,-0.03769130199,0.77404523171,-0.16711768281,0.16820985638,0.43755811024,-0.52355851025,-0.05069705993,-0.17670340784,-0.11160699186,-0.37965689137
0.44497572821,-0.18284191077,-1.14527268788,0.12754542169,-0.92984809422,1.86280078005,-1.52598622010,0.59460721724,-0.45869880298,0.14989356374,-1.02894816347,-0.38808447152
0.35650353748,-0.71822616132,0.37947305803,-0.27972015202,0.95723566013,-0.44445496975,-0.55392366627,0.17148894880,0.11276282646,-0.05036146606,0.16325922888,0.57325359539
0.42111136575,-0.08607951850,0.19812168501,-0.92118707270,0.01504132652,-0.15017646351,-0.87589257194,0.19988752966,-0.32550854954,-1.12576038214,0.28982912659,-0.25386196918
1.00154794484,1.19091227358,0.80117595413,-1.72984172608,-0.61724961186,-0.85385515324,0.01794020804,1.57639711649,0.62884823033,0.06000748385,-0.95792190453,0.43392763922
0.19472809476,0.11114229441,-0.97689388497,1.38995814382,0.48155118819,0.03364310145,-0.77202140360,1.05517617804,-0.56859347078,-2.36207580534,-0.23373273003,0.72666980300
0.41609100597,-1.23928357207,-2.37192275686,-0.03170517399,0.46015870086,0.56971321752,0.43910749286,0.49881058662,-0.06873697583,-1.03250896595,-0.79817780250,0.20505638468
-0.05152573881,0.61995731985,0.83669077839,-0.22267942119,-0.52532335604,0.15949963396,-0.34069140053,-0.32311551419,0.37650126707,-0.14229196721,-0.01771470004,-0.68353872512
0.04397699211,0.38231484856,-0.55716784600,0.02804484999,0.29541463590,0.92065325445,-1.42851208761,0.96139956054,1.74827758903,1.17139368179,0.19993818323,0.64106225468
0.73689773833,0.59942116159,0.19469217438,0.43466554318,-0.01636379617,-0.79371624411,-0.40189862866,0.68637068999,0.65362851014,-1.17332433102,0.87595832237,0.80268169633
-2.12770319612,-1.47923929925,-1.78837840661,-0.30843494489,1.50201843477,-0.19467232907,-1.11500963045,1.07366473112,-0.54768357437,-0.27171320433,0.53629060035,-1.12205825766
-1.56831198887,0.93803420678,0.31085326099,0.78318235224,0.08525718949,0.01891337783,0.31665000792,0.67833909512,0.60390124293,1.33541506699,-0.82935491305,-0.48330526253
-0.26704648112,-0.69179348213,0.28306622708,0.26796086479,0.58490046682,0.33606894992,0.31831138874,-1.64977003465,-0.36830037677,-0.32825956364,0.37726531390,-0.58445295682
-0.72065983767,0.57842154000,-0.11727576336,-0.55447840953,0.88480039529,0.03420854497,0.05711502965,0.93699074983,0.51909469431,0.27086080565,-1.02686345334,0.20028479174
0.85293095709,-0.82492209412,0.18469753274,-0.30142201975,-0.43753333740,-0.04387568862,-0.64628158871,0.57812604090,-0.03015040323,0.03655396176,-0.88607945578,-0.24135135853
0.77482540480,0.11314280884,1.66610431308,-1.86295887015,1.12722618525,-0.82380777541,-0.94126211451,0.37765380505,0.98369500808,0.48865628290,0.13686317257,0.63044074469
1.13793772171,1.50083194532,1.48894013028,1.25588098316,-1.81163976204,0.19215951954,-0.65034973274,-0.27760417972,0.58218295883,0.19350032302,0.64148028200,0.21592047402
-0.02252744444,0.73040670053,1.43502410130,0.26175503271,0.31016195935,0.67765611025,-0.29433833226,0.42760087820,0.03846234360,1.12851060946,-2.21623980784,0.27658547023
-0.26669885366,-0.57542467694,1.14910131192,0.96006245950,0.62702930200,-0.66426743734,0.20477401498,-0.26241181656,0.09380764232,0.86606668635,-0.32902802265,0.14940777309
-0.00706459698,0.59760109668,-0.41592481960,-0.14642715268,-1.34488961944,0.77761923292,-0.60103155439,0.79703076235,0.57349335716,1.15655379177,-0.48271725047,-0.46206195615
1.24999451756,-0.98932828165,0.05711662474,0.28293170185,-0.16448435566,0.97090959942,-0.12485470941,-0.77775095429,1.09998337148,1.78241152180,-0.31407936998,0.27504063891
-1.07411806841,0.20854436307,-0.19341135252,0.67894926491,1.04651474991,0.17912280152,-0.14001486025,0.69622995774,0.61144147263,0.58285682054,-0.71297308223,0.26283616880
0.08248801602,0.96768587434,0.08605051156,0.11502505634,-0.57400888705,-0.06970383098,-0.18723020770,-0.53274790992,0.59357633324,-0.88407074752,1.51950031615,-0.19711583140
-0.28350584432,0.48290701751,1.03550145679,-0.04955236135,-0.77766412328,-0.60646040633,-0.57502176634,0.69898443591,0.75545694763,1.06670398204,0.10547544824,-0.49921222647
-0.41479430845,-1.49502619085,1.97431242069,1.24444866671,-0.01598947884,-0.91198802617,-0.17536841261,-1.23422528720,-0.65972583772,0.92884936849,0.21610206650,-1.08754725316
-0.37575789299,-0.21102350250,-0.09237379266,2.47862030092,0.58760786573,-0.20197469187,-0.11540589848,-0.53059652467,0.07717697537,-1.12782811314,0.82775011108,0.39637263977
0.16692929134,-1.39397900678,0.40663541191,-0.68830527843,1.31800358697,-0.28906026028,0.00143186147,-0.24830973338,-0.38189942933,0.41348378974,-0.71998389265,0.20009255444
-0.40303975111,-1.82494630912,1.03648054296,1.35173891485,1.69489724628,-1.58261238609,0.05243183644,-0.84379874071,-0.51752076938,0.35191004100,1.31352992038,0.60591642085
0.20172046459,-0.82415475541,0.67338320168,-1.24810257939,-1.20165275869,-1.13395495524,0.35342118174,1.24926990811,-1.46828935488,-0.06221161056,-2.29286657669,-1.52117115100
0.70555001013,0.18036523500,-0.61736012721,-0.35038348977,-0.24337218746,0.21569374685,0.94324281246,0.18013738555,-0.46722478067,-1.53729629157,-1.49025903720,0.03623180210
0.43555488548,0.12797719511,-0.24132053301,-1.43106277049,0.49163395611,0.82169060390,0.09789558847,0.42148942871,1.55199802773,1.24297238823,-1.29624863941,0.29945051978
-0.07001653281,-0.18302913550,-0.44826102500,-0.04291992320,0.48049427120,0.31339162663,0.38162717642,-0.00688395313,1.09997130434,0.95630432341,-0.21143911477,0.33995625104
-0.71148528073,0.64485163634,-0.05575003255,-0.01737506871,-0.30932820344,0.49640219996,-1.07839342854,0.85617429318,-0.31016980987,-0.24717534259,-0.60250957277,-0.57378182505
-0.34624044283,0.94102559078,-0.35817621759,0.81959177312,0.57986639075,0.31663237060,2.51105448840,-1.95681584626,1.45082363104,-0.55329604250,0.35988309884,0.06918633886
-0.19557674042,0.29582686263,-0.65958824562,-0.44082366039,0.07151330681,-0.32915528086,1.40365006684,0.09988694947,0.18699108063,-1.40390183695,-0.97009227485,-0.47676527098
-1.70472875331,1.90187181665,-0.74444288900,-1.22050871359,1.11169296995,0.94510896651,-0.88249557053,1.35638868375,1.18842427649,0.02322304831,-0.68394972882,-0.35359559396
0.28464905020,-1.11039283675,-1.63564254845,0.61554611530,-1.05733598229,0.93653800923,-0.58152145086,0.99327339512,0.25093552533,1.37411331390,-0.75725631651,-0.24290038329
1.49133274445,1.13978234217,-0.54706006574,-1.00469242004,-1.18134151058,0.17345914295,-0.59029172290,0.82773408022,0.60498911813,-1.48242968668,0.28101564768,0.23123932623
-0.88420232774,-0.88227267654,0.88379187497,0.99635570310,1.29957569156,-1.03971396982,-1.22030076119,0.97811192853,-0.24462074062,0.69859085680,0.11839218757,0.45138807882
-0.11607845272,-0.39319970456,-0.23101382544,0.31187090240,0.14090251611,-1.43118777258,-0.18712624758,1.13767628698,0.31195892739,0.10295665157,1.11157530179,0.53324722837
0.52505333746,0.28895231971,-0.46510253948,0.92394630280,-0.99521823084,1.22782178947,-0.15421344141,-0.90823122753,0.72371548824,-0.29651798083,0.20744632937,-0.44960457868
-0.55475547169,0.14974264937,0.25058724015,-0.05545418371,1.88172442371,0.66176986994,-0.92007885989,0.87601885246,-0.06845682179,-0.30208701916,-1.82489501425,0.63034834827
-0.59261964270,-0.24780725230,-0.38744267314,0.66260382596,0.19309082984,1.37681871734,-0.47360145974,-0.56967864162,0.16717136360,0.72252284265,-0.56286520152,-0.56494795278
0.00340515630,0.38565120128,0.82498627597,2.14589423264,0.22562014832,-0.21758658557,-1.00285700950,0.28773254585,0.45363210280,-0.56382035126,0.42518195932,0.63125091299
-0.18082839933,0.72034703664,0.44341568144,-2.46738801772,0.83683241877,-0.33676795051,-0.34898454802,0.74653089854,1.51843124240,1.22301989024,0.01034089099,0.13249221332
0.44065354155,0.02965994976,1.92339756769,0.54061129868,-0.52775253180,-0.72209799924,-0.35287251406,-0.68453298000,0.13884632892,0.63976683499,0.75572208720,-0.16389780268
0.62912042726,-0.97634285349,-0.93574116935,-1.10483910833,0.23848581761,-0.59449642112,1.35252899696,-0.60910411711,0.97837435890,-0.83136682806,0.37431058525,-0.30172611603
-0.21463833843,-0.36424605709,0.89883237007,-1.06011580209,0.25849202561,-0.53052536539,0.74336402422,-0.29654784874,-1.00211628404,-0.40994707532,-1.36789867480,-0.80458078414
0.01473286378,-0.46788651173,0.05108034008,0.81033644254,-0.15135720561,0.17167215239,-0.71338771450,0.01777467827,0.77257301615,0.20901144196,0.20379994848,-0.26424419254
0.21574389713,1.60580289948,1.04321834285,-1.12066862206,1.27665038853,-0.50644239712,-0.03111774794,0.86964756753,1.42189842735,-0.36525776487,-0.45052098785,1.10570445588
-0.51178631947,0.36688034255,0.64111449187,-0.20914407850,0.90473053028,-0.42920610485,1.02626921327,-1.10865101155,0.41889417415,0.07491970355,0.59953309519,0.07997447521
-0.02633083339,-0.28383002410,-0.39973041192,-0.50450255067,0.97509855201,0.44990808884,1.03401547451,-0.35553492865,0.51666174412,0.01685791333,-1.27864142687,0.13606142468
-0.71827544854,0.88859129354,0.65998551051,0.17104939998,-0.15118690529,0.93204026968,-0.77949865698,-1.41229659947,0.51816683724,0.03192250250,1.30524556831,-0.95334250670
-0.64521387509,1.01732623319,-0.34747327630,-0.53256404257,-0.63566853154,1.61677193601,0.94678280883,-2.35712523438,0.33850728684,-0.80085359493,0.43553781424,-1.65447372277
0.87944969922,-0.52747077570,-0.51990416906,1.96204554406,0.39986600313,-0.35366100201,0.13709993601,0.62720151222,0.66543085451,-0.41725206549,-0.11074595362,1.40404529377
-0.36463781184,-0.33070012024,0.88779716617,-0.42172563213,-1.32089430525,-0.62132486715,-0.23061531046,-0.44518952299,-0.06780747826,1.15772460834,1.02273683532,-1.41710456350
0.25993833105,-0.01206005199,-0.05097964184,-1.62144609225,0.05778427672,1.00709589030,-1.98575371051,0.96513622451,0.56525339252,0.96201388560,-0.61343503973,-0.28537116711
0.33637264720,-0.46696251859,1.02492283919,1.59367226505,0.29857794581,0.10520464838,-0.23362445747,-0.96541201156,0.44570159870,0.79267647947,0.36756998871,0.33233470836
1.17562941145,-0.41365690443,0.75146497350,-1.07080885982,-0.29342611556,-1.10049002554,0.55990839386,-0.41654953942,-1.00535984704,-1.13293525966,0.33145368020,0.08596925555
1.01045415958,0.21175234174,2.35007024700,-0.01241154745,0.42926909047,-0.49825499662,0.89090411733,-1.55195265564,0.45766139455,0.84605307355,-0.05926932320,0.41614727407
-0.55750832871,1.88136803127,0.65441302779,-0.31768811405,-0.26369531767,1.08784311922,1.50297477744,-2.01796244262,0.38028139072,-0.81628840945,-0.34148550947,-0.92404730384
0.07556524872,-0.14090228803,0.21383852176,-0.75279545841,-0.72537369680,-0.90581991877,0.96834299451,0.36279050696,0.69254671400,0.77896245710,-0.36904330131,-0.59523892046
-0.48911723039,0.34341174851,0.29605320263,-0.41017690565,-0.98746895785,-0.08807131321,0.32269627538,-0.30869710957,0.26859340793,0.85674641347,0.28507419688,-1.04261353443
0.40138945162,-0.20531511306,0.55150238530,-1.00061618950,-0.21452855591,-1.14983687184,0.24626552489,1.42921531082,-0.93283727887,-0.17939338562,-1.57398066721,-0.06123723606
0.10210886851,1.15951883202,0.39521853881,0.17087139807,-0.81287748754,0.88614181860,0.80788753566,-1.79145330152,0.15263398879,-0.89575276746,0.33558812269,-0.74697602435
0.20637056128,0.17086266374,0.43941757020,-0.87322217371,1.11368108024,-0.62123861842,-0.03630264844,-0.34093996858,0.63081680699,-0.80517937121,0.98655553424,0.50583443482
-0.48921123116,0.15192646522,0.72051091670,1.66278146264,1.21544439160,-0.85555340776,-0.19709558168,0.31096868162,1.14248176110,0.77586844591,0.88324010958,1.15467174244
0.25027234695,0.43666232697,-0.31394888083,-1.15233558772,0.09220714438,-0.02463137216,-0.13237902116,0.45859210468,0.85464427277,-0.24334135704,0.07470749485,0.07071181279
0.18453734784,-1.04580509112,0.43503674715,1.24657735883,0.90962034642,-0.68699010615,-0.63281653181,-0.40478947242,1.38944349727,0.73414702644,1.67672400400,0.68734453290
0.26018888748,-0.20083905447,-0.20731152089,-1.04480241969,-0.51150675172,-0.39431430211,0.13737939114,0.50278498842,0.32088842138,-0.02197529554,-0.29300365693,-0.52398635096
-0.24273528214,0.86992855583,-0.42301654119,-1.97436150722,-0.81793154839,1.36875270085,-0.51608510214,0.01634297236,1.13996656589,0.69738511750,-0.56848885082,-1.32560430734
-0.13947449681,0.44655539313,0.80128576003,-1.22225514881,0.28983037848,-0.63439258650,0.36021515316,0.08079344292,0.81616687259,0.52038982451,-0.04988349040,-0.14518877915
0.15740947054,0.51684696542,-1.63270071793,0.52513233646,-0.78028372551,-0.91091217905,0.56691357439,2.42383750186,-0.38506100909,-1.66272287347,-1.05842666959,0.24144734701
-0.99893718396,-0.61416281693,-0.23071920413,-0.88921374742,1.41279531681,1.23745486668,-1.58714638111,-0.12428149830,0.75436045982,1.43432955672,-0.10778597885,-0.51053801196
1.59274524767,-2.82718151084,-1.35087885396,-0.08059936982,0.68286928096,-0.19071132428,-1.02432563834,0.96732210742,-0.20748574873,-0.29843161670,-0.25628053314,0.70186484562
-0.27286353152,-1.22399772074,-0.86488768179,0.23694889570,0.85260201692,-0.22783507126,-0.48229583832,0.94267427539,0.01276655612,-0.61913872307,-0.70621304462,-0.06843976383
-0.12188811667,0.59239811965,0.40300451293,-0.59575324709,0.02600268462,-0.78713857588,1.19249172577,-0.43936992622,1.09678764801,-0.04966570656,0.48817777676,-0.18115523492
1.06889749431,0.45295586738,-0.66953066755,1.21493521758,0.07352320508,1.00986853431,-1.71500004408,0.91236790655,0.62666816082,-0.87784892086,0.07155308741,1.18546671486
-0.37162996247,-0.77610297591,-1.43087733807,-1.61684133095,0.45893721005,-1.23807791751,0.94285865646,-0.19044150790,1.21146172620,-0.56268367757,2.10363594135,-0.67308101389
-0.07257970961,-1.31088297800,-0.43270258669,0.14314859489,-0.83682133720,-1.28774451126,0.56255909093,0.56710765104,1.32228314338,1.41088375238,0.71886076400,-0.71528185291
-0.36088303117,1.49707742987,1.12259741201,0.29180904748,-0.46802407973,0.88351762400,0.02263941040,-0.54772666326,1.82805252502,2.27151465472,0.01292426104,-0.18327404059
0.32826576115,0.04667683264,0.61490225379,-0.64980578996,-0.70089468973,0.17362937878,-0.49812221710,-0.00284441420,0.42714752883,0.02455492881,-0.48249206240,-0.83768959209
1.13886660790,-1.10429118817,2.38085807797,-0.03931344473,0.91983454947,0.62102706931,-0.30469112705,-1.51240952540,-0.74907214921,1.34915139660,-1.82086136291,-0.09356119466
-0.53448488557,-0.27684551961,0.73150469236,0.02964695229,-1.40621225331,-0.67479883805,0.35285574824,-0.69992010746,-0.65670279742,0.70361726030,0.82223788267,-1.46950411116
1.18625296042,-1.17367398834,-0.07213491427,-1.58613801950,-0.47559848061,-1.34223379900,0.69482201736,0.26733798459,-0.22759021893,-0.32673931192,0.17313047411,-0.20120527066
0.53416970411,-1.12561140147,-0.43932701874,0.27163543078,-0.70397467584,0.20610522819,-0.81376432377,-0.56379034560,-0.51832503076,-0.55353545671,1.05447317783,-0.55983562381
0.16013179500,0.47767758203,0.38275987504,0.24534230787,-0.68981534877,0.17839813386,-1.07426666839,0.32056899985,0.83287331041,0.15422505366,0.50194019277,-0.28543980055
-1.69520531483,1.70900921140,0.25524651598,-0.04071808783,0.70260718765,0.35185205672,0.66493284461,-0.53237533747,1.04957923471,0.27732270797,0.22105781821,-0.56647059132
0.02280955639,0.40386473859,0.68254529905,0.01090875840,-0.87643799654,0.23252400592,0.04647647737,-0.87898219935,0.00793242518,-0.19193516135,0.25329240204,-0.89978829017
-0.97675758860,1.29690425550,-0.87598415972,-0.62013550711,0.15755969159,0.59457132401,-0.18791352622,0.16109647853,0.30848239441,-1.07245338875,0.38666269966,-0.47172337944
0.68235773934,0.02877699886,0.61707973685,0.72325764413,-0.44484523082,0.35360315089,0.02092944468,-0.26778650344,0.22056320935,0.47240219663,-0.66620419399,0.17924498841
-0.34058631742,0.91581733626,0.23218131514,-0.06728236142,-1.05489302929,1.24546846484,-1.59576872212,-0.70854190279,-1.12310218690,-1.61787350206,0.63425102677,-1.40265360674
1.39757788258,-3.00043921206,-0.47601513094,-1.81297750042,-0.42610261151,-0.81666192811,0.66230455620,-0.06141638359,0.04176001020,0.41807786329,-0.84861917100,-1.11374970704
-0.79609712769,0.14597232934,0.23269562571,1.64362062383,-0.25167335601,-0.79097788363,-0.58801427441,0.49777998721,-0.30785879120,-0.64449236771,0.87886200591,-0.14537516228
0.19894487549,-0.94080493019,-0.14112874158,-0.92241692440,0.44177720164,-0.46344077302,1.36377775405,-0.71958546275,-0.48096394067,-1.07588874080,-0.89333924213,-0.61326457996
-0.65516679561,-0.79346176112,0.37762887762,-0.48806003518,2.01514235081,-0.05292063609,-0.46349557785,-0.87248456509,-0.05850022369,-0.60405422060,0.41960618234,-0.03568156693
1.43058540817,-1.36330056546,-0.12324872397,-0.49302720305,-0.74805833234,-0.86694810153,-0.68613756566,1.22064382700,0.72845179289,0.32305399545,-0.13448254853,0.06757534057
0.06444803107,-0.73223384611,-1.24149190014,0.13158908609,-0.85601472099,0.99615959418,-1.46020541264,0.12503087871,-0.21557844014,-0.72196844902,0.54445517109,-0.96912815752
-0.85060101204,2.23734001352,0.02657440302,-0.68626164620,-0.85523035590,0.08513440514,-0.22370959919,0.82808924508,1.20926974100,-0.02912888503,0.31611543495,-0.69868782051
0.80838885126,-1.35181321583,-0.42043124656,0.37868130705,-0.38197396813,-0.31835963839,0.44907493780,-0.66359851172,1.25695824733,0.95900664547,1.00241241099,0.00249672716
-0.91076193726,0.72276921290,-0.63671500293,0.83193248002,0.13458744996,0.82330436259,1.35228408843,-0.11405041209,0.31555275827,0.07540664571,-1.68703457438,-0.37303220407
-0.02408808522,-1.03821326505,-1.11669627023,0.05728105302,-0.51364798738,-0.35597290889,-0.83877293064,0.97811558144,0.58644891315,0.19290358680,0.81836245452,-0.43298436549
-0.35444008134,-1.11776515289,0.37793181129,1.15911367368,0.49852186844,-0.62063506447,-0.36571522574,-0.13941594823,-0.09837895615,0.20651906045,0.38257071466,-0.06307374487
-0.54841906682,0.12767386126,0.68758200967,1.31126989083,1.48198321122,-0.14049916274,0.18432736178,-1.24068660354,0.18293212692,-1.49437020650,0.56645245495,0.18940245100
0.07758323205,0.42752884277,-0.25525253727,-0.45920051141,-0.48879856037,0.62151005818,0.66689094744,-0.93305802378,0.60556481104,-0.08829586991,0.09123251064,-0.56488026290
-1.70794835811,0.18839018960,0.02340333990,0.76032161933,1.13083810392,-1.11706774462,-1.30136749467,0.70181582303,0.92978969113,0.41987923470,2.59698554222,0.03460895459
