0.78843483575,0.06984135088,0.68575291147,-0.49198965068,0.28649549792,-0.75122157683,1.73180225574,-0.49371832898,0.00841682141,-0.90405115719,-1.09814986845,0.26741259538
0.40248302711,0.09052792248,0.38235870067,0.63808769787,-0.80888905381,0.35213042610,2.01380432131,-1.91911079193,0.40141377618,0.72263744894,-0.24041236135,-0.49166059598
0.81982139201,1.09152948047,0.90290033469,-0.94008548548,1.11496087152,1.51436190689,-2.07881708303,0.59501261008,1.77140559391,1.65481216481,-0.45364689347,1.37103424677
0.17031833716,-0.36289215854,0.99790187198,0.25741357055,-1.63111158340,-0.06116584283,0.17848784656,-0.67341253995,-0.68209089297,0.66739486140,-0.47859589998,-1.37388187020
0.65943617198,1.78182658729,0.57960320884,0.91415092603,0.25255405352,0.18218511371,0.97825397399,-1.16749242028,1.52936513379,-1.47439080424,0.85479263317,0.81014382563
-1.74283357413,-0.24427459066,-0.33027599680,0.18450137658,0.62023934483,-0.63858975957,0.42730475582,0.72267600006,-0.03864364027,1.05915782014,-0.36183229482,-0.60181870035
0.58705919163,-0.60800760010,0.94853848958,0.44806919861,1.35751274769,-0.05180486962,-0.28247780180,-0.13387798673,0.77671458011,0.93689989769,-0.50323405346,1.06731493662
-0.86695323772,-0.73347031939,0.67822529687,0.00177871255,0.22678222671,-0.54027922396,1.00245708848,-0.71137184945,0.60543019652,1.60570820125,-0.34635308797,-0.99493020642
-0.05337399384,-0.08617167974,0.46622473409,0.65996602110,-0.10464717955,-0.40917187728,-0.33706214915,-0.54544996843,-0.33127530606,-0.59223305842,1.12885074635,-0.08813464196
-0.55626950099,1.25239108136,0.75334366321,0.61582360262,0.47110246620,0.78760873277,-1.91258994217,-0.15299914943,0.53307261669,-0.44806309719,1.08450525065,0.08526519634
1.05944459379,0.64926387121,-0.19552571444,0.56414072012,-0.85422465972,2.23438703949,-1.11119262954,-0.74440910804,0.62748338338,-0.38938303408,-0.61764554315,-0.25742150769
-0.26695972569,0.69592423201,-0.69353426038,0.90556668263,-0.56509491409,0.16972137215,0.09870279041,0.48372254094,1.09947613925,0.13501835196,0.29636305111,0.10808509508
0.81555134038,-0.18113904001,0.03553906861,-0.09847849179,-0.54348994709,-0.39380754747,0.78010690702,0.04871424683,0.37550348024,-0.26544592717,-0.60095527704,0.00390792138
0.71092689216,0.01664045269,-0.43272211660,1.49682640561,0.07562591719,0.25346590383,1.31012856979,-1.21571779397,0.25105229754,-1.63178610229,-0.10543168716,0.31459209035
1.79013550967,-2.75947812731,-1.15393380396,-0.09488327154,0.97328245839,0.35837027832,-2.18810395776,0.21942119509,0.21744577722,-1.23148164597,1.04300401883,0.48395338505
-1.57049446260,1.98699242314,-0.83374149542,-1.57119765435,0.73969556010,0.50635972494,0.37701651569,0.49540822128,1.37132086191,-0.34032411160,-0.10447155607,-0.64434995107
0.03678343185,-0.65068673958,0.21337049625,1.29967657209,-0.74308253125,-0.49693303278,-0.55938208666,-0.21817246558,-0.02972583010,-0.00231958052,1.18533343651,-0.31281238945
-2.15797821072,1.47260136709,0.10860509126,-0.12731719045,2.06075143914,-0.09807900624,0.62858061044,0.84356417217,1.10187601951,0.92415966777,-1.01458568868,0.19173050280
-0.47888011230,0.27209302560,0.00396608970,-1.15639556927,0.41057742618,-0.16558019234,0.87027019193,-1.03152599945,-0.91285733573,-1.72490408948,0.16665913368,-0.76189651015
-0.43885346350,0.09460389715,1.17940046664,-1.53257833535,0.87182262635,-1.33344146516,0.47128377757,0.17362515303,-0.41394686237,-0.69603690554,-0.46664541384,-0.37827169626
-0.15002604456,0.29508644126,0.31920008008,0.31671994829,-1.56966306360,-0.99399737316,-0.19559395742,0.59222082711,0.84786844141,1.13664038969,1.31717475087,-0.55795965323
1.14255432125,0.29243577421,-0.52363258315,0.77291283584,0.20461128188,1.40342461053,-2.39505598363,0.68485178600,0.11906922787,-0.79020613521,0.27825217257,1.03970584425
-0.25188152560,-0.23018983396,-0.04433553606,-0.59264245344,0.73455628292,-0.60298892774,1.97726810856,0.36725271495,1.22443288355,1.65045449202,-1.52289169893,0.24785534223
0.96348951904,0.01867222220,2.40684704296,0.22817465358,0.31907748975,-0.56500197185,-0.49875078569,0.03370002880,0.90680719998,2.29078788303,-0.35274310457,0.95846959837
0.59225696707,-1.50272943033,-0.62711015757,0.27081284236,-0.69843955882,0.78525030036,-0.40258702394,-1.68671685248,-0.15464767344,-0.78533943019,1.08760547546,-1.32451637413
-0.64446812868,0.17421801989,-0.42076975629,0.22506802125,-0.55442927243,-0.04859203332,0.39573003494,0.92078688283,0.25368028670,0.74122566400,-1.12043527019,-0.49070818296
-0.62908624480,1.56324758134,-0.28399937729,-0.23215990341,0.30257127076,0.67578264808,-0.95224973552,-0.09769708445,0.56636272055,-1.21733043697,1.16585105194,-0.08145200636
-0.25091926845,-0.32667111410,0.83106725588,0.52359206550,1.74100732945,1.70402635733,-1.15289732028,-1.48247670686,-0.82505753405,-0.87888577591,-1.08561794337,-0.23403246971
0.19602824123,0.80247032589,-0.23555158433,-0.36772080117,-0.25275895495,1.29878752164,-0.86830178353,0.29602596769,1.93890985816,0.90498639846,-0.33966380876,-0.03472888649
-0.76769855164,-0.22516310600,-0.26087872150,0.95304711642,0.72605395358,0.01515572152,1.17261268520,-0.65285254494,-0.17045848160,-0.51803295121,-0.78223861875,-0.23458210866
-0.35084178445,1.51423272362,-1.09607674454,-1.91492505106,-0.76380858562,1.69027488052,-0.13350984907,-0.88122024965,0.96580944425,-1.21243065189,0.44160466130,-1.49136761394
-1.52789991828,-0.40388704737,0.40712158154,0.12535246462,0.93407252815,-0.58200220258,0.36835897833,-1.08504507155,0.22108779710,0.51110240751,1.19658603262,-0.88824713327
-0.76428602696,1.21307401628,-0.32380321826,1.47169590599,0.91689974399,0.32894193606,-0.49660388585,1.07885335167,0.70300954310,-0.76125069246,-0.43437302673,0.90414941200
-0.40046235061,-0.25750266191,0.64089443167,0.48293121609,1.16691115710,0.31731022283,-0.25929131777,-0.67699879770,0.05121217584,-0.36744325169,-0.49442059315,-0.04695684674
-0.53546971616,1.08375294643,0.23292141048,0.52950812015,-0.73965225244,-0.75546300951,1.13792021425,0.20527127808,0.89514941937,0.44971911513,0.27361257097,-0.22932503090
0.48265655358,-0.10039509757,-0.04600325604,-1.34672485266,0.60766244649,1.65543520547,-0.14251639483,-2.85694984078,0.25504830389,-2.60206393192,0.84175964570,-1.29637144221
-1.57515128404,1.48635864406,-0.82564925040,1.02297090794,0.43092804878,0.78948088874,0.84007958489,-1.03018629303,-0.16434776003,-1.67357221873,0.44343275702,-0.52931155696
-0.89073414197,0.81404837721,0.63799643640,0.22362613719,0.85222503577,0.23063149271,0.93530549510,-1.39919669852,-0.06587038587,-0.30895572346,0.13429262168,-0.17069321820
0.33083473564,-0.06629547662,0.38883778952,-0.26966036654,-0.83688346512,-0.17554069027,-1.40686315604,1.06579542286,1.23147330026,1.53692356361,0.44502596521,-0.10874874102
1.51062569446,0.03574649689,-1.81883752243,-0.28066487474,-0.69549277621,-0.07144222317,0.48188931947,0.37231409002,1.65112907364,-1.61265186092,0.89815192669,0.39456478271
1.54778017762,-1.15903368748,-1.96470067407,-0.28731510218,-0.54186482489,1.25413070078,0.70814749282,-2.83913275784,0.87986908092,-2.12917910042,2.39244662599,-0.74670101498
-0.24730321172,-0.75647139235,0.45467213452,0.37676348942,0.20248017479,0.49151051624,-1.30415624676,0.24058400995,0.20121679337,1.95834113363,-0.21008354658,-0.05283278493
1.55899511404,-0.55090292578,-0.00456561959,0.45228935028,-2.33527096561,-1.15811767379,0.51650604076,0.88064858891,-0.66289998732,-1.07322692004,-0.71715722329,-0.59775313860
0.58325006186,-2.08555297175,1.19697457993,-0.35971393260,2.52141365746,0.88305765276,-0.65563648120,-1.72944091555,-0.47884659709,-0.27679173417,-1.55378362588,-0.11439468142
0.97022947080,-1.11061822846,-1.35571864096,0.71871382700,-1.01722914107,1.18722721406,-0.16553659334,-1.26176376238,1.30517665209,0.74174239145,1.33526281147,-0.42977939407
-0.43772946744,-0.42037105438,-1.16451999410,-0.08929426802,0.98237956282,-1.12695954337,1.51249561389,0.37882971097,0.85750434545,-0.40877454547,0.41658200558,0.36006635358
-0.78377833456,0.30598375383,-1.78445127710,-0.24383506436,-0.17512854702,1.25275422219,-0.87322218307,0.31417187737,1.12745706468,-0.01595937136,0.64016883841,-0.65466469338
0.23440804928,-2.70006420168,-0.83810694359,1.36302012598,0.96965641418,0.01317292790,0.52721278885,-1.97017171551,-0.03961519562,-0.19751828520,1.15159082982,-0.27315167750
0.11250378551,0.39267281145,-2.00824907012,-0.39554144480,-1.24873940275,0.73049692672,0.82494743994,1.15568710880,0.76750563425,0.19078811236,-1.36959847513,-0.44843098305
0.36519120887,-0.43976628740,-0.32189988700,0.91946901318,0.82343761338,0.02343312256,0.56387066979,-0.69172967491,1.20607102765,-0.11461830206,0.49320676800,0.68505899715
0.45210244944,0.60722691566,0.49561003266,-0.90946157498,-0.82755839484,0.30763284610,1.05409202547,-0.75612015746,1.16087022208,0.87414421549,-0.47035958162,-0.52127279281
-1.42217044394,0.84819119109,0.12688425223,0.60168049229,1.18207651968,0.22035816870,-0.76313704155,-0.04591444591,0.57518499599,-0.69013748829,0.65128650365,-0.10535881074
-0.43706950564,0.42722487482,0.51849501183,-0.04349926580,-0.28554100261,1.20856888671,-0.27657856420,-1.22916369720,-0.03903236147,0.61965734242,-0.11912115127,-0.92556709776
-0.79763802941,2.69349898357,1.12876839452,-1.33573877642,0.21416260389,0.76920504214,-1.79353481222,0.23198106623,1.38989786727,0.21422487713,1.01435825834,-0.30028203866
-0.82166448113,0.44683834556,0.83430522103,-1.22023590032,-0.58147414959,-1.60786658734,0.14233492380,1.13395264988,-0.12567578838,1.03021836360,0.17626314289,-0.77440161235
0.60177253338,-0.16167818322,1.68812832109,-0.11943705713,-0.24772743172,-0.45324994633,-1.16874306929,0.38416787870,-0.18778892607,1.09814027558,-0.20203748153,0.23172704987
-0.49048212219,1.02444880316,-0.12899370265,2.89917312226,0.46137095963,1.32826331148,0.62707046159,-1.51153471849,1.01776122918,-0.63890220644,0.03885265747,0.31126418803
0.02761513144,1.34892298291,0.68079617243,1.37503448965,-0.82600080611,0.51342773149,-1.86697645725,0.92065732343,0.38484893230,-0.15923932211,0.24236316192,0.28439598391
0.58686739173,-0.26228290946,0.21145758846,0.04853286899,0.04600085075,0.12482342361,-1.11996205983,1.54943348960,0.69470382580,1.42350917103,-1.03450736169,0.83117852036
2.12918004446,-0.50708844868,-0.48582782945,-1.09174833901,1.18662815818,0.41405210107,0.22208898049,0.07474377323,1.27699652415,-0.93732544822,-0.78989942650,1.44075819101
0.83011020005,0.70169252872,1.31960203439,0.90327360549,-0.18812146225,0.94793444111,0.07042580630,-0.84476249170,1.14986163578,0.64913005454,-0.98650344658,0.23470766221
0.92522241317,0.39582776106,1.22536400941,-0.15924445363,0.56666155350,-0.31756354166,-1.08741952508,0.87041073589,0.06326913055,-0.94219162654,-0.81962380515,0.72874325578
0.07791924944,-1.41642507937,-2.55555876336,-0.21137141875,0.36874834469,0.83149306088,0.26315872745,-0.05467666961,0.25710742808,-0.54986156920,0.08664841140,-0.21427690698
-1.68728418269,0.59072274306,-0.31416041505,-1.43485542070,0.46766089502,1.86563124282,0.28611193279,-0.77635990821,-0.03904119386,0.42556340276,-1.99605699521,-1.97385808774
-0.01439461288,-0.26222164960,0.10933238102,-0.53869937309,0.53107723630,1.27730940918,-1.36641995715,-0.75250481141,1.00698409068,0.66793497273,0.40207413315,-0.46776235075
0.89785323812,0.30793532323,0.15322004834,-0.26941115602,-0.34573775660,-1.05669309260,0.11343558115,1.23007472539,1.23828995336,-0.02006251795,0.04509428250,0.64619405956
0.84355879540,-1.21261120627,0.42843634067,-0.94405809325,0.00269518807,-1.69748214629,0.75117092091,-0.72607956825,0.09354600612,-0.48865587364,1.66332118631,-0.10094182393
0.26515323944,0.18673811282,0.79438694291,0.41499764662,0.79230449354,-0.13348999726,0.92073012349,-1.31403905354,0.50694368967,-0.57810826871,0.17692598117,0.31555971889
-0.07379355926,-0.82911003934,-0.63333387881,0.40871010653,-0.11206604919,-0.65213280720,-1.53882824280,2.44492724142,-0.24728609058,0.39619431280,-0.39734519980,0.35493253305
-0.22889127935,1.04004304342,0.78856303636,-2.87019572883,-0.72736348751,-0.12953730023,-0.17428970338,-1.37979477706,0.25556079478,-1.01625413015,1.78411015640,-1.92678114114
-1.28775866333,0.42997272294,-1.28825870444,0.89118017752,1.16569215986,-0.69087871210,-0.12350822994,1.39362184307,-0.08628782404,-1.69568712275,0.41098599848,0.39795492879
-1.17286355122,-0.28352560926,-0.62897114463,0.69708791095,1.47100353455,0.84066373961,-0.23433890285,-0.62322543921,-0.21594547172,-1.30360029581,-0.48907498013,-0.42153195981
0.11025649829,0.16310270381,0.87979468989,1.25349269439,0.97822477410,0.33064535399,0.26009733837,-1.42860598047,0.86648994909,0.07530079996,0.50428934240,0.47853104002
-0.09927363071,-1.34698421199,0.33700108513,-0.59796837832,0.16958465805,0.09676248791,-0.54320382449,-0.15238996576,0.03435177820,1.15623822841,-0.54880194741,-0.76163788919
-0.96048068848,0.26622248524,-0.15669273595,0.24892727705,1.06978377865,0.78613592759,0.11639408770,-0.96788628991,0.51621910312,0.15013770671,0.20909294780,-0.15321273735
-0.09303025524,0.46629378636,-2.23611875798,0.23298563297,0.17204002906,0.35798436874,-0.01043547180,1.69709009103,0.91742099811,-1.14024587811,-0.48465806542,0.49493548518
-0.09255156415,-0.69728480453,-1.17838695856,1.71774731763,-2.49608786984,-0.99893121296,0.80267956384,0.60058532303,-0.11260713120,-0.09800732230,0.68151771434,-1.20948269173
-1.53420466657,0.24515836508,0.39366945874,0.02780014359,2.24405154988,0.77895450452,-0.50917580912,-0.96837278069,0.06680001815,-0.07279457905,-0.00750537651,-0.05158167713
0.87130751647,1.21569296944,0.38088855571,-0.03753397986,0.87755325916,1.30085393438,-1.32073348249,-0.89956405474,1.51740033678,-1.74053385708,0.89573686551,0.48667272893
-2.03599255292,2.14169840251,0.17731392193,0.29258034722,-0.30908728921,0.80390235115,0.74035099944,-0.55868470438,1.15859138546,1.16294217782,0.07272339626,-1.22075762081
0.48014571715,-1.39139932553,0.15817827321,0.21945595261,0.20290289725,-0.36978669933,0.45531959831,-0.40461824574,0.62565299940,1.02928518550,-0.19006647085,0.00523635574
-1.79858708245,0.50266993194,0.05991318526,-0.38053955187,-1.11411920599,-0.43493771963,-2.04825374091,1.02500597298,0.45350813096,0.37451245107,1.81685110791,-2.13211577583
2.35527884007,-0.84054306146,0.05825442387,0.03061606062,-0.77524028436,-0.52496879539,0.21259088212,1.20297743167,0.62940403180,0.55942640353,-1.30115677325,1.10670754924
-1.06455460518,-0.22261775224,-2.33473063172,0.37438924396,0.85481423645,0.48408947309,0.30349041997,0.14508312931,1.00009742066,-0.88488447906,0.75597829540,-0.18749601065
-1.53475391400,0.25837980531,0.35729800305,0.58063782537,0.30818865487,-0.95193512886,-0.71624403123,1.27042272548,0.77615173094,1.04863828211,0.48036589142,-0.38916075269
1.07180858190,1.17181884420,0.09997983883,-0.50356673975,0.05500491797,-0.83641603365,-0.97662619923,1.45797992906,0.94319457665,-1.62649518188,0.92964451502,1.01067448449
-1.20116727761,0.36881396495,0.31595739816,0.98157349675,-0.02439937599,0.82846882402,-0.59775018218,-0.72986020411,-0.09396360461,0.61048598314,0.27896913618,-0.81539444818
1.00110576416,-0.12125654868,1.40224938847,0.10295327270,-0.88692936487,0.16575077802,0.12147459699,-1.52506907243,-0.62170697248,-0.76246355112,-0.06333203413,-0.81277935734
-1.72918794267,-0.21704282022,0.03132705560,1.51197452352,2.13642973052,-1.06040363234,0.94726767639,0.21064142911,0.01081952197,0.01192326493,-0.19487347715,0.50232589049
0.05602494383,1.74383541688,1.20892315632,2.19487543709,-0.48823653304,-0.08616048612,-0.49075276778,0.31102866488,1.84047429561,0.94312548020,0.95343123086,0.97017949648
-0.28455760905,-1.23752636059,-0.40353029224,-0.70835568949,-1.07652570081,-0.48354286688,-0.88118149145,0.01295473873,-0.27681976918,-0.03025956176,1.40974872161,-1.65381814977
0.13594583270,-0.01502956779,0.68466342341,1.27412387696,0.23571561713,0.28840933712,0.06418029112,-0.84815499462,-0.29941103942,-0.82339080053,-0.44752370462,-0.05698441748
-0.40346103194,-0.03623003558,0.93818474423,0.26029419820,0.35092010419,-0.16929976359,-2.12835008826,0.67588511283,-0.40331406179,-0.69974168004,0.33056391020,-0.28173246975
-0.24242937125,-0.73841728981,0.32126570575,0.99598643361,-1.18727713694,0.00691955132,-0.94249242918,-0.22126353419,-1.23262672786,-0.24018355912,0.31361462995,-1.18325241640
-0.36854582882,0.81701134442,-0.00525565687,0.10665383901,-0.48812102176,-0.36598052539,-0.05209174862,0.65641078599,-0.37843088582,-1.06144627202,-0.22924242397,-0.32883531961
-0.97101816613,-0.64964656025,0.28433119160,-1.79157438587,-0.05262402507,-0.46269599666,0.46640993879,-0.40282780949,-1.27002067932,-0.38638328406,-0.61702304329,-1.87208145094
-1.08545404819,0.66920792496,-0.73246958232,-0.09555756955,0.32207054924,0.97339191568,-0.97478025917,0.13123658031,-0.07721621661,-0.78548827638,0.15861182315,-0.57170176418
0.50559431737,-0.22031293796,1.35999029035,-0.92871765853,-0.63543209179,0.04301693597,-0.84672481230,0.23643406001,-0.01683824574,1.19974746139,-0.99669063413,-0.60744639644
-0.11931339947,-0.88511912552,-0.41302942379,-0.22690779012,-0.35900907235,-0.11948841516,-0.09993375700,0.45647827171,0.84159626497,1.77965086599,0.01860839881,-0.31389676857
-0.49006908215,1.68842446540,-0.67089331611,-0.80228259377,-0.41287260203,0.37319517390,1.18194381124,0.58023048364,1.26521667609,0.19595359246,-0.92433706117,-0.21963306523
-1.13406782312,-0.56451036699,-0.61841450123,3.05135074194,-0.41693457835,-0.11399785629,1.22263466270,-0.14807916529,-0.44472378839,0.08714746450,-1.08094811045,-0.66019307758
-0.09348046469,1.11791463633,0.08606985838,-0.14145208161,0.06491065665,0.67307368093,0.85998598440,-0.74807449160,1.10391956069,-0.20502660236,-0.37379469730,-0.06825535696
0.45731131784,0.63636307497,-1.17317294550,-0.24253972943,-0.28491120204,-0.36339505122,1.14189449564,0.25674948117,0.53823357267,-2.04647767431,0.03374872847,0.07121061151
-0.45513315557,-0.06664598016,1.11257872924,1.76854608391,0.76221682783,0.88366763159,-2.38301072942,0.39929636895,-0.34903349105,0.58974632724,-0.54918034195,0.36748716307
0.34879281724,0.13867452668,-0.07540559596,-0.97324438414,0.94720612394,0.30800210447,-0.34052830634,-0.45530500670,1.03361333151,-0.95032774799,0.45019347977,0.17380524976
-1.07698677934,0.39728086590,1.07833393908,-1.11001371774,-0.11631741543,-0.71586110138,-0.53068166458,-0.34086024225,0.67263580385,0.38668288153,1.18877019313,-1.45198189325
-0.90878113882,-0.95242908171,0.67626179119,0.55625111754,0.67398684912,-1.20294686399,-0.09616410529,0.37339671809,0.08947041430,0.95465049205,0.17866065002,-0.22032792408
1.57312847427,-0.89836998397,-0.81238423875,-1.05146185424,-1.32913362923,-0.35244890201,1.78587171487,0.27810614926,1.73294362446,1.19333755540,-1.12000552589,-0.21281620814
0.98242472252,-0.41062955000,0.25281079596,-0.09980363230,0.04515987215,-0.94547987890,-0.64215535635,0.32028060760,0.40540410198,-1.53528505035,0.99578543897,0.26236061272
0.78329364190,1.70870753748,0.83291518025,-0.38286230909,-0.07487322563,0.54440255042,1.31620484005,-0.12611005740,0.64705720626,-1.02649056175,-2.17610628477,0.43732604344
-0.00119742963,0.91564134870,-0.13530072883,0.21903762257,-0.74619328224,-0.83096691624,0.27917505461,-0.09109019413,0.31364769207,-0.66628560418,1.93069210840,0.07820871538
-0.10112101243,-0.05674530317,2.28011201455,-1.08625877728,1.30209123212,-2.48651956217,0.79058635007,0.27068904742,-0.00076447163,1.05298748597,0.23784584431,0.70590435942
-0.91361848474,0.35700458145,-0.27148762422,0.76908767740,1.12197858139,-0.32042368747,-0.20562676898,0.72532714414,1.19546268302,0.20893693664,0.36354622366,0.57502160121
0.30193393060,0.16545253947,1.39149845988,-0.21691886924,-0.02518196049,-0.34282842689,-1.15956218378,-0.54530851266,-0.04704710266,-0.70253332061,1.08056197535,-0.33094807535
-0.76288066599,-1.42642854718,-1.67129897957,0.79415839609,0.15293813057,-0.77442250095,1.32667334949,0.19369782130,0.43764639936,0.30634934254,0.28383712713,-0.50901223234
-0.14141841335,0.29109750401,-0.43683062946,0.39320152581,0.58156493321,0.84232239994,1.05475676535,-1.92316807089,-1.18873938095,-2.74520561204,-0.14661140711,-0.46731577201
0.30941235700,0.31063730418,0.66656179203,0.02632564208,0.08852406887,0.10939136268,-0.19934137791,0.88833684491,-0.27214636260,-0.14761661783,-1.99439862070,0.23310001610
0.44051668919,0.27464277643,1.81457640951,-0.81369165697,0.14557210436,0.04592868532,-2.37358493783,0.46971750844,0.31205683210,0.24496989755,0.04613896484,-0.23342468117
-0.23670141495,-0.06358378522,0.51863532001,-1.32802905543,0.38142996923,-1.29476247388,1.04026358024,0.81514984080,-0.28838902249,-0.01144309946,-1.26462974978,-0.25418995311
-0.68230063253,-0.07842586466,0.88210681753,-0.99710036467,2.14958349205,0.17689113571,1.42499379976,-1.94240790451,0.83214147495,0.59115062798,-0.30233448173,-0.07418444851
-0.49825565804,-1.11547413281,1.17333652598,-0.46633197732,0.70761921703,-0.73197033739,-0.66399893340,-0.38534170711,-0.44110347337,0.80512537324,0.38055854033,-0.52027669100
0.06864744025,1.06051365864,0.69415598699,0.87127288486,-0.86407785303,-0.16938558645,-0.13098431616,1.03183413018,1.11738108174,1.01341762418,-0.62790832636,0.29950193761
0.94601495276,-0.99853409374,0.01483617656,0.75055670903,0.58055863272,0.53644752117,0.59183104113,-0.89420913727,-0.55602531040,-0.98626941248,-1.45924074238,0.13411840765
-0.44818338774,-0.30970779352,-0.62771545013,2.62720811028,-0.07248676394,0.20779197324,-0.30961481363,0.11102614148,-0.02999361159,-0.37320158375,0.19199624772,0.26018114641
-0.03126569917,0.78720172218,1.70190386798,-0.90196216774,1.08257876522,0.20909905362,-0.78416482853,-0.54200525063,-0.09178924019,-0.04790972613,-0.16810728911,0.24613680557
2.04150144713,-0.96732704959,0.34600881130,-1.63340084048,-0.67255329669,-0.35183716377,0.28164643045,0.20683788672,0.32011525884,-0.78467900603,-1.40209924273,-0.38663152046
-0.65547317007,-1.15177273849,0.24159987808,0.31705467658,0.58476129965,-0.43591295277,0.41739135267,-0.74693155209,0.81891567328,0.16824371081,0.01383742084,-0.95028838143
-0.79268390391,0.86278210188,0.16771282541,0.77933910761,1.23604653155,-2.00482033590,1.53866600626,-0.05896356355,0.92831609354,-0.81433791661,1.88521871681,0.84312713091
0.10392982975,-0.14636701189,-1.19261537395,-0.08819696800,0.28938726408,0.92939493590,-0.77005793606,0.52090560212,0.21793102776,-0.33027506027,-0.31847433750,0.26477627637
-0.38672438978,-0.94803678312,0.40136197079,0.73112463544,0.35834861943,-0.35507791518,-0.63462407790,0.09903315923,-0.20080245111,0.73194042524,0.13753545242,-0.05475252518
0.12976770745,-0.59158556803,0.07352701879,2.62882376575,0.57413093796,0.66995614654,-0.20883495540,-0.10005668437,-0.13474267790,0.01979772618,-1.29095672661,0.64517951943
0.42024516063,0.83139243058,-0.73573967796,-0.88192634796,1.02080151409,0.17008222340,0.12446951585,0.17720088592,1.00617944664,-1.86517569332,0.25612628963,0.68124921365
0.55952581166,-0.82354053374,-0.04712632787,0.58365261173,-1.28102822020,-0.08360283723,0.73280434450,-0.48439209582,-0.21272696282,0.33839138250,-0.54990843970,-0.77003162420
-0.60685825864,0.15460880819,0.88327747624,0.50097506241,-0.26581576810,-0.69240335634,0.02294949052,0.04666170504,1.05806100541,1.92459142201,0.78057057778,-0.22448729778
-0.62012961049,0.31159653601,0.13564828325,-1.30977183249,-0.12769787232,-0.80608846136,0.16935556354,1.31038080389,0.16495909694,0.58803195002,-0.90636287822,-0.59162254532
0.52336655135,0.81364992873,-0.53344825705,-0.52258157549,0.20719167904,0.08773480903,0.54057559460,-0.62030907104,0.89642259386,-1.54273422005,0.96982460559,0.30887892206
-1.36997623027,-0.39796702550,-1.63187204625,0.00644287037,-0.13742900410,0.33969350592,-1.10433956709,1.75746847281,-0.15235395166,0.80726048479,-0.25427077674,-0.69427672499
-0.09616232866,-1.09174851403,0.48643925167,-0.31952519200,0.58871687977,-0.22974154302,0.15972900653,-0.31559569728,0.37649711190,1.10603594374,-0.54054389839,-0.28005359708
-0.98668667110,0.26666417557,-0.27420059269,0.00519203314,0.11902735752,-0.38884139856,0.13907511643,0.48290302679,0.92595388332,0.73698630282,0.37415530587,-0.35110599442
-0.03317284008,-0.31661592318,0.87940286692,-1.39620149078,1.08511084445,-0.24767542719,-1.72382802731,0.58621652809,-0.12214886467,0.45487610202,0.24182973598,0.22681637687
-0.83290085290,0.80945975479,0.35040851052,1.21665843439,-0.80824311097,-0.94544269061,0.72673987506,0.92072102175,1.06926621268,1.48909351659,0.06626816718,-0.12029287264
-0.09712740633,-0.17762222092,0.07732581938,1.12817983461,-0.15966910358,-0.69100196871,-1.16238874015,-0.03145064357,0.89366648403,0.24239846850,2.76715587695,0.32253636831
0.13993820320,-0.58801128461,-0.90771379060,1.20862517787,-0.76249964386,0.63332086278,0.71704528972,-0.51457353927,0.02114998901,-0.16892512271,-0.73963178532,-0.56978772546
-0.36271622759,0.26497952500,-0.80817632348,0.55385255085,0.48109483781,1.21395094750,0.62878947646,-1.39982975343,0.30600598558,-1.07722536232,-0.05442588217,-0.33907084786
-0.14295267455,0.52124094286,-0.72856513217,0.06477038108,1.12267920796,1.30753623908,-1.74204946083,0.41621534117,1.48901061377,0.01646146940,0.58029612938,0.74366504530
-0.01696085478,-0.37480149655,-0.69937739646,1.47587798519,-1.03616866528,-1.76521872341,0.49539272522,1.12689514422,1.41157888256,0.16437963400,1.55789221554,0.04637824331
-0.06138232674,0.54619489580,1.20719696340,-0.42768023972,-0.59962145697,-0.80624596860,0.09223819375,-0.28845101509,0.46423490007,0.53361019458,0.81338788477,-0.44291615690
-0.41025101946,0.31932003897,0.30011559267,-1.08142317780,2.23861489317,-0.51538795356,-0.38806003636,0.74065341757,-0.10779635385,-1.27691718602,-0.47508703357,0.85704409131
-0.91164703132,0.23902247004,0.36825443880,0.19535735072,0.19737554323,-0.57090158720,-1.66509601849,1.58083438976,0.49768206276,1.15459286581,0.63542711931,0.11066889351
-1.62643971722,1.16445925084,0.51346834574,-0.20546670401,1.60232549925,-0.19148490707,0.21323720619,0.37463146273,0.50773569277,0.04272946667,-0.56338666860,0.05316591185
1.32159283342,0.02697994242,-0.87287175910,0.55097014650,0.39617275455,0.63046648058,0.60452955591,0.55039158422,1.15567836890,-0.01497883333,-1.13023027056,1.50031997969
0.72121740807,-0.43695690855,0.62144467471,0.67294556552,-0.30452908236,-1.16989612375,0.28932829661,-0.72320581979,0.77744094775,-0.18870372043,1.88457066806,0.25570494558
-1.34169952953,-0.28224722010,-0.50583209820,0.92654518845,0.55928459439,0.37472067224,0.44051280793,-0.02063040547,0.01058174804,0.72576190517,-0.86044518314,-0.46987449002
0.14998220056,-0.46337097230,1.02812613878,-0.20898221928,0.15519901749,-1.14643578365,0.24115390294,1.01101662158,-0.26473822881,0.72622891337,-1.33966839727,0.20826711802
0.72924379474,-1.42959363115,1.23118343262,1.31421190594,0.55932402901,0.37449585607,-0.62921237802,-0.74596854809,-1.00301257197,-0.14968424139,-1.57504523164,-0.17157274763
-0.00478874695,-0.34767844472,-0.03377711672,-1.28498389028,-0.63224000183,-0.56115987620,-1.36772971292,1.37058284187,0.31515036354,0.27715087277,0.24618293740,-0.79478744884
1.23921311655,-1.61805820819,-0.58682471855,0.09020384836,-1.52863570533,0.95185327673,-1.30927849037,-0.98805456762,-1.34122098908,-1.10708598005,0.70413155244,-1.35070133100
0.41832612037,-1.12585868603,1.49919042113,-0.25157246333,0.34103629865,0.32069390911,-1.16092470066,-1.49711334744,-0.18301347170,0.17464131247,0.41924850276,-0.92653126924
0.55478159793,-0.11875531506,0.95962891990,-0.45298842768,0.18274717879,-1.33344695948,-0.32349037979,0.14168284408,0.17961667646,-0.79354109090,1.06097497686,0.25369937045
0.01613014273,0.28296546650,-0.09825942455,0.26462444061,0.21568474378,0.58373257335,-1.16948863368,1.75148481526,0.83191842117,1.43733007696,-1.28769461319,0.81113564521
0.58415704964,-0.02637617057,0.21409323377,0.76166268286,-0.62810928851,-0.37616323592,0.77919993053,0.50345041975,0.54682933084,0.80745131439,-0.92487479055,0.44169739437
-0.74781189259,0.21789668315,1.30232210331,-0.14407300423,0.59628835933,0.16640472360,-2.22576460808,0.45656049901,0.31871195031,1.30231062428,0.49673530093,-0.18268568300
0.04212044903,-0.95353701449,-0.38249734159,-0.23691414088,0.20575479999,-0.43524538082,0.11171837334,0.36918782916,0.19569848306,-0.01339953374,-0.34195524086,-0.19894902793
-1.80567568529,0.74656659669,1.81787019989,-0.06260539961,1.26502806901,0.05689334443,-0.38048512847,-0.08430864344,0.39587162449,2.10546997468,-0.99514715572,-0.60917027516
0.53269578179,-0.49411464235,1.09580705914,-0.49489442580,-0.17356714233,-0.33814939466,-1.66705528723,1.01920633583,0.41399922284,0.79119178553,-0.48245165362,-0.11394241935
0.10527358888,-0.16579838589,1.20723489590,0.62524923522,0.60388908151,-1.06928212926,-0.66632479686,0.50882013345,0.38029236817,-0.38276349316,0.22560722339,0.44477264436
0.64850573080,-0.51140616311,-0.80789894799,0.33927910410,0.24309762677,0.84041999810,-0.27700398865,0.03197134886,1.05122415869,0.26007852136,-0.39526138510,0.46344991273
0.07125594587,0.21225637842,0.94129846449,-0.25554431662,1.23215532106,-0.21736149716,-1.56560451278,0.15196574073,1.10935573693,-0.03027586277,1.10620831991,0.58619214911
0.60898661833,-0.22326163174,1.20387865377,-0.56624777817,-0.53171677643,-0.45382618901,-0.96583556219,0.05434077601,-0.10568596749,-0.05409404102,0.19640575594,-0.42158546969
-2.61628935564,0.95890239649,-0.05514615858,0.70664684862,1.00176255206,-0.75080847604,0.20102205060,1.01754813309,0.90321039006,1.44379237927,0.30045401273,-0.52599024641
0.62620403390,-0.81910147260,-0.48578591716,0.66685549827,-0.95455825760,-0.94825689105,1.65533289147,-1.02442665058,0.79073578323,0.46547202271,1.47434858936,-0.14301359726
-0.57416168201,0.13136372098,0.59989177646,-0.74955415677,0.33276997942,-0.84605599543,1.22020391001,-0.94781002376,-0.80373214755,-0.96611860839,0.19569281498,-0.64537450804
-0.45523915892,-0.60614627207,0.63602328029,2.06721629184,-0.49383521721,-0.69433683266,-1.56181286981,0.70730231410,-0.53934607378,-0.24239384285,0.71048099572,-0.19099679062
-1.56393940282,0.68214910384,0.68329826191,0.72541310325,1.82387241415,-0.99199260203,-0.11300711785,0.34827683021,0.43396559214,-0.49641770894,0.59774807742,0.35642641122
0.31767719089,0.87075452969,-0.26913283092,-1.05664478398,-0.00156801871,0.21429114683,0.55593163219,-0.48363681516,2.15136872205,0.71498115167,1.03732732582,0.20424456046
-1.89214912482,0.88286608257,0.21746680798,-0.74748984053,1.54757304335,1.05724916669,-0.83780939909,-0.62851677930,-0.06052876642,-0.49842837641,-0.12864201764,-0.86586184122
-0.08146948596,0.24738130883,0.02176015789,-1.54935424357,-0.33012240506,-0.15489016073,-0.05180247961,0.09975701030,0.85212264594,-0.00647446594,0.10739482855,-0.86972848497
0.48682441737,-1.66593650285,-0.73137196811,0.96332840293,-0.76340098204,0.46633936284,0.85770135659,-1.55041226368,-0.41547353057,0.27377542310,0.11479062599,-0.89719089427
0.01385498126,0.14323375855,1.80240413071,0.47639494226,-0.55461729237,-1.02856996945,-1.73869066582,0.50909996793,-0.69224804860,-0.95760572468,0.71071433721,-0.46567778729
-0.53085829464,0.59088934410,0.83340882640,-0.23722818335,1.16557812673,-0.31222598103,-0.46251546876,-0.28291843970,-0.88220251548,-1.65378753686,0.26789907768,0.15362833112
-1.75366964838,1.10985638907,0.35449077140,2.84605312694,0.85991009471,0.25078185973,-0.38194422229,0.51442953981,1.08804764288,1.28855693997,0.13263716988,0.58244004936
-0.30459889055,-0.21554355765,0.54228554578,-0.22982791724,1.91688548815,0.62980191055,-0.54871996013,-0.09510582790,1.31614570229,1.25521688484,-0.72626050179,0.67618241979
0.17265566193,0.99272178421,0.77471571363,1.16322111856,-0.35394015938,0.37788369615,-0.84246530431,0.43223022054,1.49946397435,1.49014210918,0.34675324924,0.71970206929
1.79522925785,0.06639175507,0.69542327586,0.29087130883,1.06952587120,2.15155836755,-0.06656046526,-2.12286073690,0.94454093864,-1.34282489252,-1.31010670547,0.40769425692
0.18828196892,-0.86783998327,0.27271792009,-0.38128399386,-0.21913725517,-1.05858397082,0.78767361142,0.19122309502,0.37765955728,1.30303491702,-0.01643034566,-0.05173493505
-0.22341890242,0.42694535780,0.14710494480,0.99491756758,-0.68576299368,-0.15650871974,0.71884727681,1.14080005076,1.17883256083,2.06352737830,-1.31221563505,0.25139671479
0.96373384421,-1.05527499848,-0.62501782443,0.08236121010,0.18541955799,-0.02899651163,-0.78122288614,0.22822340708,0.85149852253,-0.64311580141,0.52743189153,0.26566269656
0.79097582076,-0.83880410804,-1.06514097044,-0.39945129919,-0.12225491837,0.02672187583,0.23004258945,0.36875653411,-0.04905704679,-1.09602645584,-0.63461357601,-0.09044318667
0.23306436426,-0.30943196523,0.50277476189,-0.01712322458,0.40429649165,0.31618401391,-0.55536800749,0.01478035921,-0.21716581396,-0.37717384653,-1.00486811002,-0.08360274100
-0.14284995319,0.10108406200,-0.51982860652,-0.87285031731,2.27282124523,1.21140284833,-0.61516479545,-0.12763507686,1.22870750898,-1.11731545284,-0.88579275830,0.56344256975
0.21923924921,-3.20228138579,-0.29656511748,-0.74532893446,0.32990072152,0.20515801757,-0.39372337183,-0.57268929659,-0.69155183473,1.55627711945,-0.80803752425,-1.21680027821
0.74801955148,1.39769835172,-0.42559107385,1.59851397641,-1.90730839642,2.00170250486,-0.69268300866,-0.18426164733,0.83981813139,-0.00928947157,-0.56596871161,-0.16295741622
-0.32083415603,-0.05497542383,0.82409465103,3.08128580002,1.07681589990,-1.20474269475,-0.33190674781,0.63016095469,1.13910664205,0.32918430020,0.96001088400,1.45941261010
-0.30982637066,-0.28770282494,0.12135860699,0.71771203327,0.81373463776,-0.53904353880,-0.89976428071,0.49328673105,1.20306923615,0.50345045433,1.18789355342,0.60748240479
1.54324618509,-0.27329358330,0.79646021312,-1.43808836071,-0.93953573424,-1.46168773187,-0.68510429170,1.75744380761,0.55198893439,0.48713230706,-0.28197649828,0.28445559142
0.49381064536,-0.07038682703,-0.76239942803,-0.10544325818,0.57511278543,0.74150718707,-1.60131314856,-0.26912490217,1.05824489028,-1.05301354443,1.73042976643,0.29673693093
-0.21368723649,1.22798544665,-1.38771646249,-0.64656780291,0.30960725386,0.49917002287,0.50333353216,0.68079769789,2.11844890322,-0.01592676106,0.14673866524,0.42481572106
-0.11913293879,0.62128076192,0.20874250914,0.92455728285,-0.92703297858,-0.34672202613,-0.28022045712,0.87051181549,-0.51576642699,-0.73929619959,-0.54267207126,-0.20477142315
-0.46222471215,0.52748931539,0.18274386427,0.60681859374,0.98687252104,0.44807449134,-0.58009311928,-0.53378714802,0.32679981983,-0.96248529473,0.55755414760,0.25278246685
-0.59699019235,-0.00058360935,-1.61008102519,0.49051960218,-0.15524467109,-0.07628826165,1.34387972682,0.30581274758,0.76107494538,-0.53110838782,-0.38532575634,-0.40219247958
-0.85794984670,0.89731514493,0.58254617240,-0.11934337658,1.43403243298,-0.77718143022,0.11949205835,0.40167461974,-0.34437226947,-1.23226515238,-0.03546945610,0.51575066473
-0.57399140628,0.70960989586,0.79937485734,-0.61676853246,0.96921903716,-0.62763472417,-0.16085768000,0.84251387985,0.41126469098,0.56276131322,-0.38572513300,0.50751560541
-1.44639297475,-0.17071309652,-0.42538035457,0.79896227992,1.06880678856,-0.43054512464,0.69656100842,-1.01693250719,-0.00230976157,-0.34022878105,1.41795935059,-0.29174641582
0.28355999182,-0.85829805266,-1.01916065064,0.93520408121,-1.00539676490,-0.01371308628,0.55106318576,-0.15954133233,-1.32950773847,-1.66435075501,-0.56082757791,-0.87015408466
0.97642852587,-0.76001539074,0.92640103903,1.14872062526,-0.34016795388,-1.31164120780,-0.64426011187,0.88038515502,0.93776672404,0.60147789043,0.52235654894,0.80823495392
0.89027339649,-1.24048879025,1.56423216822,0.56227710810,0.91199449025,-0.68957502406,-0.47631813006,-0.05859229271,-0.78393837084,-0.46019751244,-1.19246708943,0.39598609504
-0.30968941684,0.75992542426,0.19423725663,-0.05412992725,-0.45050517545,-1.10762449395,-1.79475263002,1.79401804889,0.47421863212,-1.19930584144,1.36362356471,-0.25138616001
1.90131846075,-0.19159593607,1.76981676684,0.28609645457,-1.58578281780,-1.77606247892,0.35281498345,0.47467657033,0.03604172020,0.21300085433,-0.05195112377,0.41581221820
0.47139812961,0.72724236190,0.18382490358,-0.01138115821,0.10268235437,0.03452546876,-0.05398497529,0.53678967012,1.21832704378,0.04308020436,-0.29662076717,0.63354084104
1.01627827779,0.75990784726,-0.16838511432,-1.37133935252,-1.67962433764,1.33718771185,0.18613754776,-0.73940378173,0.97208177756,-0.39074248593,-0.74149906015,-1.16680364965
-0.23100002435,1.16719163878,-0.20247267023,1.24192179940,0.17795681817,0.56428097915,0.24418137575,-0.61471116765,0.51364633987,-1.15731808391,0.47534338526,0.36024941947
-0.83792774014,0.19208094661,1.13403596055,-0.59848717217,-1.00936891006,-0.51894758549,-1.57946476172,0.07625943681,-0.96625787076,-0.27616051745,1.19351329582,-1.61416660422
-0.28713718465,-0.79943133327,0.12174666747,-0.25410107818,-0.31432726629,1.13569007678,0.31417303249,-1.31314971596,0.08405456384,1.09215276600,-1.01002909424,-1.48109723658
-0.71832660604,-0.20751775075,0.10669052419,1.33335404974,0.59019285075,-0.03391589895,-0.66560493417,0.03880786392,0.00115248850,-0.11866259176,0.35541604420,0.12986328655
-0.06177542824,-0.33591504412,0.67568813446,1.86970235180,0.01891419484,-0.57773111879,0.36297543963,-0.74714551303,-0.22250678799,0.10946573957,0.67085364277,0.26959777729
0.69447160126,0.28730254120,0.40487974378,-1.49064025850,0.63987396869,0.51500569479,0.36746181879,-0.65026122585,0.92444109802,-0.52262818034,-0.77781177232,0.02790753243
-0.29995384251,-0.77874209277,1.06650429160,0.52892947593,1.70635608721,0.01234034548,-1.32003048183,0.10650288116,-0.02302830224,0.42863508285,-0.52270316817,0.48818035798
-0.88509050577,-0.58890200134,1.04813781010,-0.25272308446,2.65802551220,-1.39513681782,-0.45721790175,0.69219685484,-1.17453219786,-0.94559259187,-0.50427959163,0.77999400741
-0.75740065964,0.42455349816,0.68410142634,-0.55481376287,-0.15695880016,0.31062946079,-0.48779877972,-0.54907461649,0.49663133975,0.80943919868,0.45174572477,-0.98536248409
-1.09174688452,0.59169626524,-0.05484099396,1.23035461799,0.43237495532,-1.38450480597,-0.39705538743,1.05314237168,1.41152893690,-0.03863509630,1.82062728180,0.29272891995
0.25516098344,0.60600592719,0.59543657925,-0.31165900931,0.17487185595,0.30873857365,-0.42076892518,-0.53281920019,1.07007165697,-0.06896886769,0.56663271188,0.01018435019
0.81424729858,-0.61577383398,0.13133380727,-0.96226971756,0.06701561938,-0.34467286900,0.84284746087,-0.98540574727,0.81299223932,1.11970519657,0.94703586459,0.27433113513
0.02805956967,1.25060691770,0.43930824412,1.47962527967,1.01384846568,-0.75859779126,0.25556292950,0.96857149571,1.40958702748,-0.24599349589,0.29764093395,1.68134416093
0.70891428483,1.50984413184,1.33901110483,1.47113835196,-1.48082369048,2.15387899584,-1.79680797271,-0.23087751186,1.18493296852,1.82162877256,-0.71141717574,-0.02020731686
-0.63930753846,0.56387584941,-0.41938140407,-0.35427102409,-0.45539124141,-0.20081836028,-0.32738290738,1.09292437955,0.25672132477,-0.01186313572,-0.23611875407,-0.49565715857
-0.35646006929,0.58815278639,0.38494114266,0.02418727031,0.27552419381,-0.28621122428,-1.02240669649,0.56355732958,0.16782007059,-0.60733707865,0.57512098858,0.09108499982
-1.35199749445,1.53051222901,-0.20850137694,0.10866796168,1.93306635074,0.40398247357,-0.83134700341,1.20222556710,0.23950291397,-1.17891308562,-0.65544768140,0.73740308751
0.19462903651,1.11018795064,-0.53376204169,-0.77750170055,-1.14181333987,-0.29872961695,1.64564174752,-0.23074423445,0.79371041820,-0.74896218014,-0.02794514177,-0.58941202646
0.32331179941,-0.62841894239,-0.07064728292,-0.02169080463,0.55412979095,0.05168963757,0.33942274389,-0.76293792945,-0.03250052206,-0.21627392157,0.16171536320,0.20239628107
0.44631527894,0.91723492456,0.15927220602,-1.00874518625,-0.04399302334,-1.01113980667,0.98829071782,1.38934541009,1.14561267382,-0.01002862244,-1.01904010565,0.46407721184
-0.51089784657,0.84648437418,0.18955249582,-0.69287211904,-0.29217232765,-0.17856963287,-0.43450797652,0.30836883130,-0.04374602767,-0.51533895733,0.37923802699,-0.53332806909
0.59744400118,-0.57677927423,-0.70560666466,0.96029965443,-0.84162834081,-0.56035391592,-0.51405390607,1.38307173971,0.18570209743,-0.76484325419,-0.30344403482,0.05119603781
-0.04351244280,-0.30727830740,-0.81042175915,0.61603160920,-0.29480508602,1.58826525168,-1.15709182137,-0.18470768495,-0.29674969918,-0.18527299714,-0.53155337798,-0.51288463227
-0.00608201912,-0.64646204540,-1.28822152272,-0.01776081726,-1.89346204173,-1.13652341462,1.23160088589,0.28997087684,-0.97652547047,-1.40013538463,0.46753220442,-1.54089430954
0.12085315802,-0.19264752009,0.56784287248,0.93878461241,0.59386195924,1.24886215328,-1.48218282802,-1.15570729055,-0.82550726360,-1.04176118846,0.15965745111,-0.25466727476
-0.59384448709,-0.15384028880,-0.89830692235,0.42685194176,0.39671948823,0.39557205954,-3.05811429826,3.31323118587,-0.41303642199,0.67332116505,-0.73896310832,0.65010914279
0.26264191487,0.88919431175,-0.72780482670,1.63112198820,0.01288327331,0.94970208223,0.81756908730,-0.19309189111,0.54068901549,-1.14580974771,-1.03620074016,0.61789020238
0.37005869059,-0.08116171735,0.73107269376,-0.93760572486,-0.47020102271,-0.15559608270,-1.90495379472,0.68170731507,1.04513316155,0.54702671646,0.70134640135,-0.53783966646
0.55737785287,0.30208053364,-0.74583432400,0.01224298119,-1.82456725849,0.15438418233,-0.17580375195,-0.26026839378,1.71801052639,0.11881351820,1.62144563964,-0.87301499692
-0.92303751890,-2.05335058834,-0.19184486022,-0.79740106192,0.64614971855,-1.57104075208,0.07567798975,0.45317642055,-0.68764256093,-0.08062539806,0.23625787978,-1.23238610612
-1.25341006869,-0.72156995137,0.51125924323,0.31807702357,0.31734958045,-1.31565072718,-0.06574944275,0.20021859957,-1.08380911546,-0.04051317123,0.51791121160,-0.72005451988
0.46835175623,-0.51170009433,0.28687520411,-0.47883794892,1.40118282779,0.06024125497,0.91818099999,-0.63821094456,0.54189006876,-0.34145476878,-1.09655000069,0.51218714227
-1.98947507171,-0.54567035607,-1.88860465027,1.75114684703,-0.32034720942,-0.43455402671,0.79767057005,0.75295546591,-0.26890041573,0.06870610342,0.12314826351,-1.16586333651
1.69780480393,-0.05104284633,-0.53741674035,-2.08508930137,0.82095973145,0.77528912206,0.00674608920,-0.20352436526,1.66773725922,-1.03853527441,-0.58777242841,0.58164351990
1.25063782849,0.06993846920,1.41857160582,0.45894099566,-0.13791956811,0.28745255685,-0.75694244927,0.18253427323,0.20109393062,0.57596359659,-1.15231586070,0.61407143144
0.36154284760,-1.12743081684,0.03330740002,1.03068548638,1.15201754971,-0.62686876898,0.72979350412,-0.10875259769,-0.61251475678,-0.79453304589,-0.86872679883,0.70802650447
-0.86707261184,1.12621349959,-0.37525626662,-0.18693737292,0.66055844262,0.11795993002,1.02889969935,-0.39901798272,1.05763314631,-0.63332353142,0.09606143187,-0.12414998489
-0.87015542007,-0.22783565636,0.73131733744,-0.54276732234,0.58363052442,0.39527554258,-0.64772355837,-1.77804370878,0.27418589568,-0.53629182525,1.36059134744,-1.46238899976
0.16415211540,0.28312529988,-0.39767382548,0.29301363408,-0.21520539926,0.34684074121,-1.90944158390,1.19833116443,-1.06281109885,-1.80011699475,-0.01704706491,-0.00403903160
0.54055749067,0.27723104550,-0.99379926577,0.05121343652,-0.73871310467,0.24635198248,1.35120771785,-1.12044942924,1.35803765284,-0.31917727281,1.06703587620,-0.15427618370
0.64125443766,0.24393556662,1.31988519285,1.12146922732,0.74325673687,0.58667689402,-1.54966589318,-0.70633845546,0.67771663830,-0.28521878043,0.63767353879,0.55952968164
-0.88131758415,0.53431521579,0.60863927778,-0.30818481569,-0.12273670533,-1.70659003550,1.09427458659,0.50864242234,0.53617290598,0.32653992454,0.37286611726,-0.50376942051
-0.68181840271,0.36198519612,-0.36134035313,-1.21022581219,0.53897403010,-0.99939902435,0.18734882003,1.26951173603,-0.24890244693,-0.42168981825,-0.14648179572,-0.06903361471
1.14277102615,-0.64800258323,0.34992863465,-0.10751701280,-1.06557425418,-0.12094232159,-0.04766012251,0.18410565573,0.44572066064,1.12027976810,-0.47380733499,-0.05941270599
0.33367232703,-0.57069669083,-0.90148088769,1.06332005149,0.75094534386,1.48103652060,0.38023708533,-1.21394313822,0.58571342007,-0.34259631580,-0.67237320713,0.21520137785
-0.80178612865,0.36052220894,0.82159596353,-1.90542326944,1.75392250158,0.02911966174,-0.78075376778,0.23715685471,1.28693177713,1.43264863058,-0.10276872608,0.06007144749
0.94591457551,-0.53806904010,-0.00482664328,0.47010852060,-0.91178909259,1.73319984694,-1.34335499720,-0.86122011915,1.41385063870,2.49786283455,0.62520456733,-0.23520821572
0.41312047316,-1.02060698704,2.04028954707,0.78817284593,0.66799667559,-1.12515018421,0.05089143364,-0.14191361081,-0.17511830682,1.10018358389,-0.82960234335,0.39896481969
0.61385274789,-0.46726896848,0.88568893399,-0.18552485344,-2.23069018687,-0.25254069043,-0.90672406612,-0.35083547637,-0.09296388050,0.76583007934,0.99898289710,-1.45720160677
0.89436044179,-1.17134655517,-0.35044570819,1.73548885499,1.11164658687,-1.02155791902,0.15688773420,-0.43629369556,0.40294951383,-1.26209615087,1.69914130669,1.35359827171
0.84809557615,1.42748339910,1.11324695276,0.34411878873,-0.91646914125,0.74616019672,1.00984261698,-1.70981200022,0.60591840162,-0.93970497971,-0.23743709181,-0.35283087776
0.26518479496,0.37889464235,0.38272669917,0.78390336207,-1.22628366666,-0.21304986732,0.28215460864,0.34657912559,1.03530855114,0.85888675971,-0.30947743148,-0.23426867058
-0.24382582226,0.09060848413,-0.28604925053,0.72362786035,0.34482629282,-0.05027348672,-0.29362339722,-0.48416471153,-0.30049997092,-2.00956440981,0.87092955259,-0.19382694965
1.12612782344,0.83589767833,1.03448761738,0.21054112612,0.62286181894,0.00716902835,-0.68878432731,0.22105148830,1.52813665916,-0.12901568641,0.25049978513,1.22960528762
-0.18449507430,-0.30305042163,0.84140462931,-0.59158633026,-0.51435011770,-0.58808838515,0.79512668887,-1.68752872411,0.76033187918,1.68006713841,1.94282881950,-0.94450119050
-0.30842505025,-0.20846503672,-0.93051121296,0.34858410280,-0.08904092948,0.10104629490,0.77687618769,0.53052558535,0.99252000911,0.77660445887,-0.74093794238,-0.03792107937
0.13603866310,-1.07211298784,-0.47868890714,-0.43536915008,2.08267220764,0.02261840591,0.75665012516,-1.24483180909,0.26561371811,-1.29437404167,0.17272393988,0.44920702708
-0.60767103942,0.83792938430,-0.17145560256,-0.14564434414,0.21441600670,-0.83902837950,0.74066357690,0.79510000814,0.74288910517,-0.32478904325,-0.05224610780,0.05276762511
0.99595519656,0.26731244424,-1.34701018458,0.80462470193,-0.68771994399,1.26809690089,0.04771649455,-0.21915926029,0.85918812004,-0.57408055989,-0.12449778157,0.42603199463
0.76811330756,-0.87661073055,-0.64309585072,0.04827261541,-0.16138910538,1.61251477748,-0.50273343340,-1.94692593203,0.58930861303,0.26827844432,1.08898209037,-0.57418929402
-0.19874261509,0.26921622226,1.55008601805,-0.75419869979,1.65457446767,-0.67001960305,-0.44783223752,-0.56510468580,0.04487877723,-1.19526783405,0.37524086111,0.19959823703
0.68984903076,-0.01907820043,1.83207674166,-0.67243517909,-1.08819218822,-0.66500097171,1.35334637196,-1.30286007711,-0.00201638503,1.50355403220,-0.21552428193,-0.66515144708
-0.39998740858,-0.79914383530,0.07107826771,0.45333219049,-0.12153459469,-1.09454587337,0.37790334592,1.16284893390,0.15957867333,1.40299878775,-0.63528644436,0.02215684154
0.73013362293,0.53586046207,0.44091204901,-0.29058391738,-0.02186189723,-1.04819084767,1.72474464767,0.32629817282,0.56856026720,-0.72432074999,-1.03758798128,0.45601840973
-0.71827826552,0.31646637146,-0.11516732244,0.42963949020,0.29934503752,-0.51997201947,0.15062871355,-0.21520027906,1.70555346206,0.87142408125,1.73690796289,-0.00565228579
-0.64257981894,1.17534756219,0.34851120128,1.21397290153,0.21199768387,0.25632806624,-0.84646616928,0.52115355166,1.05669152905,0.35863225461,0.48636010123,0.48095322300
-1.20338256491,-0.55893792985,1.04236703023,-0.46709344785,1.64572093941,-1.28172247766,-0.02029449838,-0.94836883348,-0.41150454949,-0.45695052388,1.44666504112,-0.41634288435
-0.01183994205,-0.28559655164,0.00141012435,0.74891914648,-0.48172927000,1.43363809551,-1.40551983462,-0.89275945767,0.31949514991,1.18701059062,0.78564021506,-0.56492369977
0.28143021354,-0.67518429707,0.37113123836,-0.34315474119,-0.42695212741,-1.04432510013,-0.47500681489,0.38465778195,0.93087698824,0.80611671612,1.17330748024,-0.18884762541
-0.82691943957,-0.24074905260,1.31698875906,1.39338077857,1.79549538860,-1.30370822670,-0.57819062109,1.24502026719,-0.18907016722,0.66550936971,-0.58327690149,1.15115851175
-1.02580263464,-0.87923545888,-0.86311999140,-0.81037658423,-1.22592585534,0.10196447912,-1.55449438523,0.65407391936,-0.34207845876,-0.14078216312,0.85238566961,-2.37158592719
-1.37238608266,0.51739692867,0.53694895087,1.40511318718,1.93273983606,0.33222520107,0.04388935052,-0.31625500083,-0.08923457802,-0.51175773876,-0.84573516150,0.39735378979
-0.04246863043,-0.13376297098,-0.66974330809,-0.16036038881,-0.55744679770,0.48530160060,0.77305203109,-0.37789632244,1.23949916805,0.83141447379,-0.27242253824,-0.59860224317
-0.37783876836,-0.32515720885,1.55989340935,-0.49997950825,1.30821492189,-1.13598994460,0.88417261387,-1.04822991768,0.13371888551,1.11382578032,0.52549797729,0.23891756422
-0.36760194546,-0.41377954922,0.09161449312,0.39156136619,-1.11566395662,0.60860140178,1.34576401599,-1.84494329840,-0.28460937513,0.82141412114,-0.25762587610,-1.61760570016
0.60922461460,0.73595694241,-0.20003459287,-1.62835066514,-1.33726416773,0.08752239599,-0.11448490776,-0.03199020931,1.70406783509,-0.25114663714,0.65258736631,-1.06872635226
1.45893392640,0.38593989695,0.82004488692,-0.12705091882,0.17584910548,0.89701968088,-1.13188683401,-0.38576924391,0.24539920861,-0.63222316308,-0.29122193073,0.53910071191
-0.14209520407,0.32296780817,-1.17019582882,-0.51433881509,0.91103163159,0.19448491332,0.49129069907,1.18978476290,0.79651989492,-0.52057334302,-1.27602877448,0.56191032845
-1.39621490070,0.88602857699,-0.40173773957,0.96052603844,0.44520878295,-0.74394235580,-0.05768700547,0.56249804751,-0.22201766806,-1.41337483792,0.99130391814,-0.10451468582
0.47300116238,1.02908065566,-0.92842930710,0.08160609084,-0.44919692468,-0.43510889433,-0.34427001932,1.66516152681,-0.25224381976,-2.16046082555,-0.12660620480,0.46098735768
-0.71476837396,1.30051030719,-0.33504350439,1.17714135692,-0.42100840449,1.26071102148,-0.35991332026,-0.43587650966,0.46536122858,-0.29608198559,0.15163095178,-0.30803354305
-0.07039470581,-0.00788714562,1.26904912980,-0.61175793012,-0.75370343512,-0.87256154139,1.71230441043,-0.69005880229,0.70580319910,1.09186651820,-0.87141517891,-1.11628596486
-0.22401090966,0.58778217599,0.26477939682,-0.45070984052,0.29095622137,0.22832197491,0.47989478808,-1.03467249784,0.41838897346,-0.77251343593,0.37372828530,-0.37986249161
-0.50821757781,0.40269105510,-0.54611036855,0.29801146978,0.14521754408,1.02191781039,-0.39220357710,-0.48594163256,-0.24896386849,-1.30828795213,-0.22185719993,-0.56753326931
0.23252008968,1.08029612211,2.13970244661,-0.61007036357,1.92223166544,0.26589852273,-0.37827283516,-0.42678331653,-0.06363610897,-1.37666579058,-1.53344074774,0.67647132294
-0.09253831799,-0.67524702849,-2.41540872521,-0.36014615327,-0.28103891052,1.50914071790,-0.64150610017,0.14915208286,0.33987595187,-0.57494629291,0.03888408059,-0.69906516265
-0.55521957983,-0.59026896275,-0.39063957721,-2.06696575988,0.87437268627,0.24008022588,-1.17101115141,-0.23526894179,0.11958126301,-1.17671995012,0.73040939885,-1.18910325962
-2.51432662686,1.57344475874,-0.33236486006,0.32475926510,0.83044997644,0.57838642644,-0.55137047971,0.28124359620,0.49526086298,-0.04428559104,0.34477462439,-0.85669708331
0.19906957607,0.43521925641,0.93166697759,0.55198272119,0.73567325802,0.69289454208,-0.18035820170,-0.33397130364,0.95475292423,1.14573105492,-0.70986100377,0.69705470492
-0.61696589543,0.91455580289,0.09725419855,-0.58222692097,0.58614420191,0.63034578466,-1.33871989160,0.96272318754,0.82421755910,0.58356751493,-0.30612861811,0.18401633003
-1.37963377948,-0.53021762859,-0.85069848210,1.72700601921,2.14602955857,-0.14861254847,0.57079958726,-0.42697531491,0.10365939288,-0.73798061750,0.32371798109,0.55606479910
0.14555599721,0.60348852552,-0.14098107153,-1.76207912437,-0.04884857283,-2.05832086976,1.73830931630,0.19358267112,0.52127624167,-1.61742583589,1.10600864695,-0.37894471914
-0.73207577651,0.80740880503,-1.08451047550,0.31214264296,-0.67352773334,-0.99548941900,1.27303217769,0.42113238598,1.24967421118,-0.28660386617,1.23924576106,-0.42641227031
-0.21206284549,-0.09443188395,0.72376611851,0.50316452726,0.97612411939,1.31755644827,-1.13610118862,-0.33585349216,0.60133434334,2.08782194312,-0.68633398751,0.43102204505
-1.74941098272,-0.02584529518,0.53503413044,0.67105610758,0.97829790605,-0.80229507181,0.75250368673,-0.83805424561,-0.13976519994,0.29919649312,0.74003095662,-0.64887051127
-2.23256953901,1.07057793612,-1.26307575000,-1.10432914857,0.83804046659,0.31451160258,-1.41288735928,1.24418578393,1.03839698012,0.15570374887,1.19836126061,-0.95258585405
-1.21280433532,-1.20451306099,-0.97927390871,1.50032755370,0.35795484575,0.12484463877,-1.94056174820,0.37051147170,-1.19455349716,-1.47884011497,1.26340111869,-0.85057870626
0.56135658506,-1.38761052566,0.57082247652,0.14829859960,0.14740023960,-0.16732841831,-0.81502634493,0.36268881811,-0.50737493182,0.32471516867,-1.06567093170,-0.14272393438
-0.17864587861,0.98451090268,-1.63031539768,-0.46713690529,-1.31759398797,0.17407821034,0.29466334673,1.20823321744,0.65335615322,-0.78994074702,-0.27895522934,-0.70709700791
1.05030261612,0.22107712158,-0.32080906326,-0.41416948255,-0.35719455567,0.39855481841,-1.03264441194,0.25226297739,0.99826920264,-0.84636804257,0.54878473353,0.12744505599
1.33320812607,-0.88945361539,-0.32464421340,-0.14331757754,0.90661724738,-0.47753276477,1.18546066337,-1.16054692246,0.05229289433,-1.83866065394,0.45167634340,0.70782222273
-1.15144358095,-1.24317061362,-1.44760644815,1.35232090024,0.02209031866,-0.03919315544,-1.03122724449,1.16052490394,-1.21081383929,-1.09458304896,-0.26524549553,-0.90770018838
0.37860853340,-0.36390758907,-1.18991951197,0.29654854710,-0.99332815246,0.63653184853,0.15103476740,0.26911580913,0.09999852002,-0.04268530190,-0.64856151963,-0.39136968781
-0.33602868760,-0.90664037407,0.96241278792,0.76756302794,0.79787793380,-0.92131800248,0.10840067498,-0.26398571718,0.74680365462,1.55099086957,0.50088633092,0.23978181941
-1.11379132163,-0.11419530821,-0.12697617619,1.21546120884,1.44776766712,-0.71604355115,-0.53984964030,0.02245836105,-0.30049784966,-1.85684283804,1.15175194222,0.19678217501
0.01582492489,-1.25571769143,-1.26758809054,-1.64016126785,0.51298122843,-0.06363203771,-1.84262765145,0.46053709831,-0.21129043853,-1.60708233805,1.82710593418,-0.74856098322
-0.46501864274,0.66127046369,1.00049592295,-0.97998648287,0.42662496233,-0.53713477520,-0.17324407335,-0.15380014086,-0.62362484676,-1.76263926501,-0.18187616584,-0.68680563202
-0.40831072380,-0.39872217752,-1.63412513334,-0.26377707320,-0.38215668076,-1.02657255132,-0.43753699968,2.91557201125,0.51580921607,0.46318140797,-0.29282767607,-0.04371942074
-0.73207054565,1.68519890636,0.22458578885,-0.55395142821,0.24572420998,1.31001040263,-0.70657255849,-0.37640109369,-0.13027379510,-1.42167182571,-0.50586232398,-0.59727382454
-1.74565646729,-0.00426376546,-1.43400376460,0.74285918608,0.37495862134,1.22026583676,0.61881188328,-0.78665229473,0.33765793136,0.05136457259,-0.35140317315,-1.23193214188
1.26675479248,-1.75498163108,-0.55874336155,0.71603758316,0.67055601245,0.01840479797,1.03193594421,-1.25958864769,0.48080754119,-0.31971250464,-0.01321234729,0.47118086724
-0.61408745978,1.91578227814,0.08990203803,-1.15404611077,0.79848631650,1.07905028765,-0.04083505367,0.22881094782,0.93452895035,-0.48749487427,-1.12710118488,0.06233549022
0.15591762811,0.28410774333,-0.10542827608,-2.11498644628,0.11104291211,-0.01501160706,0.42924438415,0.01203242939,1.27223762589,0.10120919937,-0.33781952039,-0.56695112287
1.11807811814,1.60836984821,0.34008423896,-1.53395536379,0.39594672122,0.00339213505,-1.29521547187,1.38189946544,0.67541842305,-1.51770034125,-0.09114450420,0.93459650560
0.86437708268,0.57189363627,0.41403102719,1.36128825817,1.30265492530,2.29003252130,0.18689842432,-1.10375262519,-0.11823180158,-0.97954387853,-2.73296504181,0.94753753996
0.20055423024,-1.03915721431,-0.16295743121,-1.10208009082,1.31625361531,0.70333508306,-0.11874255869,-0.13935758200,0.67747542212,0.65413848841,-1.39212865472,0.06064394992
-1.53687356396,1.05237307960,0.77267619782,0.61511881869,-0.11107168408,-0.08311727787,0.52059431763,0.46973240984,-0.29992410948,0.64242600336,-1.48925711123,-0.77788689420
-1.01163461558,0.49267634719,0.03006093956,0.80553798805,-0.75678335145,-1.25696522633,0.55052450513,0.18051788783,-0.27616728767,-0.81339339552,1.08920005050,-0.79345266837
-1.36155184434,-0.37314896675,-0.45256233364,1.65137289644,-0.17093764590,-1.16858183875,0.36747205348,0.45968889398,0.45858914383,0.63331550962,1.22610974115,-0.41730419760
-1.53562618435,-0.67965528611,0.19464599428,-1.26101236198,1.94944138946,0.36493937397,-0.09414866490,-1.17043864370,-0.15849112188,-0.39024323704,-0.22214219155,-1.16140368943
-0.56700311477,0.56562413064,-1.65022978358,0.85723480958,-0.48676019947,0.49265134252,-0.68402197051,1.84653352197,0.27202339555,-0.50674994763,-0.67699555158,0.04102938851
-0.41213211247,0.35294067973,-1.05319019448,1.47376435838,-0.29243869076,0.40524968612,0.33054676767,0.23523777241,0.51047974985,-0.51829108010,-0.16021192496,0.06099169889
0.17459919147,-1.07467606858,-0.51704133621,-0.37110253202,1.37400981482,-0.11828280143,0.02169181087,0.05848776203,0.32212577550,-1.03027949466,-0.54507582200,0.20444302603
0.61750559802,-1.73334590014,0.57282814601,0.24227384927,0.62361345704,-1.17001000475,-0.68661893479,-0.07170126208,0.60146118051,0.19327728546,1.16014930834,0.27494790027
-0.61218936691,0.87096261845,-1.52873940399,1.78044392051,-0.69642926715,0.36945836972,1.96625440480,0.27374112180,1.36673262622,0.08186324934,-0.88338358359,-0.07428320005
0.36882029592,0.44995827140,1.30214799663,0.49485727840,0.01846300159,-0.41240456382,-1.10723017463,-0.17395510429,0.78834094247,0.30689442229,1.37683236528,0.41424882771
1.26167968747,-1.79068181687,-0.30056765017,-0.07620924029,0.45945881640,-0.49443012201,0.12248413850,-1.03772264286,0.78023335243,-0.27558186763,1.44070302329,0.27187910241
-0.16709596509,0.66951387547,1.55464032095,-0.23058670209,0.35069622277,-1.00278750583,-0.80870306615,0.72641521708,-0.35015708402,-0.28689446365,0.05473672640,0.29765183478
0.42776604573,0.27301356158,1.62042912459,0.39561625287,-0.11708448716,-0.79527107658,1.11700686623,-0.22659609909,-0.68993526449,-0.22534266264,-1.49636719195,0.09971931084
-0.64933617492,-0.78189498528,-0.46538788858,-0.21461326946,0.99357090796,-0.11644602308,-0.80325601695,-0.31881957054,0.17642914408,-0.44136099779,1.36134384502,-0.25315325003
-0.33219410454,-2.11433613727,-0.28093271151,0.01854883047,1.20657872542,-0.39827153698,-0.94627524654,-0.78789898649,0.20561292482,-0.04129690333,1.72042349812,-0.40683038938
-0.05282453803,-0.56295745055,-0.20320229157,-0.11982591572,1.26117856912,-1.01899306917,-0.44136177419,0.26456834243,0.25447359898,-1.44421419194,1.29324656206,0.50368626700
-1.75679143230,0.13538599940,0.05523832846,0.18043614053,0.22106018429,-0.45456158765,-0.79937400722,0.71959817232,0.20760013698,0.52636303623,0.51180454093,-0.95872175814
-0.02311860574,-0.45862036333,-0.90186328365,0.08066711498,-0.07284042793,-0.06660349313,-0.65240237527,0.66560766769,-0.50547604291,-1.04026892073,0.21002826567,-0.13432834799
0.28207443072,-0.50557606226,0.52509004403,-0.03208809308,1.12763047300,-0.23581535795,-0.06339535158,-0.30085003504,0.02832421598,-0.60592661632,-0.32333261831,0.41215586485
0.14632448734,1.37904720463,0.13596293885,0.40745061998,0.08642887124,-0.07283775698,-0.52298701076,1.44005055933,1.86775411654,0.67461816494,0.00531523907,1.06812747556
-0.24565607252,-0.26682805467,0.88897204021,0.96407048374,-0.51316931011,-0.54983816696,0.43812294807,-0.96873378637,0.36248358100,1.13799547653,1.00698729680,-0.43794640392
0.34083078483,0.67262863028,0.58284338317,-0.57394837823,0.77842422241,0.49123876057,0.03958477646,-0.17177875132,-0.79416334338,-1.82853279340,-1.49658298436,0.20105602406
-0.85113704039,1.90405203681,0.30711630315,1.72314674578,-0.20248735258,-0.85968303031,0.86320211756,-0.62230172082,2.14959162759,0.23009061471,2.75289004418,0.33426327430
-0.53298751159,-0.02929710197,-0.19729280725,0.51620913363,-0.63229844716,0.15075869591,-0.48784423346,0.35984861314,0.26308465143,0.58845110764,0.06004851589,-0.56683271945
0.48906112498,0.19486640583,0.16602355840,-1.26211426225,-0.87843714621,-0.34601815572,-0.62994329920,0.31068387976,-0.04359903262,-0.66996512344,0.50199934774,-0.67282224510
-0.55858315880,0.69720874766,-0.18649758000,-0.77968717755,0.70885461127,0.11952284526,-0.39302424733,-0.20003688258,1.00670846442,-0.26721793123,1.10890269351,-0.04559956705
-0.54896682166,-0.92390361846,0.74228334902,2.03184233016,0.35281058052,-1.15967817299,0.58138927592,0.68722590722,0.34267351543,2.08829818526,-0.62745066531,0.51636879262
-0.22557157279,0.46348084654,2.22965954914,1.02520619476,1.30325747837,-0.69982802191,-1.21983781747,0.10491943408,0.22068237974,0.25973181959,0.32009949731,0.85305135612
0.85938178058,-0.90261818252,-0.16316534706,0.49718662890,-2.00243675577,0.43873641806,-2.30445224266,0.98246858650,-0.01851463339,0.43381745730,0.31699272803,-0.92142857447
0.74617779926,0.01593106074,-0.14941332243,-0.08439253846,-0.26563078237,0.30675605621,-1.14581232817,0.27195974644,0.44617776052,-0.18922745267,0.65796955998,0.31541848635
0.93870047938,-0.06108102040,-0.46945764009,2.38367420473,-1.06314927957,0.55255370109,-0.07501771143,-0.27336807351,1.31386121983,0.40043716238,0.51388464266,0.55141933106
-0.68905279249,0.66453529867,-0.22678405479,0.84420345209,0.19985995212,1.07456590376,-0.49592615400,-0.75714279947,-0.71521183459,-1.38244115113,0.02850790347,-0.45273999592
0.99066550429,-0.49179587860,1.39191316186,-2.01903619587,-0.71766600742,-0.35892305200,-0.40058588403,0.33375990281,0.44165110232,1.72357764783,-1.05333576980,-0.56277614039
0.23337027613,-0.31978616243,1.11157497037,-0.35282772533,-0.24186467911,-1.33967630478,0.21543991755,-0.00958495918,-1.22657002521,-0.70795876543,0.13205636665,-0.20265085146
0.98721598365,-0.00413639609,0.53273781413,-1.03883668378,-0.52639078708,-0.92043501171,0.53676391106,-0.26068279808,0.72667108976,-0.54560448500,0.57550948664,-0.18599219834
1.10827388320,-0.03649449209,-0.60723555282,0.40066775285,0.01022653529,0.29225715807,0.61196758919,0.80110961755,0.43870339780,-1.17365610353,-2.01933740149,0.57420083915
-1.11457655619,1.68956667649,1.06321254358,1.87842766511,0.52215815765,0.80152822332,-0.97012290203,0.50847871687,1.35355972965,1.50751524301,-0.30663038168,0.58873467354
-0.58166187715,-0.88238304400,-0.43118139271,-0.84845118959,2.09674802036,0.56311809460,0.52820055533,-1.57895648506,0.63133071885,-0.21399768517,0.30747299916,-0.11738988296
-0.17104715409,-0.03062193005,0.44676651187,1.78482748725,0.39489093633,0.08857519140,-0.41126536999,0.06709342397,0.53940455836,0.09643205191,-0.23082865088,0.42977202402
-0.67972279434,0.79033904456,-0.43074120157,-1.28489865106,-0.19814325428,1.02419978637,-0.82138279418,1.03729948456,1.23220406609,1.31686818501,-1.02280737559,-0.67828371128
-0.87008080355,1.16129975456,0.36702870356,1.82836621461,0.70818054648,1.03115613210,-1.25964655644,0.42904293076,0.25428413099,-0.32191255876,-0.56809951924,0.52805455770
0.28011562029,-0.15231306077,1.65358359090,1.06932896931,1.09751801334,0.50920765341,-1.34441520687,-0.78825141363,0.47486483732,1.14081118266,0.29428924353,0.66885095965
-0.36686135700,-0.18978086617,-0.00251784577,-0.19392447099,0.19759883321,0.89395010238,-1.48135060553,0.13351708173,0.36070677560,-0.42289625096,-0.45078564769,-0.83044996888
-1.51240795662,1.42961633611,1.24029287762,0.99355156548,-0.14017716689,0.44729179321,-1.99226799030,0.59141785844,-0.12102320047,0.73699691263,0.38206457755,-0.47130516261
0.15003894714,0.56572266275,0.37231362204,1.28914263913,-0.50605031140,0.30429542839,1.11546885901,-0.71548526110,1.11446374548,0.89693281884,-0.34255395391,0.13378278450
-0.93882025347,0.00235701846,1.19956463778,1.62406423118,-0.00332897717,-1.35356669066,0.01164574850,-0.60627068142,-0.16975574013,-0.17664279906,1.63358077197,-0.36017261625
-0.16570561245,-1.18251099212,-1.86245464037,0.95975632804,-0.00943868628,-0.07278021544,-0.54069174891,2.12906315197,-0.17579579001,0.23328900479,-0.99700497990,0.33723273099
0.71396192472,0.09640225190,0.56857421959,0.64110529251,-0.50908666481,0.33692757090,-0.79783019390,-0.40410859050,0.35546398983,0.05083677994,0.52191881601,0.09836812795
-1.77996796078,-0.77018720322,0.76573490005,0.54875365545,0.72696912377,-1.78110221885,1.62401300786,-1.30438493288,-1.05095392001,0.85317326457,1.32719995796,-0.86561315759
1.32354625179,-0.03476044368,0.28505103048,0.44714991068,-1.14175516373,0.49007354828,-0.00442251979,-0.28756932908,0.34013240097,0.34142248716,-0.53446000395,0.05377983726
-0.68891953060,0.62027405070,-1.47538395960,-0.06242231481,-1.77313180755,-0.15623189910,0.79229727792,-0.21099194009,-0.24863759586,-0.71435146698,1.45735391183,-1.36095687100
-0.95420208695,-0.52391489096,-0.63552053187,-0.01357671015,-0.05012935947,-0.42895265601,-0.15558932982,0.43647781205,-0.30780190592,-0.54034516062,0.17932047330,-0.96069090087
0.38189344094,-0.83922175790,-0.51886913414,0.01368283750,-0.51242479936,0.08664474483,0.47518829328,0.76874468211,0.52486462639,1.63636116676,-1.35529216332,0.03778319324
0.09153510370,-0.20967492663,0.23128224108,0.20200565180,-0.88004979514,0.37646211028,-0.06292093646,-0.82325879097,-0.73023482719,-0.77790414190,-0.15176717307,-1.10043751805
-1.34874324948,-0.80402821056,0.78510878452,0.82371682084,0.56250432330,0.48973071287,-0.09152245557,-1.39897164896,0.06888305908,1.98162432139,0.10527038164,-1.15742879665
1.04870276435,0.37544002771,0.56657043322,0.17936391497,0.86637880949,-0.93462975194,1.15162309181,-0.01250681190,1.05483621453,-1.04347002618,-0.15284538583,1.20350991350
1.53434664010,-0.11711211333,0.40729260884,-1.82629265571,-1.03808822768,-1.37271888571,1.22354220711,1.21971864112,-0.26436384620,-0.36796951815,-1.78667760227,-0.14684770168
-1.17163109177,0.38868138193,1.09918019292,0.78343835932,-0.85613824777,-0.77045426972,-0.37530996227,-0.08832395388,-0.08538374255,0.72914268863,0.95647035283,-1.10902915127
-0.71423129952,1.36404577722,-0.28944473585,0.96999783638,0.14617174652,1.27281570927,-1.06753850103,0.21398691991,0.07971477826,-0.99631694749,-0.27930833548,0.02318735103
0.40725476429,0.84550272119,-0.13906222962,-1.34411521275,1.18306926459,-0.10149142530,-0.69031531047,1.17182693027,1.10609871461,-0.54713450883,-0.06564840160,1.04738054309
-0.77383072443,-0.95653895543,0.23182234241,0.31869468643,0.54169993674,-0.10917757251,-1.21412181420,0.37889987653,-1.66730877461,-0.17175301525,-0.29260830747,-0.39741485285
0.28675941618,-0.37499419983,-0.41431430508,0.77685282422,-0.79337394837,0.30405312339,0.80592115296,-1.43581489166,0.11584593700,-0.05966138272,0.89914631946,-0.50261564694
-1.65289158685,-0.43286197416,-0.01153807448,-1.14117713503,1.21038626333,-1.04865037849,-0.53443178586,0.58795025170,0.33627194759,0.95405333564,1.10031380636,-0.65534896394
-0.59977357592,-0.91789465547,0.65490110559,-1.18690187729,1.47664807480,-0.52415153614,-1.02962061853,-0.39665077636,0.18537366066,0.98049639550,1.32489884285,-0.06437661204
0.26511044173,1.11115805998,0.73795278124,0.15199188754,-0.54697200175,-0.34176970887,-0.89766136292,0.86644290203,0.85868986965,0.02878789765,0.40050626174,0.29604233974
0.53240396079,0.55531172192,0.93873949102,0.98359964790,-0.44603249277,-0.95837618558,-0.66674272015,0.98980203113,1.33725012794,0.45293635338,0.68730442083,0.76495669969
-2.18129432087,1.59410045613,-1.45716621359,-0.88711563858,0.53733080132,-0.12662135266,0.66135933564,2.15104507981,1.13711314939,0.92264891718,-1.04532919351,-0.61835707110
0.11370042072,-0.17165825387,0.41289316350,0.07484120376,1.18046766999,0.57333488440,-0.31795172868,-0.75667296741,0.83746071153,-0.05486896475,-0.11204987028,0.29735791923
-0.41078921196,0.07508262381,-0.05395788111,0.77358637476,-0.16493225181,0.18725175302,0.38761770018,-0.52019002573,-0.00501879047,-0.16553639801,-0.08294677343,-0.35254986915
0.47237251309,-0.15857897808,-1.17576779528,0.11069064148,-0.89718732516,1.86248474421,-1.51967496679,0.58484224367,-0.41523085711,0.14609324780,-1.01351426574,-0.36271593872
0.39114442449,-0.72741867248,0.34514022950,-0.29261507499,0.97905792390,-0.44242487252,-0.56984812661,0.17975470546,0.18666907913,-0.05413190976,0.21085043321,0.59859519294
0.41230088313,-0.07645469109,0.18893618219,-0.87720689385,0.02555591177,-0.14783782811,-0.92293267309,0.22880866434,-0.25712620544,-1.17120914554,0.29328296669,-0.25464198709
0.99336148854,1.19457577137,0.76036045706,-1.74018463434,-0.59446818697,-0.84462773931,0.04487916113,1.53449720491,0.60409230525,0.11371743637,-0.90965851277,0.44278939512
0.20697342051,0.10145119439,-0.97563296799,1.41427818096,0.51699289602,0.05102657253,-0.83593292646,1.10379006607,-0.54557244241,-2.40818730617,-0.19686752941,0.76158781342
0.45359587361,-1.25277176350,-2.39633402941,-0.01899920016,0.48080565838,0.56235421847,0.41019343837,0.55031671626,-0.04462920239,-1.04875105678,-0.76540111242,0.24892773496
-0.06191801190,0.58493648834,0.82565110343,-0.20623605399,-0.52140374960,0.14046046272,-0.36032127847,-0.31593611221,0.45431172698,-0.14330821967,-0.01215486652,-0.70239458043
0.03350132576,0.33299189585,-0.62362951864,0.01827691399,0.31069869888,0.95707103249,-1.48486788341,0.98457425516,1.85002774432,1.21334361955,0.21699025030,0.62249137177
0.75296039407,0.56801359338,0.18779215239,0.44667449319,0.00783099171,-0.80406733970,-0.42421544108,0.70873432149,0.69862338035,-1.18799566676,0.88413879551,0.83216585866
-2.16651146149,-1.47334264496,-1.82653859685,-0.25317486251,1.47425113541,-0.15696504369,-1.14137479353,1.09160117106,-0.48180012878,-0.26212520538,0.57318070456,-1.13342188467
-1.60951981998,0.96912257755,0.28074922716,0.80428894573,0.05501454055,0.04090710634,0.26990525716,0.67965043106,0.64257155695,1.35773761524,-0.80303988005,-0.50190248601
-0.26087150661,-0.69436640402,0.25954825410,0.25831730567,0.61466138381,0.33767792926,0.27139102143,-1.61485772251,-0.34562639338,-0.35842575515,0.40533417655,-0.54641754454
-0.71445040088,0.56353082300,-0.11524995530,-0.55038149631,0.89768406162,0.03387458575,0.01152157520,0.93068929431,0.55704505031,0.26277479141,-1.00355546108,0.22439431267
0.84399002427,-0.84071343204,0.17146029294,-0.31157145597,-0.44228603399,-0.04874977733,-0.66334089008,0.56464037138,-0.00528332046,0.05544704544,-0.87781439502,-0.23791547930
0.80794341371,0.11597037902,1.64129519980,-1.87296332780,1.13458447105,-0.79992312620,-0.96337262431,0.40629498965,0.98292859776,0.46064977305,0.14973428848,0.61918785471
1.18941351372,1.48533960571,1.48184174834,1.25926577578,-1.78878463850,0.18054884163,-0.64552277912,-0.26318325566,0.61627555657,0.17020943864,0.63423381460,0.25953686315
-0.04882474357,0.75435974924,1.41127370205,0.26761681330,0.28754706404,0.67303428585,-0.29437430926,0.42814158260,0.08446155744,1.11681531878,-2.22913099051,0.25334175520
-0.22367316255,-0.61026210347,1.12706320241,0.94072841719,0.61716247596,-0.67087007043,0.19882887188,-0.25576998634,0.13392341702,0.87789698744,-0.31223048742,0.17658317117
-0.02652045570,0.57787721706,-0.47222964644,-0.10786335528,-1.33143280431,0.77973396519,-0.67039658609,0.83062462469,0.64220876765,1.15683130829,-0.47379014352,-0.47039634573
1.25780874137,-1.03549683259,0.03317659669,0.28789511720,-0.12696000897,0.96766323065,-0.16936118554,-0.79038073782,1.20372404564,1.77366046801,-0.28697905994,0.28707111074
-1.07820570491,0.18331202793,-0.23055203059,0.69218266672,1.05730993742,0.19213458910,-0.18425698110,0.69673765025,0.67133095492,0.58143819529,-0.68061367985,0.28075662006
0.07843086063,0.94862198523,0.05453312976,0.14758117670,-0.56816929292,-0.06877459392,-0.21565378650,-0.51160707211,0.63925944117,-0.87955982455,1.57650703934,-0.21757525836
-0.27545033035,0.43778549635,1.02502491459,-0.07644250143,-0.76371692286,-0.62926501128,-0.55016510315,0.68465592378,0.79834206628,1.05213076250,0.06656233354,-0.51523010983
-0.40080363138,-1.47915457214,1.98439724272,1.19596943830,-0.00032580183,-0.93506152784,-0.16096456673,-1.23135421741,-0.62757535429,0.85925830135,0.17962761301,-1.08048301569
-0.36453830791,-0.24886190853,-0.10438608351,2.53170065470,0.62045124302,-0.16978859156,-0.14720014999,-0.51685726750,0.14939437021,-1.13521323079,0.82010746366,0.40567719740
0.20263728508,-1.43293514654,0.35797996958,-0.69767009403,1.34562533501,-0.28754209847,0.00097584184,-0.23173341865,-0.35370229945,0.42346524839,-0.73299804856,0.25340865701
-0.40504922895,-1.83449151818,1.01325744541,1.39070684489,1.69948807230,-1.57922660862,0.02847896785,-0.83934187337,-0.45217565019,0.32259119198,1.32595338264,0.58383598825
0.16037017543,-0.77507427172,0.69524668891,-1.20665504914,-1.23277683544,-1.10252708923,0.30046321061,1.25198828802,-1.38962865212,-0.14091403054,-2.29523716277,-1.54222262800
0.70804893799,0.18861554690,-0.62931508517,-0.32699515826,-0.24820007186,0.22110652951,0.92527986504,0.18531712414,-0.46820481483,-1.53896541410,-1.49634810378,0.01533760616
0.46492195607,0.03803159473,-0.28640510317,-1.41876192709,0.51921392240,0.83388516114,0.06440045953,0.40408937522,1.62522566176,1.25704002601,-1.25433870736,0.32406981778
-0.03781747001,-0.25320175241,-0.46829813519,-0.05559906826,0.48967865105,0.30468222009,0.35953796219,-0.02209307784,1.14670654194,0.97848550496,-0.19192620518,0.35171777000
-0.72946679018,0.63370051332,-0.06273290025,0.01526291578,-0.31419556697,0.50208192034,-1.12331504421,0.86672927733,-0.26295694430,-0.24780998645,-0.61834182211,-0.57944082506
-0.33551133144,0.88920704135,-0.37517891453,0.78433350722,0.60430137717,0.33519215202,2.47079201638,-1.96585366390,1.49084042682,-0.54997673457,0.40342891559,0.07149496005
-0.18327742832,0.23545684982,-0.66787586066,-0.43511248678,0.08490043780,-0.33070107902,1.39687492626,0.08361843908,0.23494688452,-1.41660091735,-0.96853719714,-0.47386921750
-1.72800905655,1.95823729266,-0.73239212160,-1.19683650554,1.12004922044,1.00042448910,-0.93238680412,1.35217802148,1.21831086540,-0.00647503146,-0.67325740515,-0.28893088874
0.28436385463,-1.10314793078,-1.65492572863,0.58897267202,-1.06399890496,0.92880525817,-0.59396902199,0.98222418041,0.26679074723,1.35401163123,-0.77477490133,-0.26074895100
1.48761439183,1.12058171333,-0.58510818261,-0.97018104705,-1.15656916139,0.20009614136,-0.62162775464,0.83373810940,0.66926794592,-1.44071566103,0.31947228977,0.20976149688
-0.86663843330,-0.93369617456,0.85677687133,0.98812354999,1.32091423921,-1.03378801337,-1.24436258026,0.97402200830,-0.15442672618,0.71285513090,0.13725803234,0.46151073371
-0.09985401548,-0.45542391331,-0.26522297377,0.31669931155,0.16466257282,-1.43638357421,-0.23404957760,1.15888323674,0.36842117878,0.10486649051,1.11783570161,0.55076042185
0.53611215342,0.27077722069,-0.48584619126,0.91134373583,-0.96046152572,1.24967765512,-0.16668592658,-0.92260933397,0.79422796570,-0.28180504465,0.21814221585,-0.43575013155
-0.55728598930,0.16426882195,0.24146642727,-0.03917206864,1.90576622518,0.67489045594,-0.96785634663,0.90718473398,-0.01530057068,-0.32894922834,-1.81929294633,0.65611278405
-0.60704096550,-0.25428157720,-0.44320787601,0.67537293553,0.19437383254,1.39930194863,-0.51937540477,-0.56362711406,0.22322788858,0.73686833672,-0.54097301244,-0.53450490582
0.01071020309,0.35482650611,0.81819933230,2.13263120784,0.26239149707,-0.21454215026,-1.02479220593,0.29746036384,0.54069083867,-0.58425791726,0.42575329633,0.64711467594
-0.12590546772,0.66223545289,0.37709947684,-2.50923039813,0.86882268403,-0.31654893979,-0.35991204074,0.76592200538,1.54355091678,1.27001162366,0.01935600345,0.14489938764
0.45271068599,0.00855218129,1.87788370626,0.52725877828,-0.52925040197,-0.72903893868,-0.35693280397,-0.66343933896,0.18881277360,0.65449664745,0.76844498422,-0.16185757539
0.71262667209,-1.05101903716,-0.91184763706,-1.13058249246,0.29776470201,-0.62166807033,1.37784064146,-0.62230294419,1.00819518579,-0.86108768181,0.37619849507,-0.24556041159
-0.21693117964,-0.33965123090,0.92518932519,-1.08350833494,0.24605630191,-0.54894881973,0.74425904432,-0.28784536622,-0.99029442950,-0.43485064913,-1.39317342625,-0.78816608629
0.01467001927,-0.49079852856,0.02747667278,0.79440981292,-0.12543062644,0.18384827345,-0.74601865425,0.00659527596,0.86664626963,0.20476510550,0.22663874271,-0.25988056448
0.25294040357,1.59007261907,1.01059170291,-1.10380547277,1.29966521625,-0.51159343164,-0.03733017770,0.92116560872,1.43404304300,-0.34176834741,-0.42194332586,1.11535632320
-0.50775606351,0.37906191028,0.61870740429,-0.21675412519,0.94613716371,-0.42246961104,1.00643425818,-1.10303447623,0.42040452473,0.07346721839,0.64402740296,0.12499356209
0.00478853121,-0.31599941892,-0.41542922069,-0.50550985211,0.98138274388,0.44356404919,1.04566674688,-0.39476241996,0.52853609720,0.00319060735,-1.28179975533,0.16909557598
-0.69389945726,0.89285648006,0.64948595082,0.18228885359,-0.15173370057,0.92334741041,-0.79109039300,-1.40637691759,0.55873206511,0.05310076736,1.36812091566,-0.94779418437
-0.62685521502,0.99172667114,-0.41547089032,-0.56286619929,-0.62690690569,1.64505330715,0.92653798280,-2.35048076335,0.41188763019,-0.77758945629,0.46473818279,-1.68948443694
0.88198684008,-0.56764214065,-0.56938505358,1.92796338336,0.45718875187,-0.32726709940,0.08554317366,0.64237882323,0.75874843318,-0.42343583388,-0.03315089549,1.41319075346
-0.33853399577,-0.37262442211,0.83730078130,-0.44146292192,-1.31995244305,-0.62482891989,-0.21647129069,-0.43528978127,-0.02916102249,1.18223928459,1.01802662957,-1.42399753692
0.25612984655,-0.00446054366,-0.07982403840,-1.61170657997,0.07412181846,1.03881123248,-1.99718686469,0.93660872255,0.63711818094,0.98474729377,-0.58409435541,-0.24919366260
0.33657229555,-0.46469092696,0.98890176391,1.59781853499,0.29213169731,0.09242317833,-0.22261099230,-0.96377974184,0.47718960184,0.79790815748,0.40129630558,0.33104556011
1.18849201592,-0.36850093987,0.73890968814,-1.04860221809,-0.29302208335,-1.08028715719,0.55389777764,-0.41228611985,-1.06727752793,-1.13899677278,0.35102510840,0.13492324017
1.01848020886,0.16334540414,2.33398029996,-0.06978126602,0.43552661073,-0.50268622634,0.85589865046,-1.48577445634,0.48462489800,0.84961910938,-0.06269695184,0.44598986631
-0.53231756979,1.89325774858,0.65497876908,-0.33062645962,-0.27451690366,1.10906799161,1.48644375062,-2.00578163889,0.40286137903,-0.82656141092,-0.38094218962,-0.90746424241
0.08890626051,-0.15140690458,0.22207623592,-0.75999796195,-0.73175970091,-0.92097033631,0.97355295402,0.34333195715,0.71046449303,0.78742224613,-0.37223065823,-0.57271518686
-0.50420887487,0.33249261410,0.28327657770,-0.40999619261,-0.99465854843,-0.09884491234,0.30999842031,-0.30674320495,0.30453025843,0.89472350697,0.29546527832,-1.05501838003
0.37272786330,-0.14702190747,0.57087455921,-0.98252177533,-0.22621229622,-1.13536711806,0.23953373278,1.39932223634,-0.94763156058,-0.20878129115,-1.57732504543,-0.04253968606
0.10470798884,1.16777527799,0.34973837447,0.14584403676,-0.77575120686,0.89794537852,0.78527848025,-1.76265844632,0.18409551652,-0.88805080544,0.38620264463,-0.72464621312
0.22024272670,0.16707764896,0.41892729524,-0.87203207395,1.14256293487,-0.61099349633,-0.05719272009,-0.31537213019,0.67007841322,-0.79818000483,0.99526408200,0.51640380145
-0.46571514302,0.13047105086,0.67206161753,1.67277207702,1.22145197709,-0.83471337138,-0.23561127376,0.35746695679,1.21478505084,0.75600301609,0.92816450164,1.16061531365
0.26400548539,0.42487422815,-0.31773220889,-1.14469271625,0.11087387526,-0.04260758918,-0.13914672920,0.44545574723,0.89165344100,-0.22948707916,0.10328669856,0.08134752969
0.20740457948,-1.05797610546,0.41726346294,1.24654293163,0.94608404272,-0.66477327752,-0.70907548775,-0.35767106578,1.47288276993,0.71138227768,1.70727481582,0.67853904271
0.27049771512,-0.22778797634,-0.22908513066,-1.02745792105,-0.49717779832,-0.39782309195,0.11231500358,0.49747261152,0.36576961297,-0.02742540280,-0.26860975708,-0.48781465088
-0.24228618567,0.80005132931,-0.48901526710,-1.98338374294,-0.79699707351,1.37617993883,-0.52143189817,-0.00640877827,1.23356720582,0.73844179065,-0.51451419886,-1.34406296080
-0.11686517241,0.42836547725,0.80366871692,-1.23304326333,0.28213490807,-0.64905383736,0.37418921523,0.07957554426,0.84876987277,0.51279942409,-0.07506293841,-0.16973505692
0.14785548066,0.53239776344,-1.64000488210,0.54518739351,-0.78595606769,-0.90269130781,0.52337159310,2.45858653486,-0.29920444452,-1.66080540903,-0.98301798704,0.20161033535
-1.00327307232,-0.69831327548,-0.34366103380,-0.86271808770,1.42716729509,1.26000760604,-1.61993533515,-0.11688358513,0.85551604675,1.47124800760,-0.02082303168,-0.48292337634
1.64836298010,-2.83953583155,-1.33155864884,-0.10068908609,0.68435796371,-0.21256078769,-1.01453558944,0.97575199288,-0.21733264436,-0.29120082560,-0.23612528742,0.70941243140
-0.24221607761,-1.26551938287,-0.87998326473,0.20900251409,0.88678860769,-0.21819804618,-0.52453712707,0.95773115578,0.14897995104,-0.66005026145,-0.70684244819,-0.06018353974
-0.09897625721,0.56832765393,0.41506560189,-0.59671991176,0.05115222152,-0.79933248863,1.17237981680,-0.41226838169,1.13505387214,-0.03433180367,0.46375898427,-0.19769095742
1.10636451685,0.41660061090,-0.66787671589,1.21363448455,0.08917374564,1.01859711174,-1.71671997866,0.91682778454,0.66702489629,-0.89391209622,0.07684791755,1.22293857287
-0.31252212521,-0.83165007858,-1.43812421204,-1.64856251322,0.47080579349,-1.23666563117,0.96309573018,-0.17685869864,1.24044143991,-0.53660592956,2.09162001032,-0.65248289077
-0.04537484210,-1.38881695321,-0.47124664428,0.14676057040,-0.82125636318,-1.27951945262,0.54793364487,0.56694543046,1.40810991547,1.42744193042,0.72067145018,-0.70641534132
-0.36461841603,1.46344920519,1.09300990759,0.36608585505,-0.47840080252,0.89792874941,-0.03058315202,-0.55313987981,1.97667727281,2.29122497372,0.07964370332,-0.21520081782
0.31142689421,0.01246177988,0.59640982789,-0.63347423742,-0.70544932768,0.15461939676,-0.52693119435,0.00412741599,0.52537427932,0.02186224199,-0.46134289558,-0.86554612303
1.09142351195,-1.12607936370,2.38072207122,-0.08418748124,0.87920346313,0.59620627680,-0.30104269318,-1.50798976629,-0.69884315906,1.36704648619,-1.84443938822,-0.13081531794
-0.52853585488,-0.27613121902,0.70483036738,0.01513395616,-1.41960814771,-0.69088894139,0.37352346995,-0.69266012671,-0.66730465810,0.71770428829,0.83053818019,-1.46792626110
1.22663105996,-1.19273408885,-0.09794527013,-1.58610064707,-0.44942709540,-1.34633870148,0.70777312512,0.27292209275,-0.22764529139,-0.29487239036,0.20051259440,-0.12723910037
0.56861106521,-1.12812802353,-0.50641785312,0.27965401378,-0.67266188906,0.22797902826,-0.83753461090,-0.53893202067,-0.49076518748,-0.53524390518,1.09686430684,-0.54149609259
0.16117984136,0.45166497797,0.37036198055,0.22649282218,-0.66215425445,0.16929953477,-1.10771913729,0.33185457115,0.91302112474,0.15302668032,0.50217175873,-0.27694094877
-1.73323824147,1.74042875054,0.24385163153,-0.01510989967,0.69545631545,0.37920711556,0.64476129596,-0.56183866083,1.10171365636,0.26689580566,0.25508744285,-0.56774484656
0.02436968883,0.40286624988,0.68754812976,0.00145278673,-0.86436243016,0.22543292120,0.01848094760,-0.86165046991,0.05229069283,-0.18359771873,0.25341620658,-0.89774173011
-0.98995367528,1.31508439068,-0.88763512868,-0.60602262526,0.16542627183,0.60703075918,-0.22183583613,0.16202246761,0.32945065458,-1.06144983603,0.41406823839,-0.47569628173
0.67171233812,0.04735588870,0.61173363964,0.74241024750,-0.45809656887,0.34598698989,0.00731042031,-0.27835909679,0.26581432002,0.46655507252,-0.66506029515,0.16166758687
-0.29584503661,0.88491577806,0.23350790997,-0.05886806712,-1.01087387339,1.23514418338,-1.63926445068,-0.66658704369,-1.04190831567,-1.60207820084,0.61858673717,-1.37703947709
1.46955753320,-3.02299424282,-0.40283157725,-1.81718602506,-0.41215762813,-0.88959134511,0.65574703199,-0.03710702428,0.03560285998,0.41381868210,-0.84949831912,-1.04111732881
-0.78235741844,0.11641693486,0.21571336858,1.64117711639,-0.25790471817,-0.78763576290,-0.61053039359,0.51839548832,-0.26598402849,-0.61001821478,0.87426694298,-0.12716857573
0.23680097742,-0.94963750227,-0.13524637389,-0.91798550795,0.45268361818,-0.48270713487,1.37985142674,-0.72360970285,-0.47014718194,-1.08623377642,-0.86507059772,-0.56976617730
-0.61025788748,-0.82437168361,0.34921584775,-0.48272455699,2.03876122252,-0.05132714816,-0.48458346280,-0.85465263357,0.03629109503,-0.62573493736,0.44763893148,-0.00506864143
1.43486500071,-1.39571925427,-0.16826364477,-0.46403649524,-0.73837079934,-0.85054852539,-0.73243649103,1.23490637110,0.80111230602,0.33699743879,-0.11905647819,0.05689172834
0.08466571910,-0.75213067423,-1.27970142321,0.14713831122,-0.81128542496,0.99663683923,-1.48186398823,0.12525992097,-0.17828726156,-0.68185113262,0.59421818942,-0.95326526105
-0.86138858241,2.21657890441,-0.03837028475,-0.63892519366,-0.85695562785,0.11263027164,-0.24560497078,0.83101091825,1.25747636273,-0.03001892047,0.32582722181,-0.68068504532
0.84449699014,-1.39513654205,-0.45801751244,0.36888802461,-0.34680237761,-0.30312490018,0.43349787688,-0.66727615394,1.31669453550,0.97619778496,1.05042902097,0.02567728762
-0.94590737405,0.73838076543,-0.65165671752,0.84344344364,0.13669640367,0.83690089551,1.32128324212,-0.16568109008,0.34336492855,0.06972928446,-1.64829181720,-0.33842250499
-0.00236702441,-1.07123322394,-1.11461248972,0.02857911113,-0.49324400134,-0.37179397471,-0.86414371044,0.98668529768,0.67133017227,0.16199365495,0.81913865160,-0.41604220969
-0.34950723911,-1.15797384026,0.36282794235,1.15456343442,0.53069531417,-0.61656008428,-0.39576282012,-0.14970063110,-0.02678187783,0.18354647039,0.40225086585,-0.05237001640
-0.54006834356,0.09030045351,0.70701164704,1.34652302773,1.48972367652,-0.14056665388,0.12879064180,-1.19688458832,0.28024130380,-1.51046651986,0.53764757522,0.16769543357
0.08774730838,0.40499682949,-0.28658654062,-0.47310636343,-0.46863294540,0.62548583324,0.64848248952,-0.93576429974,0.63510694489,-0.06537506740,0.12874548734,-0.53480077237
-1.73999092174,0.18673871111,0.00487097576,0.81273926725,1.12277172657,-1.10573305656,-1.37048193493,0.72765582094,0.97115369050,0.43145148594,2.64155957005,0.05265752706
