0.81880302697,0.26099419411,0.57688311558,-0.29263376620,0.28724116114,-0.67790714846,1.75049921185,-0.22200951363,-0.43432862937,-0.79843066144,-0.99930662325,-0.02949520846
0.79273916284,0.37156610948,0.31176283051,0.28460123789,-0.77983099246,0.35900340389,2.38248453668,-1.75429688938,-0.57352499093,0.96096803516,0.02980438579,-0.20048888968
1.06356373580,0.91982373398,-0.33024637150,-1.10031213358,1.26380505427,1.60213152329,-2.09464561026,0.25255099572,1.18627677249,2.48719145496,0.14985450331,2.08225513885
0.22083065975,-0.38720665459,1.21169223572,0.14781617430,-1.78556026296,0.01621345631,0.42907147671,-0.73203144635,-1.00484439049,0.60791614675,-0.62399960537,-1.31597847916
0.82018151124,1.64989244015,0.60592612972,1.06944971369,0.26380608990,0.05980851045,1.17277050067,-0.90075352244,1.39794266725,-1.45508250287,0.89784806609,0.31647457480
-1.68586056146,-0.09593600708,-0.56913881038,-0.10297425110,0.32545287234,-0.36187183414,0.77648537303,0.70545876220,-1.19971116390,1.55720721392,-0.08071158005,0.04044562396
0.83372957617,-0.78089021564,0.56436112651,0.30853199075,1.36963687432,0.06121499091,-0.05200922142,-0.17098336287,0.34718635645,1.32600546005,-0.30508619289,1.41372715777
-0.76854453721,-0.86803119112,0.88862962926,0.48861517767,0.25488449579,-0.60664572122,1.14016574142,-0.56568454922,1.05903343549,1.27152455421,-0.66011755521,-1.80895446585
-0.04288852970,-0.06091069489,0.24863012864,0.31827338456,-0.44416095751,-0.39215750794,-0.03256735516,-0.77267575765,-1.27596748931,-0.19888794465,1.25613375575,0.55829265044
-0.49238724870,1.21947961312,0.71869824592,0.60926256379,0.38610095332,0.75784515905,-1.81767660988,-0.06544740222,0.15844535041,-0.35473144321,1.05599548639,0.02721856503
0.92195370415,0.36756559242,-0.13263661675,0.59136426698,-1.07870360052,2.08788163086,-1.17340717056,-0.90060158956,0.67385383117,-0.44546372579,-0.96601435613,-0.28681422931
-0.29163173275,0.71078018202,-0.99786624950,0.69178375745,-0.81740338705,0.19817684274,0.22699096497,0.32326365023,0.47526200000,0.46988500184,0.34431102614,0.59007604029
0.83146208907,-0.16011464811,-0.02230473532,-0.06908824090,-0.66133529446,-0.35626715789,0.87724701615,0.07732597206,-0.01896347374,-0.10686782928,-0.59428228409,0.00821075116
0.89842462021,0.25620166067,-0.71020070846,1.38795930196,-0.00289691565,-0.08296209030,1.33849960543,-1.37246511433,-0.33557706982,-1.38991075352,-0.18350406584,0.41994168742
1.82254009549,-2.87071718934,-0.81967622666,-0.16108555980,0.95095654454,0.27127387504,-2.07197996623,0.16434834948,0.18847834174,-1.58249979124,0.85596881262,0.54615806081
-1.63677370093,2.02110136721,-1.06241616507,-1.68811902333,0.57655643433,0.42451005122,0.26847181783,0.10636714232,1.19755363045,-0.27315025207,-0.16133834813,-0.20935496116
0.02177630229,-0.66665216146,0.07515913936,1.16965143961,-0.96072956477,-0.57140491560,-0.43032546352,-0.40261269197,-0.51109890450,0.19763438850,1.11553361166,-0.06607708545
-2.17122449931,1.46755771637,0.06309320237,-0.17954441021,1.88237064113,-0.04679125432,0.70818193957,0.71498422246,0.75214166973,0.97148997584,-1.14552955858,0.35403275802
-0.54044982714,0.29282490977,-0.02157891547,-1.35518319838,0.08783721464,-0.23482181089,1.03377338904,-1.15186159667,-1.62321258489,-1.50661594339,0.09094350738,-0.30514865561
-0.56499800824,0.06766225908,1.21583256398,-1.42373456323,0.76822531380,-1.25621624543,0.39160022859,0.26024781570,-0.47040668753,-0.82864186573,-0.60464700724,-0.57404390613
-0.28253347140,0.29941701427,0.28215392615,0.09040893456,-1.91573511804,-1.00208472984,-0.01683196227,0.36707847464,0.18495839425,1.32609690658,1.28123184958,-0.06552749643
1.26504888904,0.27296845523,-0.85066549578,0.92402140867,0.18496685920,1.67485194497,-2.18960406331,0.78300843819,-0.22852938246,-0.55436191897,0.61307477769,1.10697821266
0.06134362770,-0.62944420934,-0.21333889340,-0.68860931359,0.82664852366,-0.77813611274,2.09135765422,0.39470648934,1.25959578756,1.88079404722,-1.51767058607,0.17163757246
1.24357631624,-0.03338760733,1.80744615402,-0.10358565004,0.29566770898,-0.32201406332,-0.22479944152,0.00126601089,0.03630408971,2.83449716500,0.03934668887,1.65828091679
0.66800395897,-1.67297289358,-0.61127957270,0.36023700483,-0.71545291763,0.80905458862,-0.23509499115,-1.72248297616,-0.24073630797,-0.73685465972,0.89620493752,-1.52754032676
-0.73020264552,0.21349502148,-0.43776142649,0.16261641133,-0.83338511744,0.04710799459,0.56521480384,0.92408053071,-0.29019085008,0.84835085434,-1.18274079919,-0.26621882122
-0.63620103280,1.66684732368,-0.69044925853,-0.36053384350,0.13231726239,0.78039106037,-0.88886460147,-0.24649261915,-0.09167321807,-0.79082017969,1.37133561590,0.33294350807
-0.27451907152,-0.44329927606,0.93132785904,0.54796242926,1.58809140717,1.79489577653,-0.89883299112,-1.39396488923,-1.26546293377,-0.81494166744,-1.13710033194,-0.21151671076
-0.02159219777,0.28076215835,-0.09312439499,-0.13872672503,-0.54274415501,1.00230699786,-1.00847579098,0.07778273814,2.53880218193,0.71666047269,-0.79061467435,-0.28274095507
-0.81849268229,-0.13661130434,-0.39712331626,0.93797280709,0.51026752396,-0.12818282301,1.16376301984,-0.74711916206,-0.56808555272,-0.41323336044,-0.92284136784,-0.17755479567
-0.27645386098,1.37919033785,-1.33105472307,-2.25769873693,-0.83876719708,1.60880218141,-0.12702743314,-1.13980313281,0.67680699731,-0.97140149821,0.45297311994,-1.06072172805
-1.58468711282,-0.48895169897,0.46977514392,0.24612045422,0.76296741586,-0.73291241129,0.40006753502,-1.17648325533,0.24792191034,0.42402511960,0.89482994982,-1.07519143199
-0.71612613032,1.15950126738,-0.27399251104,1.54824459434,0.76514225190,0.20447073372,-0.47569995373,1.16885886922,0.46898145687,-0.75968706660,-0.59784549145,0.74239015568
-0.50155011196,-0.48960111436,0.73602954669,0.51403066115,0.93943970943,0.13631125936,-0.29198295507,-0.74823221507,0.08656890559,-0.45065054557,-0.81761092410,-0.11075606292
-0.58201633178,1.23746526191,0.36834379050,0.34597620294,-1.07262789200,-0.68004296105,1.54154905402,0.07096243815,0.15583318369,0.54690419066,0.23336415257,0.01731846806
0.47849657070,-0.76393414068,-0.23636662857,-1.36250772837,0.55758686168,1.56965321999,-0.16247660365,-2.79588245092,0.53973845631,-2.58709644854,0.60102485095,-1.20726441173
-1.47122206313,1.99067688745,-1.34677591154,0.78187328406,0.20120536800,0.91773467874,1.00023993339,-1.21448650198,-1.38175054620,-1.19427551482,0.72111301756,0.16400327159
-0.77188961259,1.03955222525,0.57272868539,-0.28268945396,0.51008938266,0.30292875934,1.40695248361,-1.55289815135,-1.43788576140,0.04805847624,0.35351051178,0.65512327226
0.29634569920,-0.21777568204,0.31977102907,-0.29923510960,-1.00206583107,-0.28713488192,-1.39472635617,0.98016268806,1.14722770337,1.55469950129,0.32727785054,-0.08175125572
1.72921238455,-0.07960212114,-1.66620978485,-0.27373409312,-0.66399266384,-0.31826583606,0.59151880822,0.33433901268,1.73327771702,-1.74540082780,0.73827785193,0.20986567958
1.85991447759,-1.29367119974,-1.89130007546,-0.21433175254,-0.37582687230,0.94073837296,0.79734396759,-2.99722135467,0.81866467864,-2.05181544251,2.02866344022,-0.88323310803
-0.03017346754,-0.67712808873,0.02072873442,0.16857078527,0.05905236067,0.61787336136,-1.01213412588,0.27738134463,-0.81381153972,2.51715294535,0.16192078457,0.37057210903
1.51649003786,-0.46292676638,-0.08933463768,0.45640433712,-2.52509532484,-0.93810592473,0.74021601155,0.93341202292,-1.14719897834,-0.92331050906,-0.61189653152,-0.55647095181
0.59645564764,-2.26412205477,1.25560748659,-0.06297654453,2.47012206406,0.87805259481,-0.63178840572,-1.67837665688,-0.52398131136,-0.26682535594,-1.84925930901,-0.52106174985
1.09951658109,-1.02473716055,-1.73612987657,0.67263611669,-1.08264150555,1.08932971554,-0.22073857504,-1.42087823905,0.79563062791,1.12943502268,1.31756198765,-0.28835280413
-0.08688067317,-0.52960819109,-1.38541619520,-0.36623991662,0.97525341387,-1.27688497939,1.72003100621,0.24500631388,0.37104418420,-0.05946223708,0.39686511100,0.71005547285
-0.97755886191,0.00485370463,-2.15685609041,-0.25359337002,-0.39951243458,1.22928712444,-1.09616849831,0.20163697611,1.26073639964,0.10894311929,0.67314572331,-0.36515092553
0.49753563453,-2.79386633202,-1.00628867078,1.43433026767,1.02271804114,-0.17057898401,0.61536409914,-2.10184021393,-0.27952557941,0.14490893352,0.85799906728,-0.49790809009
0.47642620368,0.71954874470,-2.50214427237,-0.53827135292,-1.25260681814,1.02651712136,1.21163451068,1.29519620671,-0.43024016904,0.90922367116,-1.02356857259,-0.14947782050
0.58379155216,-0.55471051411,-0.60101639877,0.81271465290,0.85218288074,-0.12205417605,0.61545496004,-0.88094716576,0.96393041001,0.12691518728,0.42955106632,0.83578131215
0.60695656002,0.72070660901,0.56630952361,-1.00882018991,-0.87577635895,0.28037918349,1.24149997466,-0.70776249971,0.68100716230,0.89244782512,-0.50161001615,-0.50350526021
-1.61004361658,0.49557801704,0.24365485334,0.72238376283,0.92219349554,-0.09408345751,-0.98961071464,-0.11697467190,1.02124441223,-0.95340798729,0.17959458131,-0.36147386200
-0.28112646682,0.65022190025,0.45125777129,-0.33551338577,-0.49153322886,1.10425628343,-0.00956188685,-1.34505045930,-0.99575946129,0.92686216975,-0.04999524728,-0.53364663773
-0.66460006089,2.95854173486,0.82983958125,-1.34306788030,0.07914492679,0.58214012922,-1.77817216805,-0.01904257863,0.70734973751,0.56109946094,0.92490512016,-0.30630412826
-0.79838209999,0.74219926170,0.75812156447,-1.56697096185,-0.98662258905,-1.42621033667,0.50629610915,0.86788906123,-1.41461028949,1.48497575781,0.27049790651,-0.12391959167
0.79987431768,0.18423181820,1.43228107794,-0.41330495157,-0.43535854713,-0.21395267363,-0.63001190630,0.37707359614,-1.62895213564,1.63956162132,0.16897315280,0.76814321135
-0.13341921789,1.13487206663,-0.24439404318,3.15722565243,0.58342189186,1.02254238942,0.52326576970,-1.40890102475,0.90055433505,-0.57822040107,-0.13627438812,-0.23643986930
0.23976502262,1.29229608435,0.86127078924,1.13638263435,-0.89137055213,0.43991115183,-1.35858086037,1.05081665304,-0.15086632825,-0.19354814759,0.08962642873,0.12316220793
0.70807658694,-0.36552438525,-0.00635980299,-0.01935950650,-0.01779161405,0.08322658519,-0.97542017704,1.46678408917,0.45716354107,1.65121143052,-0.94669263416,0.92214366885
2.43332203866,-0.51783075611,-0.42826937929,-1.26612924539,1.11749908809,0.25963968812,0.70052090413,0.09724419279,0.54536013167,-0.66901250923,-0.74646565618,1.53505765557
0.98593001488,0.37822823275,1.85557331075,1.14336021900,-0.25995804615,0.52919490600,0.21362081315,-0.62177365888,1.45861850462,0.22694219054,-1.47911464965,-0.72829809625
0.79625413567,0.07768961844,1.52419086053,-0.19804166061,0.27898343130,-0.44974306430,-1.08554801190,0.92360316455,0.11390966980,-1.15677455448,-1.20542591655,0.63544597428
0.62635467930,-1.19810123834,-2.75991869455,-0.62837896527,0.33013882100,0.66274272408,0.74252511424,-0.20690585457,-0.86477521388,0.02022367999,0.16907499694,0.19891174257
-1.76022180734,0.41179037753,-0.31260535034,-1.47821075926,0.34901081055,1.97004849234,0.21602304378,-0.83917524540,-0.08031177800,0.36531019839,-2.10962050074,-1.76917348181
0.01434247234,-0.38011356602,-0.06346731654,-0.43675339466,0.42039451674,1.17759655542,-1.38125892422,-0.92816992762,0.86917560933,0.83038941854,0.24969808350,-0.50628398694
0.89573403667,-0.00373917964,0.33887263017,-0.19365009311,-0.43662243800,-1.33995380721,0.11575928955,1.22362082399,1.62019893080,-0.24948543536,-0.22825021779,0.31329111380
1.15943906285,-1.24276719934,0.24375134675,-0.83225383894,0.20486415103,-1.82512172318,0.79951130447,-0.65747950399,-0.12471168335,-0.30171735412,1.58245462347,-0.25991326063
0.43747410982,0.17187270642,0.78474684560,0.40385654941,0.76064418105,-0.23939387047,1.09923600118,-1.21114588075,0.10639747579,-0.48683466636,0.17656528949,0.18691949614
0.15151019276,-0.93673067538,-0.82328883424,0.34865545620,-0.05547626012,-0.73521720229,-1.46185547758,2.37775158566,-0.46769657125,0.53455955809,-0.40010363184,0.31210743730
-0.34793318982,0.73674635910,0.92867633875,-2.73681440294,-0.79751994599,-0.33099490445,-0.33492080664,-1.35264391719,0.72046444811,-1.35549825597,1.21355074622,-2.25708730653
-1.22351127868,0.42255772563,-1.40156990475,0.89551688107,1.05635904421,-0.85075577273,-0.21348452438,1.36866255565,-0.31223011472,-1.77242301471,0.31587218875,0.52258987656
-1.51616684850,-0.85580668698,-0.58435994158,0.83821409661,1.11736890228,0.57760320837,-0.52319335649,-0.78429873695,0.37784017862,-1.52907010873,-0.93701470065,-0.50701493950
0.26938371581,0.22762280671,0.69176584740,1.17456334988,0.93934543248,0.28476453928,0.46371316575,-1.44491337421,0.28630999383,0.31818648365,0.56472382124,0.54868614717
-0.01437270423,-1.36635927632,0.29567172286,-0.59438550739,0.05686126638,0.04698166451,-0.44512449686,-0.16496902415,-0.25427720142,1.26812473569,-0.67146544343,-0.86113132457
-0.85591320520,0.35373121217,-0.49687182225,-0.08421147253,0.84902368627,0.82755443391,0.36928392718,-1.17919044606,-0.37785089658,0.60054504115,0.35969603945,0.42993016013
-0.23759705188,0.08360165419,-2.18373920452,0.23795058284,0.07118851095,0.17938604151,-0.18218240835,1.56616596753,1.48613698815,-1.37519856852,-0.64484628540,0.29730411462
0.11550542643,-0.59733692206,-1.46309350595,1.62340750775,-2.60409601999,-1.06931671679,1.01891177635,0.43757324640,-0.83067834387,0.27583169726,0.73209206684,-0.97721898848
-1.57673557593,0.29225211184,0.16640557953,-0.29724471058,1.94401922355,0.78959078558,-0.31603049805,-1.22457856878,-0.67005847567,0.25755906532,0.05537103178,0.55828946362
0.87775837404,0.81263900529,0.41756968546,0.19110089214,0.81187539602,1.27961102723,-1.47806320400,-0.66966234900,1.88727594419,-1.87171084233,0.69238869256,0.12777623244
-1.95858871149,2.61796000624,0.50874404596,0.14132910110,-0.51667520966,0.96888114603,1.10846567534,-0.55640700675,0.29029944486,1.04759780117,0.19089311858,-1.10733772580
0.66957093021,-1.48278666701,0.09056566475,0.26903247290,0.19316716667,-0.34417687667,0.66698410695,-0.33869476781,0.36664919332,1.17068366510,-0.17865099283,-0.11693522545
-1.79845653192,0.23186827752,0.24520685132,-0.15066065807,-1.09552922669,-0.67070918034,-1.98494772209,1.20269592050,1.01737912379,-0.11143202418,1.31318732513,-2.83710183181
2.49779000631,-0.74608230079,-0.01583191440,0.09480251369,-0.84712377636,-0.38209595317,0.49158318239,1.28187289547,0.02587756441,0.78724602785,-1.19921715097,1.03330462180
-0.94870379232,-0.47240720685,-2.58103270264,0.26049402792,0.75982960404,0.31379411911,0.16105111896,-0.04132795225,1.17809737276,-0.82209141065,0.73709013551,0.00165265747
-1.59818530890,-0.05306035026,0.72667954785,0.75639516631,0.19390336645,-1.38314779168,-0.71692810249,1.15955150320,1.46461114565,0.56359853953,-0.12346096710,-1.06519393417
1.29562906896,1.08844612745,0.14508092651,-0.41841916791,0.19058569756,-0.92087798840,-0.86348173213,1.51430771173,0.86628102704,-1.56383436944,0.88021955121,0.66765972322
-1.09397348064,0.51635584701,0.21882171263,0.76980139411,-0.24772696557,0.77152365032,-0.32050691111,-0.81574848048,-0.90387190906,0.85443310054,0.28431932174,-0.58065445965
1.06416397350,-0.28769096986,1.50224468242,0.00135370658,-0.96524701065,0.17589462598,0.28814367438,-1.46857051586,-0.86318823054,-0.84903978858,-0.17772268542,-0.77475654258
-1.76968251182,-0.09610170174,-0.10704247288,1.40823341308,1.82806997544,-0.97965445537,1.18191302508,0.04977917465,-0.64922010430,0.21440503630,-0.21408639439,0.95778093323
0.55218041664,1.97534005671,0.95485568980,2.08255935535,-0.26232084553,-0.08754912176,-0.05661339245,0.47917204615,0.89758110965,1.26468692942,1.14575730097,0.74326372020
-0.21624784056,-1.29602160760,-0.46478920076,-0.80017851840,-1.15272820698,-0.46341824032,-0.71492344274,-0.00837884997,-0.59894738319,0.08316137025,1.30749979057,-1.55794251402
0.11567998156,-0.05311660783,0.70977051123,1.20039970389,0.00551721110,0.13572217633,0.15894889612,-0.91197192449,-0.65440460371,-0.80383957124,-0.62687745501,0.04874815262
-0.46135298274,-0.37600857681,1.18433726103,0.13790360909,0.19862828038,-0.24911257852,-2.10321096322,0.64917330375,-0.19249283290,-0.99862989885,-0.13591890396,-0.35241152854
-0.18588116512,-0.71429265835,0.20794766945,0.79105241126,-1.36889520658,-0.03647213727,-0.68175934098,-0.39103213688,-1.90586756596,-0.02504590911,0.19700934800,-0.91131220093
-0.37819616627,0.94933313000,-0.14678335302,-0.07843910948,-0.78327473671,-0.21401268773,0.30602971491,0.57886814571,-1.31559459830,-0.69000101302,-0.13509053453,0.12511656842
-1.21145882680,-0.67354640601,0.26648661320,-1.78334757046,-0.28207415454,-0.28137302588,0.42589723210,-0.40421579679,-1.59989352466,-0.31966796542,-0.70452699166,-1.74762943517
-1.17252983547,0.61030199160,-1.04337033414,-0.20632120294,0.07945786050,0.99213667302,-0.92120146405,0.04593079404,-0.54408333688,-0.50371628167,0.21746416985,-0.20442069960
0.63363895425,-0.09229783238,1.39998227588,-1.00891787663,-0.72692608518,0.04115670730,-0.68845680848,0.17116998794,-0.45825304629,1.24053667534,-1.15400558111,-0.57403441060
0.02664337311,-0.99079227865,-0.72656663551,-0.51564148784,-0.55657242233,0.02074621360,0.15792002381,0.51409482479,-0.00049847955,2.27391618879,0.29237353853,0.17544006810
-0.23269765483,2.14891538909,-0.98207334348,-1.08168874277,-0.49436558627,0.64326648780,1.55705407313,0.51227151417,-0.11694106290,0.73101631568,-0.60766753664,0.43397219770
-1.08618197347,-0.36736550536,-0.63913188819,3.20959612844,-0.61048022967,-0.41128623007,1.24477847688,-0.29425613138,-0.81181385314,0.11704876924,-1.53185121433,-0.91355424101
-0.00161941163,1.05931004128,0.08355981485,-0.25694165483,-0.06907011946,0.60978035994,1.04684122603,-0.71096983004,0.66836499296,-0.07591741904,-0.38555428262,-0.01298134726
0.42805414790,0.61904837612,-1.24734236141,-0.24860708547,-0.42113661203,-0.45816055069,1.21200984552,0.21550136660,0.32759189070,-1.96650085328,-0.01915733140,0.03622246355
-0.44922785165,-0.26831619833,1.31368970243,1.54006497791,0.61234025008,0.73343755499,-2.12650665711,0.36126917906,-0.46715140935,0.37425084097,-0.88654939665,0.25621912658
0.42948488195,-0.03150294504,-0.12799502588,-1.06078183507,0.82663528062,0.19951866155,-0.24096875740,-0.47669258356,0.90275216309,-0.88701630048,0.34762608347,0.23323341742
-1.10745064502,0.17598358826,1.45387773914,-0.84023575907,-0.20429951156,-0.85257155415,-0.51126352542,-0.30001224354,1.26290002573,-0.19163868996,0.64430598051,-2.05932688034
-0.93776748359,-1.12468918681,0.73508741057,0.57675927651,0.54375058050,-1.26159056956,0.01876010957,0.32871303305,0.00665614235,0.95233857213,0.00636221673,-0.28078526640
1.64296042884,-1.09184188832,-0.67984359496,-0.72064462164,-1.36336168385,-0.67820145717,1.81207458795,0.33548038426,1.90094110411,1.10570136631,-1.41909478258,-0.70649981197
1.07636701467,-0.63976317509,0.36059905875,-0.07860945277,0.05804331931,-1.04639791876,-0.59893058129,0.39273602667,0.60217349620,-1.74714389682,0.81064582888,0.11044980230
0.73882160879,1.80553577220,1.00307926012,-0.08996921193,-0.23121810122,0.51115376165,1.32368569342,0.36360283320,0.21528970415,-1.11653744251,-2.22146113169,-0.07319143711
0.05128976367,0.91199860070,-0.60551747152,-0.37945890886,-1.19686008883,-0.55663954354,0.68106832931,-0.45438447182,-1.16766986414,0.14211005456,2.23805978112,1.31153986968
0.34439248430,-0.15638246957,1.88883412745,-1.26119351241,1.29726500211,-2.38805475584,1.00137758178,0.10592123245,-0.72106207833,1.45679143502,0.40668264755,1.13407045282
-1.01048786295,-0.06508492164,-0.41058619046,0.72947848282,0.99646071805,-0.50555260259,-0.37600132848,0.57689760057,1.70749858926,0.11238041110,0.15495536185,0.60777935231
0.31072143922,-0.04283910518,1.48738898691,-0.32187313650,-0.17078983187,-0.31159401754,-0.94610632123,-0.54032204154,-0.25315035770,-0.75618664316,0.89021351670,-0.26748601079
-0.49175656954,-1.52464944773,-1.92581847548,0.67608973770,0.14462854730,-0.86649735719,1.40258911190,0.12403579009,0.09366166416,0.61134684825,0.30439383878,-0.35160550302
0.02380853818,0.62362950096,-0.85661304184,0.13131154726,0.35989915094,0.64493977937,1.18657869971,-2.04048134970,-2.30755557214,-2.24212414827,-0.03178629284,0.15724006949
0.12566628987,0.26248661748,0.77982553840,0.10400712141,-0.23978918395,0.15772710758,-0.19348134120,0.93679533437,-0.51028543086,-0.25672138707,-2.23029534694,0.22764021200
0.52640399867,0.07804660547,2.01509497666,-0.96358669443,0.07548686153,-0.00668619330,-2.25094835109,0.50187872048,0.23588011803,0.09196801347,-0.28521070385,-0.32538785265
-0.32539502610,0.19532456867,0.45932095695,-1.26860382322,0.28456426381,-1.00269852218,1.12996887201,0.88560159454,-0.89014454376,0.11368318000,-1.15777998391,-0.23007504567
-0.28570427994,-0.25718969302,0.84552095470,-1.17660907137,2.21292158840,-0.06352362312,1.64412347885,-1.89563483674,0.46829006765,0.72571670666,-0.43473390910,0.06435886173
-0.45269587767,-1.10270683486,1.08560541472,-0.66754606758,0.48835396314,-0.72904576446,-0.45847726911,-0.50408388108,-1.08752032139,1.08454214413,0.40263438749,-0.20287077209
-0.02678597575,1.16879533530,1.11082196403,0.86601591585,-1.12004168985,-0.45672299743,0.09835240300,0.89007499136,1.05342906889,0.68256300940,-1.09170498740,-0.05863158833
0.93683450007,-0.77722298649,-0.19595630941,0.74027999763,0.38778579639,0.39207512372,0.58828321680,-0.92453964478,-1.14290373718,-0.80048359475,-1.49169917624,0.21779155251
-0.07069404934,0.05103741522,-1.15881563645,2.46581606705,-0.03168242155,0.19418880969,-0.19924741323,0.05670629592,-1.00044030977,0.16587862518,0.42967086073,0.56579530993
0.17906935665,1.09085229742,1.46156977996,-1.35633346739,0.90552047321,0.32862863594,-0.28652065345,-0.69765361132,-1.49230539294,0.41164864990,0.12778704830,1.05745054179
1.84451406866,-1.03236999080,0.35292701261,-1.37996362614,-0.83713386067,-0.22970426138,0.17318109543,0.44165152703,0.30384798622,-0.93241774056,-1.46040878868,-0.68457275997
-0.69538891141,-1.85146295749,0.61653568534,1.18237746058,0.55774704079,-0.55105417041,0.43451225694,-0.59011788648,2.29873345975,-0.60810430838,-0.64705314422,-2.09027718144
-0.47791402547,0.77779726170,-0.36480560098,0.51799272810,1.13270663609,-2.02865603083,1.72259559542,-0.40990724554,0.30863385081,-0.37805973142,1.98707113392,1.35069866034
0.42420408639,0.04084066150,-1.65391959378,-0.26704628446,0.28508099813,1.01637892244,-0.39001509679,0.48556049675,-0.70278200735,0.17092323523,0.00413656066,0.60692087592
-0.31821384329,-0.91696341002,0.07512187491,0.49865405156,0.11361308210,-0.27750229105,-0.37949365053,0.01559303685,-1.13715535412,1.19110752577,0.36589196226,0.46424560328
0.21296026313,-0.40695225653,-0.09020629778,2.65632933297,0.44537842797,0.51157212601,-0.12782103269,-0.30402914867,-0.62938979791,0.17631273246,-1.55391188241,0.68151002649
0.59185918587,0.73623652176,-0.80371402875,-1.07092796825,0.94455750276,-0.00852608335,0.32089601021,0.08729400181,0.63841187569,-1.71265066042,0.24326678882,0.86305390890
0.67420439488,-0.75726285544,-0.14129623003,0.54468787284,-1.40275508134,-0.05064413544,0.93976206195,-0.49237366510,-0.79345076599,0.56529804438,-0.47544393985,-0.71248739101
-0.53160288228,0.14261976048,0.69780502020,0.38499704839,-0.38668944203,-0.61464268758,0.19191102782,-0.05514984123,0.59901569844,2.20559800002,0.80732595485,-0.01492942415
-0.70532189893,0.44327329790,0.10117008260,-1.40027041368,-0.39534510928,-0.70806139611,0.27507817297,1.22423998415,-0.38217293657,0.73451199345,-0.95769010711,-0.38614041471
0.71955640019,0.80275347565,-0.73075040805,-0.80457428005,0.13381630602,0.02646711756,0.77131029576,-0.76158997723,0.28215823669,-1.23180994383,1.00131805724,0.65439104529
-1.06956617226,-0.38639717879,-2.15823150742,-0.12735647422,-0.19438191058,0.49141594058,-0.85867311410,1.87652193474,-0.90838073939,1.41179587037,0.09599528111,-0.42767323611
-0.00971545359,-1.12161772301,0.46142252000,-0.26794837545,0.52566464114,-0.25784232625,0.28130687179,-0.32099182547,0.18212039051,1.17468549045,-0.62360108388,-0.41108153194
-1.01679042591,0.17449682687,-0.41983763774,-0.08038588480,-0.09595803857,-0.44124155307,0.21550720928,0.37355695346,0.56489660809,0.94454479015,0.31948893838,-0.14376843446
0.05201926724,-0.26106147148,0.43613154925,-1.71893998456,0.83151525672,-0.16480822575,-1.37526334815,0.35870286475,-1.31026960436,1.09192025630,0.59714542576,1.01986656574
-0.78381781061,1.07634099818,0.37739958838,1.06742046167,-1.05016564859,-0.87869942847,1.11625753424,0.75005299925,0.29702935096,1.64869817116,0.07267043098,0.02882762688
-0.05513353378,-0.12745278298,-0.48746316445,1.04021661363,-0.35476893664,-0.64114613505,-1.35522978354,-0.11022173735,0.17463567069,0.73400342107,3.06002140351,0.91653785044
0.20414701258,-0.57688036403,-1.12505168205,1.16820001850,-0.91111304135,0.47149376836,0.75289220809,-0.66893361028,-0.33226870292,0.02275356221,-0.84772349152,-0.46218532070
-0.33876105277,0.27844349014,-1.09091004095,0.32942059089,0.25603337640,1.09858448350,0.73438599477,-1.61154374408,-0.26924622400,-0.76446258008,-0.08378349319,0.06782769125
-0.17676624669,0.26250145931,-1.03356921362,0.17477056666,1.09143005622,1.33054578629,-1.96533592414,0.31005239922,1.83008445773,0.09044334728,0.68404327057,0.83136222715
0.13769163734,-0.77911005407,-0.70167200795,1.72994374952,-0.93493530896,-2.17367040200,0.34710531276,1.04890719798,2.28377946008,-0.22707792633,1.20532387595,-0.40577427019
-0.02360769005,0.53700653211,1.38221690388,-0.59704612427,-0.76644134552,-0.82215944388,0.35792386548,-0.44312024325,0.03209100990,0.56548999235,0.62624358336,-0.31442072960
-0.25837545384,0.32342952264,0.14853959727,-1.24838654119,2.08057201078,-0.53436425722,-0.17964726939,0.71599840485,-0.67791432395,-1.11827075520,-0.48553291771,1.17666737465
-0.81864232968,0.35689518093,-0.07634269220,-0.07282931658,0.01649613344,-0.46631891498,-1.45648769597,1.43129334748,-0.37305133459,1.61576018553,0.87303390468,0.67803313443
-1.80156316951,1.22946397531,0.75555588608,-0.25735865990,1.27751211553,-0.28953040853,0.32582212556,0.33188825820,0.16368462007,-0.07661371512,-0.81948676464,0.06102477005
2.05997721159,0.23286545063,-1.43201051368,0.16007513005,0.63985046468,1.10786566120,1.35190225367,0.70767671676,-0.29183738661,0.79986069284,-0.40514507328,1.99232110885
0.79480917197,-0.57808523242,0.47321485295,0.75767483523,-0.29793553868,-1.28060493893,0.35268255341,-0.77718645333,0.69769268625,-0.12883487375,1.74421170732,0.21083345727
-1.15774823331,-0.14148921839,-0.74710275384,0.83358522429,0.41765437831,0.45315995360,0.65410636972,0.06586394411,-0.76416308563,1.08883756274,-0.72650632902,-0.31017191873
0.18877000571,-0.27880940110,1.05119055087,-0.17946858934,0.04764884393,-0.98409838400,0.38246859423,1.12915840866,-0.79277072781,0.80730794449,-1.33881278785,0.14372800668
0.56429225275,-1.67495740812,1.42857316055,1.42315505403,0.29666495125,0.25713716515,-0.72585407112,-0.86246010512,-0.89461342645,-0.27627964238,-2.07293078797,-0.35566267501
0.05173406267,-0.47043676273,0.00716420745,-1.37426288373,-0.78759023928,-0.65399266527,-1.27322469543,1.32297685118,0.14615451168,0.27063257666,0.07031183197,-0.74211385541
1.49891880550,-1.64102314155,-0.84570056506,-0.08256727138,-1.50638760328,0.98979928819,-0.95523354016,-1.04596514343,-2.03814412031,-0.58766685420,0.94596217200,-1.20916771068
0.53404705163,-1.27031832282,1.58990071970,-0.25841028965,0.29448586970,0.43666451389,-0.94946246507,-1.35004008885,-0.41733222402,0.14106606114,0.26756309827,-1.01672923225
0.67894952622,-0.15277092153,0.86398035725,-0.51171712466,0.19978972345,-1.34143427410,-0.13719107491,0.14896530841,-0.11559991527,-0.69585860289,1.05769150715,0.25582741006
0.08808049799,0.03349098568,-0.31857179745,0.18093197969,0.13146267505,0.50478963685,-1.12757169887,1.56709219707,0.91909856536,1.57645850159,-1.31582534211,0.88700838917
0.87170576078,0.29390168253,-0.07011588820,0.59465448762,-0.70394071282,-0.14152211910,1.16518601645,0.58565665801,-0.59247341746,1.26860161092,-0.60658587791,0.81572954264
-0.70893513795,0.28188529842,1.13840536731,-0.34600132958,0.46143195081,0.18622877992,-2.02527686590,0.36659648978,-0.31737987145,1.55137897882,0.51100148857,0.01599342961
0.07430701770,-1.02394296986,-0.44217512041,-0.22536283388,0.12033953035,-0.45736069327,0.18871101806,0.33453785306,-0.05847470890,0.09760833186,-0.40820982124,-0.20725844762
-1.75496225343,0.93283349982,2.38150248686,-0.10490512001,1.06922599958,-0.12077390036,-0.18683232130,-0.12038548425,0.15446992359,1.64439228782,-1.41567820001,-1.03793101464
0.55555845968,-0.80928750794,1.45986432525,-0.48458974431,-0.28923722299,-0.43297914206,-1.60080826306,1.01880236206,0.72403599589,0.47593273000,-0.94132865129,-0.35325049594
0.02705849176,-0.52576900739,1.63814066826,0.72524956674,0.49628624463,-1.32887430617,-0.68285576910,0.51467280183,0.92951739600,-0.86172928568,-0.32180318486,-0.03996855201
0.74932721170,-0.58724694449,-0.94188627211,0.22671291650,0.12919702571,0.79389998640,-0.10493469036,-0.12750170943,0.69329501981,0.47705548320,-0.43766338319,0.62031454327
0.14450177378,0.00677824448,0.79204877276,-0.24735884770,1.17231648529,-0.25355004324,-1.58992072344,0.12701657548,1.10538007015,0.03346525761,1.04403331325,0.69842336166
0.64610879013,-0.24846616646,1.16945973361,-0.70071848972,-0.66950891352,-0.42293621807,-0.78105141360,0.01155108821,-0.55589095922,0.05121317978,0.15792539952,-0.25913580236
-2.61303218345,1.08153428262,-0.05786172208,0.71181545650,0.72749807729,-0.75033301959,0.39144020300,0.93809700989,0.40540409690,1.55549282258,0.26286339584,-0.53307525849
0.88296300747,-1.07407433741,-0.77961613314,0.34784940577,-1.10407690097,-1.02653047284,1.80357595574,-1.10998189197,0.22972351278,0.85912334289,1.45771011009,0.39124690541
-0.65197496504,0.15895776735,0.62844005097,-0.84747130827,0.05168103092,-0.82322775643,1.38603248453,-1.04307341611,-1.36094382855,-0.86183169464,0.13198610735,-0.39104289705
-0.32534261626,-0.69825358041,0.76489760469,1.86261972936,-0.54280756583,-0.89403728303,-1.26552752976,0.58504500015,-0.67724913838,-0.39340682137,0.30730458387,-0.36944141753
-1.76900324400,0.51175334522,1.04451249841,0.78866698628,1.48459966654,-1.40714294142,-0.12320365136,0.20558826742,0.83510308818,-0.95928641397,0.07691998242,0.00833395655
0.60870065586,0.64462438716,-0.85469741733,-1.50543665084,-0.04798434333,0.18018339984,0.65693645750,-0.74475302151,1.56135604680,1.22281380144,1.17916956947,0.96934095743
-2.06212551665,0.79341115666,0.03145739188,-0.84388018369,1.30085204146,1.07303756648,-0.95058774804,-0.74147471975,-0.33236094784,-0.36974255012,-0.25997385513,-0.58857390936
-0.11398518108,0.09297316643,0.04398898222,-1.55947147511,-0.48251118331,-0.21077213547,0.00079780823,0.10275884853,0.77104236461,-0.05988623552,-0.02447046476,-0.85442567971
0.77351304578,-1.47484582813,-1.00362907459,0.81809745954,-0.84766858037,0.35639976377,1.03996783047,-1.58375603251,-1.21539951415,0.72851894831,0.16965990680,-0.84777399591
0.04703587665,-0.13958468541,2.22010136231,0.22494514947,-0.62130902236,-1.04426866739,-1.37206068682,0.54405434203,-0.65506083010,-1.32805037057,0.14948971845,-0.73109813041
-0.55550146545,0.67218912461,0.74888552077,-0.55107057129,0.79483158618,-0.18807807195,-0.06203299004,-0.36433930690,-1.87917169156,-1.34037680998,0.40137706884,0.82324494202
-1.18552903121,1.52984243243,0.06053300791,2.74659560043,1.02493613478,0.37525519050,-0.05338026447,0.73620918974,-0.18135784594,1.82183752571,0.34192651629,0.53061522600
-0.23430703273,-0.71249062831,0.25138625100,-0.23410812300,1.93703831725,0.44891683118,-0.57968079038,-0.31381462362,1.72365691952,1.41296587678,-0.89458807778,0.60655853803
0.43079172818,1.09266627043,0.22283783411,0.95108958812,-0.31250369758,0.62864824975,-0.62227116543,0.46625257671,0.66897581807,2.00727520577,0.71358848493,1.08492731888
1.73482952857,-0.18819752895,0.70266552878,0.32295902581,0.85438079338,1.82326767124,-0.03959075174,-1.99433662861,0.81913627225,-1.27536436705,-1.59001915461,0.05319859606
0.45997791844,-0.83531985507,-0.10652023086,-0.67631255334,-0.36357181565,-0.84856422972,1.10988727730,0.24694242762,-0.73843321086,1.90722649565,0.33491048440,0.55433280492
-0.26452864892,0.31285010911,0.24367969769,0.91297461288,-0.84435877244,-0.03678199943,0.93181904559,1.08739370669,0.96039937826,2.06020002775,-1.42408964368,0.34312883299
0.99064968435,-1.28388746385,-0.49098600310,0.08098691380,0.04908169241,-0.15235353759,-0.74424007225,0.18312139174,0.90216038747,-0.77082641990,0.35097440666,0.31262746135
0.87645962338,-0.71494148069,-1.19009089851,-0.37352902079,-0.21116906980,-0.01521918237,0.36920825782,0.32321043817,-0.56382806630,-0.88966690918,-0.65353251321,-0.07645223651
0.15892068222,-0.49456346448,0.52341057563,-0.02957243766,0.18293227502,0.22690778195,-0.58337379657,-0.04818356094,-0.32382570194,-0.41880973979,-1.27013400285,-0.00495761764
-0.41637530502,-0.72739671564,-0.27388359314,-1.03361951493,1.76959681877,0.68990970792,-0.81971193273,-0.49290035040,2.07526050249,-1.43822609838,-1.45622141253,0.68545960652
0.49073697017,-2.90953469762,-0.35395832091,-0.70222911365,0.35797857980,0.25843490882,-0.05795079815,-0.40936526281,-1.34166696975,1.85573202462,-0.70790357971,-1.55298621109
0.86781911552,1.34759981505,-0.40440864346,1.58861758715,-2.00252657753,1.87274665073,-0.58742040831,-0.15121720146,0.53066803606,-0.02686520607,-0.75493352621,-0.24236709743
-0.07036599878,-0.15828073021,0.34261746762,2.94705467430,1.19070996151,-1.47811215648,-0.41779527145,0.37779245518,1.15043671531,0.51495765914,0.87125106501,1.56049648822
-0.21650840180,-0.53058732278,-0.23057186659,0.71643364391,0.78981490958,-0.53736069421,-1.04036718848,0.42431709391,1.28604822537,0.65725931636,1.24766619570,0.84514903109
1.56201565335,-0.30098989975,0.90971299146,-1.46560581764,-1.00992647947,-1.44298345167,-0.54048490999,1.79469297697,0.29667445132,0.53065633814,-0.36994014806,0.16727363339
0.48768832988,-0.08735472555,-0.99522107396,-0.07376119408,0.48841528401,0.72042574796,-1.73528025864,-0.36527276778,0.95587577932,-0.94172978002,1.77239308063,0.43385639078
-0.01224688853,1.06254395580,-1.77697547270,-1.01401212407,0.28406504282,0.44592809055,0.51096311870,0.38159867052,1.86467588640,0.25035638704,0.21297870168,1.03982653189
-0.02973439759,0.82593053441,0.01022800729,0.76347919274,-1.14369087470,-0.17817784329,0.08733877519,0.87256296649,-1.52159315485,-0.38933918510,-0.45810287950,0.17964413183
-0.52851148344,0.45633159879,0.01843615606,0.42971746290,0.75180807142,0.39605862826,-0.49272669547,-0.66508534810,-0.09210258579,-0.79056884398,0.49933709705,0.56042381256
-0.75651592731,-0.21581677500,-1.69985148528,0.55979403084,-0.41429871588,-0.29327335040,1.29676052510,0.15040255327,0.83991414069,-0.55078526826,-0.58425539313,-0.39672479462
-0.80347919437,1.18972703225,0.39861768844,-0.39121775892,1.09315368461,-0.51667325069,0.56275146171,0.30607405775,-1.70926764333,-0.80514809701,0.16521892485,1.24538854210
-0.32803142096,0.95377247254,0.36035503145,-0.96654504080,0.76053810757,-0.29382847911,0.33330736348,0.71521270497,-0.97726162919,1.19749706100,-0.00277718173,1.33948383289
-1.45325905491,-0.21957485197,-0.78333104890,0.39117762778,0.66580151706,-0.46781046071,0.80177991746,-1.29487963754,-0.91845739709,0.14238063450,1.49808157876,0.51083828406
0.51184596688,-0.50545019290,-1.44929634335,0.91517433687,-1.10182348137,-0.07427051569,0.64234475409,-0.24209557398,-2.22353278320,-1.15225380041,-0.49657540684,-0.73795466878
0.89249751529,-1.17014520680,1.21774280811,1.37799784616,-0.39359022160,-1.60934718988,-0.72156974616,0.76620006341,1.68433615490,0.20549609650,0.04947452601,0.34022307174
0.74990932203,-1.38900967864,1.68095867157,0.62174843890,0.74378000504,-0.74493730369,-0.56950650733,-0.02968573254,-0.76340250733,-0.59204867425,-1.52090871428,0.25137771202
-0.14687342956,0.32443014547,0.66834650332,0.03100607456,-0.30185730272,-1.46374331802,-1.76086010642,1.85484443105,1.23759320706,-1.81863912149,0.72172872716,-0.97611425760
1.91707472358,0.04331077524,1.80400711683,0.21395168575,-1.76769044280,-1.44931571328,0.75607228707,0.51924587250,-0.75217365581,0.42657902592,0.06425069609,0.54349492942
0.47409878230,0.60397869562,0.12718409282,-0.07898133995,-0.07762101612,-0.03900054622,0.08981209694,0.45707996874,0.97794749138,0.15444957660,-0.34909664775,0.73763118036
1.12489783316,0.76162273037,-0.17682451658,-1.43083545208,-1.78198155612,1.23407061768,0.28375714833,-0.72627878130,0.60019385515,-0.28434377593,-0.80261531770,-1.19864764375
-0.01993332232,1.49198619248,-0.59878374156,0.95635595140,0.05051359381,0.65638836529,0.56493985459,-0.74885829463,-0.64101081348,-0.65965965210,0.70787765158,0.92939536328
-0.93572730183,0.01033633306,1.34094415488,-0.95624843074,-1.24179868367,-0.58516173736,-1.37878664591,-0.18024033280,-1.22336423710,-0.40602297390,0.76331713169,-1.30890069569
-0.22144180545,-0.91754899317,0.20582282563,-0.10368910090,-0.42196276150,1.11185334893,0.41271250944,-1.24620920158,0.09902810656,0.98206971393,-1.17674513664,-1.75105210792
-0.71645302891,-0.16479793643,-0.17111270849,1.10551005597,0.35085576664,-0.05722897826,-0.52170674894,-0.14731025547,-0.66820935145,0.17767423070,0.41062981025,0.55951138021
0.12269873866,-0.02770111774,0.23117542226,1.33207746216,-0.34938484215,-0.36668399696,0.84175870192,-0.92627269529,-1.88466585192,0.77767421970,1.13879831331,1.39250647329
0.89961992720,0.21256744263,0.36263852409,-1.51730917479,0.63276027372,0.40289914433,0.55216636114,-0.47782548385,0.51626742683,-0.35265641249,-0.77816031917,-0.10388837412
-0.31111082522,-0.94664242118,1.09682680750,0.52170725123,1.52656755395,-0.09608563167,-1.29676405171,-0.00871781189,-0.03030357214,0.40582081983,-0.77029524081,0.49228010832
-0.92743054922,-0.50558231730,0.94958626852,-0.43571160716,2.31627775716,-1.29270520231,-0.29879774236,0.73238663988,-1.79424380846,-0.96637175317,-0.44266800540,1.33479466228
-0.74237786254,0.40054105312,0.72252884122,-0.64616041431,-0.36487371083,0.19870777426,-0.35361143632,-0.71047622680,0.14204623664,0.89140937168,0.22598245331,-0.89973515464
-0.90028630295,0.25109867693,0.01502782023,1.50810827469,0.51256571314,-1.86288726113,-0.56688851799,1.07895884737,2.26988303028,-0.42902015917,1.49729845506,-0.43539225517
0.29071920581,0.51845297392,0.50063067375,-0.37481718818,0.03900255476,0.23279585955,-0.26105848732,-0.60033836394,0.75606465460,0.06083810451,0.50194022929,0.06254066034
1.26831268132,-0.91769153451,-0.35864356425,-1.74954852581,-0.20591500379,-0.31826245701,1.24360968417,-1.15981847003,-0.57333450376,1.87762999576,1.19485905516,1.58231812244
0.38314832638,1.23632248331,-0.22550812322,1.11261727668,1.09039036760,-0.36295365895,0.58528013773,1.06214261028,0.41576133051,0.43104822589,0.82640760874,2.45075592029
1.13286630202,1.44522417254,1.88632175988,1.40149070333,-1.37706248174,1.70488757719,-1.45651106142,0.10030786055,1.18758297428,1.29434776708,-1.07872703238,-0.92038409851
-0.68764889683,0.56657971005,-0.51965474494,-0.52867456362,-0.72793584018,-0.16618157868,-0.15482746871,1.01588829605,-0.33458341507,0.19321789880,-0.26999685021,-0.15385089742
-0.36680739776,0.57244709651,0.23158358723,-0.17271143982,0.06032474919,-0.23339575787,-0.82044069922,0.46990008103,-0.41966019343,-0.37838428361,0.59960399880,0.40427151460
-1.40251804136,1.44649977975,-0.18854139170,0.19563785509,1.68266623755,0.30389221955,-0.93366442959,1.27122511591,0.06531762910,-1.26094431616,-0.86620237551,0.72429231441
0.14723493921,1.14507816318,-0.58357340315,-0.86851311041,-1.35909562127,-0.33648731542,1.78395751594,-0.33564944354,0.32531644989,-0.56572729717,-0.06692035001,-0.41099053984
0.60166515746,-0.47496731939,-0.40366114174,-0.40208192762,0.32688363987,0.11420611571,0.77925328760,-0.84946835400,-1.34161696455,0.36610449601,0.46584968577,0.91556784364
0.26207475712,0.70826797882,0.40259967474,-0.77790878964,-0.25850076253,-1.43450736036,0.80705763559,1.33985159662,1.71689783153,-0.32966202028,-1.42657995109,-0.14818253566
-0.50090640473,0.95249655095,0.07216460865,-0.99106093571,-0.58748786989,-0.13508048692,-0.13037956631,0.13639114512,-0.96959720798,-0.13789753648,0.42889322917,-0.03310078421
0.44547998437,-1.03797711681,-0.37637570575,0.97170130577,-1.01233682825,-0.84065384211,-0.63168587239,1.28943842996,0.76029787188,-1.19099143649,-0.73443475885,-0.17428205673
-0.15436874598,-0.46476448690,-1.01560010901,0.54699882297,-0.58148472861,1.47007219267,-1.14352722317,-0.41019017783,-0.57074952553,-0.00749133330,-0.67504260143,-0.26513117719
-0.03193338507,-0.52797515210,-1.48468219517,-0.08407664851,-2.08679032587,-1.11863375538,1.30947551831,0.07080247073,-1.66130699254,-1.04001790614,0.47227877167,-1.30127369694
0.01600805920,-0.25692356335,0.50722351553,0.77413444455,0.27827574590,1.30750538458,-1.22231632785,-1.23250323430,-1.37978924654,-0.90795060220,0.13165391261,0.12028768860
-0.47227421807,-0.75164020414,-0.74497985259,0.65381995044,0.58315401345,0.01995081032,-3.26750142313,3.32126287705,0.61078228833,0.21962452052,-1.09434771408,-0.16383863315
0.56023113195,1.26853488927,-1.17624187003,1.56298838290,-0.00524429095,1.06227233073,1.04628359616,-0.07651697916,-0.57661752555,-0.64699989846,-0.82451052170,0.77956515689
0.40202533986,-0.32958866351,0.86562682273,-0.91119971299,-0.62077684990,-0.23210121164,-1.85955551436,0.69508061199,1.19550755485,0.34270762676,0.42019613811,-0.64155318722
0.49216812729,0.04469982913,-0.72775789328,0.39823404433,-1.88448993721,-0.05014266753,-0.28438119021,-0.31908728468,2.20622284348,-0.14283008112,1.30330036236,-1.22194764551
-0.91561693774,-2.11004420720,-0.16689307214,-0.50888225024,0.68570307656,-1.50713900736,0.03625853076,0.51782828647,-0.43923967613,-0.26895634504,0.07873055515,-1.58551390230
-1.32354034638,-0.67246545172,0.43425940989,0.05092609930,-0.08005316071,-1.24548984725,0.20675764044,-0.01487070000,-1.95876631117,0.26690954764,0.54798514569,-0.18356660631
0.62320162559,-0.54495741741,0.24160448523,-0.45146137878,1.35754431072,-0.12376874802,1.00537450577,-0.52888822399,0.24271116779,-0.20734217888,-1.14642047848,0.29924137349
-1.68927859569,-0.41502536785,-2.31008032372,1.82385256641,-0.34776783127,-0.30579000895,0.92101292233,0.89384065545,-1.01772373930,0.60252488462,0.31362045565,-1.15295890541
2.07814799580,-0.09933459174,-0.45240851158,-2.27053932975,0.75791574329,0.47479819125,0.38127959977,-0.16166094266,1.03401090234,-0.81093783105,-0.63067942848,0.65916016311
1.37948283669,0.24052181200,1.49239335628,0.35782369005,-0.26940654215,0.31793396379,-0.41804935068,0.29056390280,-0.56156167471,0.64218726440,-1.13973644747,0.68429715402
0.63039970561,-0.77382754233,-0.41818472911,0.96691125006,1.09703764557,-0.60219891416,0.84430063209,-0.11625980911,-1.54229673974,-0.35955976885,-0.71543575503,0.94881505171
-0.96955562493,0.99937248505,-0.39066484136,-0.24081023276,0.44501046157,0.01194169713,1.11649284274,-0.49004676776,0.91650783333,-0.61393177166,-0.02884722971,-0.05472567553
-0.88971608009,-0.56696015287,0.81779121990,-0.22558778070,0.54525248339,0.41177232931,-0.67141524593,-1.61371637366,0.68746401389,-0.76942018909,0.94792073279,-1.93797295403
0.23071100235,0.13037894920,-0.59234726963,0.27659788023,-0.32021062467,0.48785011612,-1.67068921310,1.21546676197,-1.50444908223,-1.58208189937,0.01601122228,0.13983979661
0.76924567802,0.18228540535,-1.25731286354,-0.20394513793,-0.84907922117,0.14794662500,1.52694947980,-1.23126642187,0.79772683161,0.04606780854,1.04113520018,0.21772373630
0.63461253807,0.08434770625,1.42734921788,1.09009453141,0.62347697656,0.53342429757,-1.45078465599,-0.64749249886,0.52898919354,-0.36479424328,0.42343300495,0.44962402312
-0.94075281709,0.54385179191,1.00607282176,-0.04115710932,-0.28692440170,-1.86246397596,1.29606757740,0.50804804526,0.68059114403,-0.00534655489,0.07536043906,-1.10333063249
-0.38327544103,0.71299900150,-0.79747622674,-1.43843617871,0.33592872183,-0.60653273623,0.76827126496,1.15079031714,-1.87194532604,0.38337127335,0.28533594114,0.63629964937
1.32464803178,-0.54558108721,0.16606167125,-0.29681660066,-1.20013404790,0.05098242385,0.34147819939,0.25453884734,-0.49763265507,1.51271524140,-0.23102846101,0.25588412672
0.53709345522,-0.43710594958,-1.16045031286,0.85474918355,0.67632495653,1.36909741278,0.58788327014,-1.37323774532,0.03310058127,-0.05242659812,-0.63781708899,0.40288876956
-0.61007228712,0.16464544104,0.30289453144,-2.14651985817,1.68920909280,-0.03559076698,-0.69256547984,-0.00473200108,0.87627487879,1.88765501430,0.00394575239,0.55400572453
1.09704476981,-0.33487334411,-0.51292751722,0.48647471677,-0.94755501888,1.77667235996,-1.36274916961,-0.73888452592,0.62127420653,2.98263371891,1.00164837831,-0.11005205458
0.42769681084,-0.99794245699,2.27719289023,0.93955780005,0.60902286857,-1.15088929496,0.18140914299,-0.03957556095,-0.23006327324,0.92902748815,-1.06817764347,-0.04640490749
0.60695896427,-0.61570694033,0.96610016496,-0.36249407076,-2.36697253384,-0.27087198858,-0.68364306455,-0.52333687507,-0.28857077858,0.73904009802,0.70581320347,-1.34501500229
1.29249265961,-1.13025415850,-0.96354816360,1.28034121040,1.08057548757,-1.15044012164,0.14721738805,-0.76041497061,-0.39877444148,-0.73889228848,1.85234278231,2.28491073946
1.06141898055,1.25640655071,1.36239294191,0.40688885162,-0.96209579343,0.58933618947,1.25263660979,-1.40413165623,0.40809131715,-1.06483222825,-0.35177378092,-0.79004687926
0.11463068254,0.10715211637,0.83547147955,1.02112761749,-1.47821337381,-0.52487343342,0.38208901967,0.20412264235,1.54534462771,0.41676090862,-0.90486981594,-0.72876202935
-0.35288473737,-0.10872725294,-0.31071309447,0.65931585393,0.10160144318,-0.19116046786,-0.30119550447,-0.58429941212,-0.35048945411,-2.07058001759,0.64962627059,-0.04112382731
1.22994655944,0.66517491038,0.84104727423,0.12842031673,0.58670946147,-0.01417477971,-0.54680640431,0.17788443936,1.30000030349,0.06218685791,0.27509312034,1.25738993988
-0.25956227875,-0.67552735707,1.04445716936,-0.67769888586,-0.77243166053,-0.80839989126,0.86036615489,-1.78798090330,0.89751155302,1.50496080276,1.58701521051,-0.91465146216
-0.31870779135,-0.39984889678,-1.01133210145,0.32555597039,-0.27114319438,0.05084450414,0.89364697775,0.47798555582,0.82937879251,0.88642069463,-0.78310083337,0.02689524477
0.34919138326,-1.25316116304,-0.49963010252,-0.68341740077,1.91648866813,-0.34610513457,0.90851221773,-1.46284134201,-0.10407985001,-1.14956533332,-0.10305112027,0.78074228922
-0.72481018860,0.81172376830,-0.07335219197,-0.18432926930,-0.05268827685,-0.92341131704,0.86104640887,0.70197673467,0.48778331822,-0.33084857218,-0.17922192571,0.11340816368
1.39863510625,0.59738862372,-1.83037000951,0.56501297010,-0.62296323652,1.48468598736,0.45058553118,-0.20824863769,-0.27216154384,-0.00356505035,0.24210411105,0.82775359265
0.90282677752,-0.75362068898,-0.80680938733,-0.14457476397,-0.33186512719,1.46101387292,-0.29138971442,-2.12196727943,-0.17596851621,0.65725962997,1.11661123547,-0.39329668436
-0.21377170198,0.04016148647,1.64908949672,-0.76280535156,1.51740369151,-0.80329824213,-0.46999833559,-0.49135524053,0.10244873650,-1.36558154092,0.09694196859,0.08717910114
0.90403046248,0.21264820600,2.14522632100,-0.95973109328,-1.15918502882,-0.54043528111,1.66309744597,-1.17313133159,-0.63483303755,1.33377414865,-0.14813815980,-0.50412619167
-0.21328122444,-0.71680725337,-0.25505371697,0.30844378943,-0.23288929888,-0.83984776832,0.70156449308,1.21479067909,-0.75651442957,1.90204985260,-0.34521310130,0.37104720460
0.51962002234,0.51257235340,0.61791782777,0.04035974399,-0.21677374595,-1.20628688180,1.62642566402,0.44135118416,0.80758089487,-0.95616056677,-1.25418763436,-0.13844548038
-0.58132475972,0.07974203288,-0.60977348029,0.47067808635,0.30390248129,-0.47356104290,0.06483797730,-0.23742824104,1.67523203993,1.18549913461,1.81896076526,0.17571830687
-0.48232932858,1.29120285339,0.12254374191,1.09301158428,0.14824973500,0.33989626241,-0.62143421305,0.51332832346,0.33888683979,0.64840702818,0.60354754600,0.67053701981
-1.27194307606,-0.64111535552,1.07477879162,-0.46641870430,1.46789541418,-1.50448818838,-0.07556254521,-1.06375460970,-0.36656967378,-0.61435645919,1.07854231705,-0.47675950316
0.05414230636,-0.15894074519,-0.32813514572,0.70371463451,-0.65047568750,1.40569364372,-1.32105515876,-0.94299272832,-0.44560787524,1.66797381092,0.96875569548,-0.39666863974
0.37105296630,-0.81457780901,0.24384266964,-0.39238148373,-0.54179608353,-1.06490673570,-0.40151496198,0.39337960892,0.66551409805,0.92937842950,1.17234810400,-0.02105654194
-0.73986822893,0.04384600768,1.17777634823,1.14771143680,1.50576429779,-1.03909663104,-0.23809171380,1.27116075809,-1.28037223457,0.89653257132,-0.43912573340,1.88324590553
-0.96644410627,-1.37184223238,-0.94717746363,-0.79552355294,-1.23829878273,0.23943625162,-1.40352709788,0.81827824258,-0.02155658580,-0.22154473733,0.76315344246,-2.45919607535
-1.55370905387,0.56701552175,0.69534066475,1.35042130438,1.50884401979,0.24121642989,0.17629185342,-0.43702928974,-0.60400040830,-0.57672900472,-1.14018129670,0.62308105897
-0.05913019948,-0.37477096364,-0.64692741299,-0.12151541154,-0.69960669211,0.44633844274,0.90076933593,-0.39229763189,1.17500985944,0.85163050234,-0.41409500554,-0.65818858925
-0.11518787811,-0.47396015812,1.32246918904,-0.92372597387,1.13226070406,-1.06334550119,1.15770691796,-1.17724947660,-0.71361567092,1.49792265183,0.67700752648,1.04455727852
-0.18837080537,-0.29753971860,0.10565263592,0.35508337701,-1.12395448299,0.53770108222,1.50928973630,-1.79764777328,-0.69882777414,0.88675919970,-0.27471578589,-1.68626976678
0.54750236759,0.34259771264,-0.11769488147,-1.45882372833,-1.49742428417,-0.02036766079,-0.12667036692,0.09539879799,2.11806992317,-0.54147617909,0.43491805493,-1.34153589553
1.63065980511,0.52825928942,0.61257989238,-0.37223526831,0.01429910901,0.97324831060,-0.74205293605,-0.38489815624,-0.71386138899,-0.27834714884,-0.09550351442,0.97013708190
-0.15016614134,0.17422074646,-1.16121983110,-0.59647658513,0.77592888890,0.02364975741,0.59655103819,1.13249962767,0.71295115330,-0.49657106597,-1.34908666951,0.54358327675
-1.39073767471,1.11479767916,-0.63962703222,0.85542650927,0.16912013067,-0.78870868659,0.11125875476,0.39071453069,-1.09707674483,-1.07838080999,0.96316485836,0.14259916588
0.81413933501,1.22205023377,-1.21656188742,0.14425238814,-0.35878159079,-0.05715223328,0.12358865224,1.86087998342,-1.28936901088,-1.63441061897,0.11693803831,0.43895861788
-0.60193333086,1.45603767116,-0.57278182326,1.05712066135,-0.60253242685,1.29563162771,-0.17977135183,-0.51375244026,-0.33435522645,0.05962370211,0.23932845689,0.03001522281
-0.14196347103,-0.30111823802,1.90662816431,0.24764442863,-0.76055566212,-0.89047685844,1.82310226606,-0.31515517302,1.88680205209,0.19554075659,-1.25492348766,-2.54019847413
-0.20395367725,0.49155834309,0.26854846372,-0.54948308363,0.16154844754,0.17596487333,0.63034326197,-1.06932672983,0.06977201252,-0.65145711294,0.29185959698,-0.27053809583
-0.67744573008,0.25872577133,-0.66527027961,0.21831412605,-0.17801820089,0.93386321788,-0.36441565317,-0.62917182068,-0.60383152587,-1.15598020408,-0.38723489550,-0.28263046787
0.05937953241,0.86667330856,2.45033775092,-0.60632445775,1.63036545188,0.07019405273,-0.47093907721,-0.09284712305,-0.17713344009,-1.59960731562,-1.92896788963,0.27636492412
-0.00852778689,-0.79679618069,-2.66113951608,-0.53966245330,-0.40483351758,1.39263769526,-0.53966434606,-0.05288531504,0.04463893985,-0.29466520626,0.03628430185,-0.40027191370
-0.47616281626,-0.73608797636,-0.49218000620,-2.10310634230,0.75077125835,0.20800036544,-1.12927858430,-0.19668677305,-0.00840087410,-1.14231805292,0.67627595406,-1.06762438543
-2.76070871408,1.58208695841,-0.30076531704,0.46863058310,0.51218570049,0.48939854083,-0.70148853533,0.22551440984,0.35903886097,-0.06139793219,0.17463574715,-0.97155417348
0.57139529206,0.56420744209,0.55065846024,0.31469669516,0.80682303800,0.85822422757,0.23226969302,-0.25023199305,0.00572278488,1.60396091944,-0.31694947074,0.99010816505
-0.62406748417,0.88592164727,-0.24221255613,-0.71422267886,0.39253751540,0.64821179810,-1.20509436892,0.82400217010,0.34266914900,0.89188723078,-0.16762985966,0.53684026244
-1.29315530135,-0.52380224549,-1.35333390522,1.54338774552,1.96809621724,-0.12178872680,0.61561709354,-0.75344218688,-0.55870860640,-0.23504446833,0.32026116461,1.20312717696
0.14295659824,0.45711530422,-0.04403221589,-1.19140744173,0.10320191046,-2.25906903030,1.73916242645,0.36606313568,1.13700469228,-1.93560086724,0.84876030336,-1.32394663376
-0.70525958155,0.71070492568,-1.25772589235,0.34311696998,-0.78183501307,-1.03374664234,1.34263765071,0.34886265947,1.03321070162,-0.13075638194,1.19430051119,-0.37385182995
0.16925181890,0.12001401357,0.00272715953,0.11570768800,1.01823903183,1.62406913932,-0.73260263394,-0.21340887119,-0.69692418249,2.78128829366,0.06061191443,1.12073478681
-1.90293586847,-0.00198976807,0.70641766204,0.58513522756,0.60811998311,-0.89464808754,0.94836473268,-1.01300693420,-0.54204884951,0.25727937169,0.51700272329,-0.50915406147
-2.35037954947,0.92020670704,-1.79900576845,-0.90432122151,0.65968886517,0.16941699799,-1.87600716342,1.21052146604,1.22488482523,0.38409640066,1.32779770471,-0.97227181805
-1.15307379711,-1.67614612260,-0.99227857679,1.57068389430,0.47716885879,-0.02956844998,-2.16574735780,0.40943428031,-0.38375017007,-1.91803802862,0.95567841647,-1.14449858239
0.50989963164,-1.51701919322,0.59026599838,0.16795840981,-0.02771227240,-0.22946943806,-0.88017591636,0.27158611651,-0.56573800894,0.29673216126,-1.33385849369,-0.14172562089
-0.26519340665,0.94272198612,-1.85737590444,-0.56237855016,-1.59983569282,0.21423091694,0.38472977205,1.16137927054,0.21732218612,-0.52397823503,-0.27978889187,-0.48145383020
1.02325389544,-0.01432303309,-0.29754934416,-0.44749150044,-0.51592840312,0.35189577981,-0.98137368176,0.21532664098,0.92118629178,-0.86887888897,0.43756137848,0.19228934084
1.69658323980,-0.69604054417,-0.51671368691,-0.38061215646,0.85719629071,-0.69992723093,1.42174543999,-1.24040332506,-0.80165377720,-1.47996097780,0.41046328112,0.98292780129
-1.18956976134,-1.75886755834,-1.37698556020,1.46752864444,-0.00079659642,-0.33748428505,-1.29593772279,1.02365161797,-0.48045696860,-1.35958963480,-0.78233030722,-1.28598854507
0.65907512049,-0.11530004430,-1.58936338683,0.16777757154,-1.05314003323,0.65825712986,0.41316302798,0.26559678250,-0.93746429650,0.52444956034,-0.45998774559,-0.10709382237
-0.10934495911,-1.14551466616,0.67390742230,0.79201423947,0.88549052098,-0.92967645099,0.20711591025,-0.26638947293,0.59225123407,1.87287874177,0.51754559722,0.22971641447
-1.25365025648,-0.39196319784,-0.07159510134,1.21855169008,1.26312482299,-1.11447176075,-0.78003819712,-0.11029236818,0.23430893306,-2.33807698129,0.73029255510,0.13346256117
0.34438198036,-1.12285850408,-1.26034758525,-1.67945682898,0.67789224822,-0.12459708968,-1.57499041651,0.59107094302,-0.69899524896,-1.53584288031,2.02279278446,-0.71176676660
-0.64555189523,0.34646057936,1.21081736296,-0.98783347203,0.18604870109,-0.50857183228,-0.19904301585,0.00127145121,-0.53118420430,-2.02363369133,-0.46363665027,-0.70463037821
-0.25149997169,-0.55371553081,-1.77916917310,-0.31798665721,-0.35089363342,-1.22237170703,-0.48715137633,2.84902749188,0.57352118025,0.57246994594,-0.35028108343,-0.24139403440
-0.79310035929,1.68600990977,0.09320285531,-0.67122270459,0.06320998845,1.39938198732,-0.59430973506,-0.30416865745,-0.65326279703,-1.23893643411,-0.49144289389,-0.34482766895
-1.90961768623,-0.35188037391,-1.69318547804,0.87986848532,0.16648940524,1.21110371346,0.49644116107,-0.89561211849,0.55780443564,0.18786560055,-0.48638407669,-1.35033851466
1.59552569792,-1.61909496245,-0.75091133611,0.62282393248,0.69767313044,-0.20681610291,1.23735746761,-1.35043307516,-0.18095401361,0.03761482797,-0.03063732819,0.52022038021
-0.42001302223,2.06078513686,-0.01181790615,-1.24471873332,0.80701466619,1.19849199836,0.10237657057,0.26334975660,0.34562687838,-0.34949306368,-0.98522639664,0.28325728032
0.25957256286,0.15605079781,-0.13871180371,-2.15718039290,-0.02633641183,-0.19183839609,0.51932201712,0.00133587689,1.06546604594,0.15417323569,-0.47956716956,-0.54103267067
1.27923984538,1.64319809000,0.23693061084,-1.50847848641,0.42770962032,0.00676481383,-1.08460917720,1.44298239180,0.16850092519,-1.23290098974,-0.06996224604,0.76296887926
1.32189501278,0.88274537647,0.21336656455,1.53035447422,1.44744226908,2.17030281786,0.32502092423,-0.58033456047,-0.92785864682,-0.80697678788,-2.61256893310,0.44159675944
0.26986294929,-1.23512673613,-0.13979984486,-1.09448614096,1.18772074747,0.53153442499,0.00371477644,-0.21341541037,0.62117256229,0.71526568209,-1.55166870976,-0.03957755623
-1.58674033568,1.51330964857,1.26616162896,0.52658906330,-0.49118804646,0.01479860965,0.85045185174,0.56086542210,-1.19925769083,0.42253837670,-1.75034099511,-0.76050968901
-1.19029788687,0.48552223320,0.14264334966,0.72036764529,-1.11360362655,-1.38109365342,0.77179907040,-0.05537246701,-0.60700889827,-0.83315279897,0.82189741675,-0.67400303641
-1.27600514717,-0.37220776720,-0.71397780150,1.49388461724,-0.33701072055,-1.15709272766,0.46624480892,0.34109444256,-0.09685500905,0.92704237260,1.23905083193,-0.11039125896
-1.62057116063,-0.98610675686,0.11244995228,-1.15091883283,1.75358073862,0.24932493734,-0.21261375599,-1.22956742556,0.00613400831,-0.44656490178,-0.52114132764,-1.19665151814
-0.54609284039,0.35337469348,-1.68340413312,0.87640380295,-0.61783086483,0.45351176739,-0.74050531283,1.88918734682,0.30600300414,-0.52849131932,-0.78499493402,-0.02859099964
-0.22821501047,0.48467506976,-1.34730789176,1.40380164108,-0.38983813897,0.40042758632,0.46889795689,0.20024310681,-0.16259456875,-0.17466163458,-0.12497728475,0.25783901848
0.03032931231,-1.40526015267,-0.38009250026,-0.31024427703,1.14970982276,-0.35610118749,-0.09215850631,-0.03711601456,0.65339912648,-1.25115189448,-0.85292596244,0.12154583845
0.77339408536,-1.86943986196,0.50038997764,0.34219567285,0.65891556311,-1.21997833743,-0.63185385159,0.01189302090,0.67502381917,0.14531486439,1.09344855833,0.20385356675
-0.57707802322,1.06230879128,-1.76123581933,1.80708199283,-0.87025458941,0.36089325937,2.04903744442,0.10437665307,0.64789860623,0.32830276680,-0.89750629021,0.09706545623
0.42754479276,0.49901247382,1.20214688737,0.31527003455,-0.16142138048,-0.35273536882,-0.87743320683,-0.26991901974,0.14829752453,0.51410581478,1.42040204525,0.69304297851
1.56241638807,-1.79174109455,-0.44701322386,-0.13057569384,0.53590345540,-0.65174130642,0.28046480429,-1.06755316030,0.31550556910,-0.06485928478,1.39125502687,0.34877182021
-0.12968690608,0.89922491107,1.49074253913,-0.46032613435,0.06073585376,-0.79098864801,-0.32800574259,0.62122052509,-1.57811642983,0.07832274052,0.18373274779,0.81899338874
0.50122625567,0.70014449670,1.70115470676,0.36912850532,-0.28622833099,-0.47736615322,1.39619937011,0.03189290786,-1.70979372745,-0.18582231492,-1.29361213159,0.29409800673
-0.58044844779,-0.86878874935,-0.70512423905,-0.36209039721,0.84294172405,-0.19093635468,-0.73266684905,-0.42383168112,-0.29272657726,-0.18272869320,1.39644574096,0.09319852860
-0.13329855297,-2.19163246461,-0.44577996745,0.07176489060,1.22451213471,-0.48109953991,-0.90099333683,-0.80087652948,0.06855830610,0.02126513883,1.59337157468,-0.41310585244
0.14867134709,-0.65700339786,-0.28863895786,-0.18496102860,1.33355905346,-1.16782238885,-0.42227285755,0.29524030949,0.19649963406,-1.49445877224,1.27014351650,0.58310351017
-1.89952403230,-0.06707386351,0.17462450115,0.17705313756,-0.01044916585,-0.56639654057,-0.74474923456,0.63601691066,0.28390534302,0.37380680831,0.16830622828,-1.03829104457
0.22347669381,-0.24940051680,-1.26940635187,-0.05691304659,-0.18349529400,-0.03342119204,-0.30933896860,0.58205046327,-1.54683002562,-0.50310507062,0.42533930917,0.21925473798
0.25550263181,-0.57507392632,0.45180812146,-0.10374824775,0.94213483113,-0.27208840891,0.04728811521,-0.36574627058,-0.37053924737,-0.46710354206,-0.38281513642,0.59240009355
0.18109360872,0.97495069716,-0.20879768250,0.28451360447,0.03341254004,-0.18122175427,-0.61325830808,1.30397249086,2.11109704559,0.80051538735,-0.02108982192,1.20256847221
-0.16826250633,-0.24306341127,0.91815088405,0.77753543610,-0.70765545683,-0.53082857456,0.74072318386,-1.05228411080,-0.25050162978,1.30721813299,0.97310724572,-0.23440510053
0.51913863772,1.04389493784,0.36039115253,-0.59037492680,0.73100836962,0.72273512035,0.35079286680,0.16144387507,-1.91611224806,-1.48212151270,-1.25773558153,0.36761605541
-0.55402771890,1.93994947948,-0.26105552351,1.91003969446,-0.10012043675,-0.91148728428,0.90428389379,-0.65526687205,1.93626104675,0.54888920203,2.87380339213,0.04154472706
-0.54194218426,-0.06857908534,-0.32658437948,0.35964044760,-0.83066871839,0.14256909307,-0.31810150876,0.26625577401,-0.30705905605,0.82978931882,0.02810618596,-0.30556043688
0.55128978187,0.21736151731,0.10055897346,-1.43372404236,-1.06342085770,-0.38120054404,-0.37791707424,0.16339022797,-0.73376843998,-0.34420618645,0.50530889729,-0.46362618865
-0.52754753277,0.68177142557,-0.50804930330,-1.03040011612,0.52273136103,0.11130237705,-0.31288521868,-0.40708897330,0.40812571871,0.09800831068,1.20017103941,0.45727828462
-0.26630133749,-0.86232725844,0.29855376216,1.89041748746,0.36406985255,-0.98526149260,0.76698003992,0.62966839584,-0.32273346041,2.62552301902,-0.41470220975,0.86953899118
-0.24958455064,0.54870883263,2.44517642957,0.71321736749,0.99627865646,-0.70179032434,-0.79373043380,-0.00939783412,-0.46854372636,0.20839693747,0.16003212527,1.00521254313
0.77243551911,-1.29851916396,0.03410806937,0.40178135289,-2.14517532388,0.35180933398,-2.26218057718,0.82995631764,0.26474179413,0.12118519301,-0.06439845628,-0.84752109206
0.82964393823,0.09219221197,-0.58812413730,-0.34179015401,-0.49182889798,0.37725565094,-0.85401689544,0.14351465623,-0.53726605264,0.34115934062,0.94467624560,0.86339129818
1.13807918180,0.05867322778,-0.77936231604,2.36823805419,-0.96106664583,0.53521304743,-0.05746819877,-0.38615089036,0.91180220326,0.64840532856,0.54859294642,0.55922478071
-0.66372524134,0.87410904797,-0.52075622168,0.61234843809,-0.12078627010,1.14172310455,-0.18956252644,-0.86639960797,-1.82901200422,-0.96945330709,0.20178514518,0.17503427841
1.12600612849,-0.21877430552,1.23942160090,-2.13668323730,-0.72849694638,-0.33715449556,-0.28554343243,0.24151167643,-0.20908875264,1.84654660902,-1.05722055164,-0.41878689222
0.29829834690,-0.19203155640,0.93616980151,-0.61513772969,-0.56791112541,-1.16381556746,0.64222527950,-0.15047392608,-2.40651532010,-0.24088302571,0.37213206759,0.44193900217
1.09166376046,-0.09199399195,0.52828919519,-0.92924346784,-0.49407167620,-0.94616359965,0.67121356322,-0.14104957906,0.64703052075,-0.53177590687,0.57583513029,-0.41767240975
0.16198926480,-0.66265958245,-0.23243132175,0.54809280534,-0.82573500748,-0.29987912774,0.14129253095,0.53073888659,1.32086632459,-1.70467415629,-2.79257430366,0.25480576080
-0.65201236959,1.85097984816,1.23831029456,1.87474713488,0.62531385922,0.59595270121,-0.67180518023,0.69173326940,0.73482985241,1.52037432715,-0.45979274712,0.01425191319
-0.27130457962,-1.08473820528,-0.50390681503,-1.15224228306,1.97070719368,0.33481965456,0.84330547959,-1.77847137887,0.13353813686,0.02811507520,0.15873448598,0.30018402448
-0.29232695970,-0.23910489032,0.63510264649,1.84407356721,0.17972620476,-0.23963047507,-0.44062066415,-0.16969417779,0.81469472399,-0.16197352627,-0.73294493153,0.16867090275
-0.98157336672,0.47554509618,-0.48745407689,-1.32692368764,-0.63029382828,0.76496934031,-0.89279807748,0.72883027226,1.22146314002,1.36586108095,-1.26536943408,-0.41999394915
-0.68603912194,1.06247280155,0.54643000922,1.85285654806,0.60335141914,0.87166081742,-1.09214049906,0.59221158570,-0.04201470373,-0.38817216314,-0.85739549742,0.16628987750
0.36654894058,0.00060472664,1.27239793343,0.75163846775,0.95183179948,0.74598866224,-0.99158736500,-0.80791858337,-0.57844621851,1.56301409844,0.66059723455,1.28189521912
-0.66053650263,-1.10557627917,0.30482353169,-0.10375989551,-0.20400205662,0.73195218295,-1.69461761498,-0.00674282262,1.26460512080,-0.93404610141,-1.11365353415,-0.79573767514
-1.25732436567,1.77668722148,1.45558472197,0.51714585764,-0.30045260828,0.46619748396,-1.29144259832,0.60968631404,-1.46444317875,0.89448056803,0.34355465393,-0.30937985896
0.35340591786,0.70722693705,0.33249282508,1.14811659334,-0.56052474899,0.23788907873,1.41572620132,-0.70212199102,0.44195825521,1.08001610176,-0.29829664690,0.15515990552
-1.10449283640,-0.04596551111,1.59367362352,1.59448298924,-0.31733310619,-1.58680799031,0.30316799669,-0.77711215299,-0.24039639021,-0.49904361747,1.19477869930,-0.62248142075
0.24705926574,-1.26207215118,-2.07801560032,0.91406979268,0.19461979577,-0.06292200285,-0.39370155382,2.21161995082,-0.43367714278,0.46573383587,-0.85234752883,0.18399746319
0.74448599470,0.12604130166,0.38231562773,0.43665029523,-0.71535919999,0.37106578088,-0.52751987390,-0.51637990671,-0.37809187855,0.34132122798,0.65570783737,0.45005491769
-1.90544581035,-0.94916944231,0.87855295402,0.19622274677,0.04387194323,-1.62869641716,2.09451850414,-1.57478717504,-1.91657143829,1.05926525387,1.29398928180,-0.11482251709
1.57924174636,0.22468137185,0.04412819147,0.23307512176,-1.20938294414,0.61122214913,0.37003340935,-0.26756866745,-0.70771557899,0.74455085167,-0.27839521593,0.41322398823
-0.71015453050,0.69625590858,-1.93125651462,-0.64524554622,-2.34017236861,-0.17462367743,1.04824010035,-0.63918151905,-1.68099888573,0.11196046551,1.57617310122,-0.26643698943
-1.04500918416,-0.71120393315,-0.62063854199,0.02543277127,-0.23636946820,-0.47284643020,-0.11441012890,0.37860458361,-0.38774848986,-0.54892153317,0.00552808613,-0.92277594066
0.67673158869,-0.75750003963,-0.74299764672,-0.08267021860,-0.50697672294,0.38906029715,0.80997287875,1.01026887776,-0.26335810964,1.99952837855,-1.01774181711,0.16042536523
0.03593929927,-0.34344929731,0.28474508496,0.07550356612,-1.12862335016,0.34507135453,0.08711319952,-0.94300285900,-1.10268093344,-0.74330177222,-0.32488191739,-0.89020336068
-1.12470960256,-0.67415862015,0.84972228825,0.89717388816,0.55434605925,0.45954992984,0.20342730793,-1.31474035519,-0.35090212042,2.07799679970,0.01408455119,-1.51404494733
1.15446085849,0.11486419219,0.59879184196,0.35531938889,0.84616289253,-1.23058384159,1.19605452260,0.10081892634,1.28551219963,-1.11903045375,-0.32720586424,0.66657090945
1.41892761610,0.25635805263,0.31194868282,-1.54529862368,-1.11398630829,-0.99154951071,1.21021811732,1.47378297253,-0.75677505384,-0.23342657385,-1.68705958017,-0.47460956083
-1.25380311496,0.38233407568,1.61417947078,0.58272859163,-1.10235541579,-0.88169157478,-0.00102369257,-0.29065085122,-0.23602210764,0.34554643179,0.44390367157,-1.26647292009
-0.65325543330,1.29800774815,-0.42585874819,0.99610530560,0.02884117140,1.29403830445,-1.03265917640,0.27856307158,-0.23355611519,-0.88075313958,-0.32174365823,0.08699393800
0.65507463732,0.72676910494,-0.46622465664,-1.60990103169,1.12924963819,-0.01510357761,-0.35712903231,1.05720564999,0.51912029940,-0.17867414481,0.15103574560,1.46102048619
-0.54413639469,-0.64166366837,-0.17941670542,0.09685599376,0.25122687733,0.00656999564,-0.71406645514,0.34035065627,-3.19076557404,0.54293458995,0.15252551772,0.22198220575
0.47338014318,-0.34065480745,-0.65452397918,0.48077371117,-1.00854045441,0.20714354697,1.01414119046,-1.58590989149,-0.75377452949,0.38692509438,0.97515701103,-0.04755285979
-1.66516369744,-0.58195253584,-0.33621628531,-1.38186884966,0.94145939676,-1.05340772993,-0.48945132271,0.41265844206,-0.17437622680,1.32297389790,1.13992623379,-0.11299952079
-0.56862271027,-1.16661855731,0.29449775375,-1.66795749759,1.05037627498,-0.51274674338,-0.82129873682,-0.67027714479,-0.79229407064,1.50733205263,1.51087106688,0.97897024960
0.27846800061,1.11101951450,0.78339419230,0.02434483337,-0.75247968774,-0.38907782991,-0.63410048154,0.78450556236,0.42218906955,0.07709247374,0.29755762168,0.36890298342
0.53097637440,0.30012429173,1.17729903964,1.09629931842,-0.52764823385,-1.29658561965,-0.61795681973,0.88910529348,1.79030950602,0.10726880248,0.25495882866,0.27909056477
-2.17168311862,1.83340484671,-1.91998104293,-0.91407687753,0.33688142455,0.06259970511,0.54999350094,1.91918645271,0.51052415839,1.23396048217,-0.99060182946,-0.29131946293
0.14116724196,-0.35577540254,0.38021084895,0.08344853473,1.04527052099,0.44942483590,-0.25493502136,-0.84242933342,0.72159013653,0.03728451054,-0.28653763653,0.25148979685
-0.32146631535,0.21496034056,-0.24051865764,0.55251217842,-0.37513097998,0.17306706073,0.65167690094,-0.63560522924,-0.89511987331,0.20718315141,-0.00187087689,0.03246627499
0.63384116425,-0.10878245960,-1.56324944991,0.09533066239,-1.00253993494,1.89603115964,-1.33168386455,0.59473929669,-1.02015492867,0.57882700024,-0.85076992883,-0.20068332942
0.51248721898,-0.74315752888,0.02223348397,-0.51900193179,0.82177125020,-0.36870409688,-0.28674500392,0.06640833350,-0.63497756555,0.36446303716,0.42417413840,1.13279285640
0.50220378288,-0.05303340134,0.09374064231,-0.99530361789,-0.10608773462,-0.16920517031,-0.71896714658,0.19789886224,-0.81194898712,-0.93204168013,0.31015926854,-0.11018099829
1.13865079080,1.47131051006,0.59112475360,-1.76728665032,-0.72921360427,-0.64860994419,0.43415875907,1.44196512981,-0.40727758222,0.50363437387,-0.79916123796,0.71478977924
0.26420213286,-0.05022335789,-1.02672481849,1.33730276593,0.41890819630,-0.14554136416,-0.87176351539,1.05864143773,-0.58445051395,-2.50235479379,-0.37375015327,0.77736566703
1.04251629832,-0.96006205474,-2.59634914150,-0.20984547534,0.63208631008,0.59950186219,0.88982507040,0.57982365509,-1.05720896149,-0.55617217919,-0.57132454688,0.35341368555
-0.10423480494,0.29414194407,1.09701880682,-0.18363694555,-0.69825098121,0.09020224155,-0.23539425515,-0.31585491421,0.55471900704,-0.35309070809,-0.36645815892,-0.86983006187
-0.07626061959,-0.12909233183,-1.01004818868,-0.00051387571,0.17447828223,0.85983321136,-1.73182695447,0.70478966841,2.33895456542,1.31164629158,0.21106126006,0.85208619841
0.87980570259,0.57803999446,0.10317756756,0.36744112033,-0.03193348600,-0.83188000389,-0.26848489995,0.65387399711,0.35104083803,-1.05413960903,0.90285280171,0.90562477802
-2.04311942684,-1.88121710611,-1.93082677908,-0.14951016396,1.53260118738,-0.19145219977,-1.26805475750,1.16422395828,0.16893967464,-0.36004749817,0.51911086071,-1.38786985994
-1.59227234072,1.24436187465,0.59051879133,0.79240764499,-0.18939221868,-0.00880726461,0.56301105804,0.64948043381,0.02188029390,1.28049940296,-1.00958836492,-0.63244529303
-0.15899425400,-0.71914514080,0.21609813409,0.12865011391,0.46149218201,0.27591683248,0.48810515483,-1.66948815547,-0.90371455775,-0.15791098353,0.38690067091,-0.34206246662
-0.61742225447,0.61798373513,-0.27645376815,-0.62765786233,0.76602009140,0.14796515604,0.24780603613,0.96335283714,-0.02808527502,0.49915083170,-0.90958381329,0.42602733087
0.77779785153,-1.04124914956,0.25511525662,-0.28857595637,-0.61003398821,-0.06173021551,-0.66042390489,0.54131657857,-0.07508468439,-0.00254701550,-1.09565268722,-0.21797148709
1.11875730240,0.01797959648,1.27768067248,-1.97978131484,1.23072211828,-0.94376242779,-0.85296537785,0.33298683576,0.63928341751,0.79186003758,0.19428172586,0.76687684957
1.39671447469,1.83217093299,1.49040020600,0.71564287863,-1.97209133042,0.32231327382,0.12110107647,-0.37676474396,-0.74035150386,0.44656654216,0.78707623044,0.74260456264
0.13415310982,1.10509000287,1.72444066394,0.26911833276,0.16186744447,0.59749355649,-0.05272452799,0.62800671294,-0.59831218680,0.93541530990,-2.39318438782,-0.00206581898
-0.14130274519,-0.59196553360,1.15710144785,0.93993487562,0.53863290603,-0.68543319131,0.41547158962,-0.25153525677,-0.23710420560,0.91763913464,-0.39104175564,0.10853394672
0.05337033706,0.78017956189,-0.80827724985,-0.39549535910,-1.57795522768,0.95485008176,-0.30139438682,0.76922583826,-0.51798826352,1.70638733185,-0.22768018140,0.15220368965
1.54540381404,-1.05603159591,-0.20352637193,0.05382125549,-0.15363571978,1.01103086656,0.12969445500,-0.68964149769,0.46952022132,2.14488147000,-0.07201473892,0.44382076724
-1.20117652393,-0.06127260983,-0.29721186945,0.68755986496,0.81541963970,0.02779084489,-0.18153218421,0.51870039808,0.73284320183,0.62194792606,-0.88159587201,0.31527399063
0.05893192046,0.94209846573,-0.06713736767,-0.01270415937,-0.73594480517,-0.09963865640,-0.08306188582,-0.67912004583,0.18793024597,-0.70677128757,1.53143117440,0.03286117449
-0.29863313863,0.25011045194,1.51130020481,0.00800571629,-0.92859602694,-0.80784019612,-0.39905380136,0.65338227587,1.06824686967,0.65713700914,-0.44455209696,-0.97131133999
-0.26124522644,-1.63565673370,2.49026757325,1.50807900746,0.06440625748,-0.81792064238,0.27603995512,-1.07282681710,-0.27109085368,0.44387237222,-0.35120395933,-2.02514520264
-0.37634541190,-0.31349695838,-0.24909398500,2.55894199465,0.47336094608,-0.51211961786,-0.25570078678,-0.82847136373,0.19277090921,-1.10456254032,0.47880525085,0.32191858105
0.39919174179,-1.22903383625,0.05828142431,-0.89642292210,1.21926149036,-0.22748722393,0.30675252431,-0.25793084837,-1.34344701154,0.80593448843,-0.47942667923,0.66905132856
-0.35680238519,-2.21283255584,0.61888259413,1.12548919841,1.40851320778,-1.46625013005,0.17197829909,-1.01787020991,-0.96432114563,0.77233320611,1.37387499197,1.26504058097
-0.36250602753,-0.96332924139,0.89431695948,-1.08901331063,-1.52795751146,-0.80130519898,-0.01778183765,1.28066235659,-1.15780209319,-0.50085997386,-2.66568985178,-1.70671884479
1.02884059468,0.77087835745,-1.08044676066,-0.21780862947,-0.14938703975,0.47584825803,1.20395945012,0.44847903236,-1.71795394999,-1.01341455790,-1.17779220939,0.04387533554
0.59831608724,-0.32224493463,-0.42579219626,-1.67273908410,0.36050267358,0.63430116716,0.32781115677,0.21950118898,1.34634560878,1.51463755081,-1.29443021839,0.55408852289
0.27073599643,-0.30309014598,-0.96129231179,-0.47020192760,0.40493316494,0.43561227852,0.67998829829,-0.10495326171,0.21742335721,1.56185641544,0.10000052801,0.99956513573
-0.83577208027,0.50514643222,-0.06832561039,-0.12407729825,-0.57533135828,0.45320862767,-1.01199965369,0.77368861990,-0.61005752062,-0.18604098742,-0.79007606192,-0.33663397640
0.02948119916,0.77774884983,-0.37447197727,0.78799418888,0.66420086157,0.08982808612,2.70933724167,-1.92358968602,1.33537119550,-0.49238960143,0.37282277096,-0.09920882235
-0.68428722338,-0.16686891116,-0.52115190395,-0.17779151535,-0.29395072275,-0.50859695418,1.16031656390,0.15729549671,0.76240623754,-1.79934119922,-1.27165888210,-0.73952337126
-1.93461121761,1.63519080481,-0.82919221157,-1.07313286628,0.93297054463,0.77100257227,-1.37321414621,1.11958975808,1.91638055385,-0.27757422224,-1.04079234555,-0.37886597146
0.75151590170,-1.00679068539,-2.12220016692,0.42434898671,-0.93128997841,1.17877677233,-0.23905007147,1.25229448246,-0.70423126225,2.01276924900,-0.30714732845,-0.00893698719
1.63554894338,1.28707726732,-0.80160354306,-1.11637752091,-1.27756781265,0.30797216646,-0.23275338366,0.76625263340,-0.21972996951,-1.01991916367,0.41652439899,0.40103844586
-0.89533293711,-1.08197404433,0.77715650358,0.88238565894,1.11793740082,-1.09781867954,-1.19677934624,0.90751626446,-0.27690736391,0.72442430436,0.03881140972,0.64630828629
0.22181631913,-0.35966862969,-1.00675823873,-0.11096936356,-0.03790236523,-1.10989533766,0.04373456662,1.07965616931,-1.04991031544,0.95924262398,1.67453487436,1.62380146179
0.51900042863,0.12116007672,-0.54095570036,0.98587276240,-1.07519668130,1.11682709253,-0.18514124066,-1.08581190725,0.74394150105,-0.24619611161,0.00344041969,-0.49194543465
-1.03614152151,-0.37366982471,0.54144497544,0.00662749029,1.39244455208,0.25903381403,-1.31373866219,0.71578556791,0.64745941288,-0.75295426641,-2.52276948838,0.45243202463
-0.55900053081,-0.31799608113,-0.63196923109,0.61114788760,0.04460484695,1.31419002015,-0.42973561453,-0.66477383349,-0.14505860092,0.95935639151,-0.57235968592,-0.44108444462
-0.03862942911,0.03026490833,1.26933749708,2.15587280768,0.07021006036,-0.66676542008,-0.96516914745,0.15825533965,1.00664345368,-1.06759391626,-0.24798373842,0.11496561919
0.23445522476,0.57271029502,-0.31284258173,-2.93132752477,0.75081073293,-0.47053896207,-0.12645211412,0.34289654960,0.72187877855,1.94298037860,0.17815477987,0.96462389034
0.53127103473,0.01581722819,2.18284347039,0.38232415641,-0.63413041016,-0.71113420210,0.01483841243,-0.68157707829,-0.20577000408,0.53594116241,0.52905233779,-0.27659514764
0.92939317244,-1.21366784400,-0.83151072213,-1.04374862141,0.29693724123,-0.87908744061,1.49807364717,-0.56638885413,1.04272102790,-0.94928728130,0.15518734747,-0.41399177091
-0.36988550272,-0.05917227774,0.88635854591,-1.03764465561,0.08345628173,-0.35444210808,0.71472021679,-0.20085866261,-1.51983349084,-0.40858979092,-1.38012403399,-0.74002025948
-0.04579003786,-1.09600889599,0.39998373775,1.05392268255,-0.24960470360,0.06392813749,-0.77541377471,-0.04141166590,1.60804166566,-0.21361327609,-0.27418479436,-0.63259790927
0.37578375593,1.34683770183,0.95576522141,-1.13404380233,1.26379990434,-0.80243180407,-0.00634004751,0.93761229762,1.58045851318,-0.35998250685,-0.60599556064,0.78393291252
-0.36854552214,0.32409314638,0.45282518402,-0.65242498045,0.67864441653,-0.33966283427,1.35955615143,-1.27709745470,-0.54499976321,0.45247169315,0.73963235277,0.89672568843
0.34581322235,-0.23278147810,-0.53953123829,-0.66355980361,0.96616717794,0.40638617066,1.35462578371,-0.26836238079,-0.25156015090,0.33739857685,-1.13100396243,0.30113238502
-0.75743985790,0.78179492702,0.66469279282,0.29183076066,-0.36039975605,0.80156641906,-0.78400496698,-1.50108677963,0.39281684314,0.08862597436,1.07990041704,-1.08727693514
-0.64106491282,0.68162246524,-0.47646120648,-0.69949966749,-0.71846393989,1.63818792654,0.98619791857,-2.47553892876,0.38395582387,-0.79795238069,0.34483685982,-1.47809850788
1.25912996662,-0.41422525211,-1.06571282236,1.65524154466,0.49957813247,-0.27469387073,0.17903763094,0.44465986470,0.03202675014,-0.01373201948,0.16997884447,2.00243242015
-0.41882096162,-0.47493987952,0.99322041699,-0.64274539036,-1.57591207437,-0.61455297091,-0.02530108227,-0.66502169422,-0.30623377492,1.11882134762,0.74701469282,-1.15711291136
0.27714203514,-0.10993734520,-0.28961504382,-1.72742212200,-0.11414655348,0.90344149591,-1.92274486550,0.78239138204,0.27375029797,1.17420552036,-0.65897881958,-0.05154401850
0.49603032973,-0.33750749326,0.77881163307,1.51907141159,0.22301464957,0.09310082937,0.00141256149,-0.99286149203,-0.23009058810,1.07713145431,0.48416102362,0.48049138737
1.45596704956,-0.16049378869,0.40825304185,-1.34019716043,-0.55567818752,-0.96987650580,1.02837744642,-0.53997450353,-2.45764845644,-0.47287395080,0.70668349256,0.81675401041
1.38374420917,0.32813428059,2.35970538610,-0.16779467145,0.50540954756,-0.49752820270,1.21393512766,-1.26283172910,-0.25727289708,0.93493492586,0.13904763587,0.35099945901
-0.31946769942,1.97594663625,0.95297220726,-0.54054741382,-0.29809880289,1.17583895407,1.82254443032,-1.86130592735,-0.15509895925,-0.97644594698,-0.22927023385,-0.78057833006
0.01015876059,-0.19496937348,0.33083460480,-0.66861966316,-0.83757755723,-0.83435429328,1.06842107369,0.39784767588,0.62346091183,0.72436325063,-0.44892040375,-0.73231528281
-0.51835017881,0.36745134135,0.34194767928,-0.72023851605,-1.26588995423,-0.05594265617,0.56963996965,-0.48019475240,-0.42631535735,1.10090888575,0.23743817822,-0.61804462447
0.50876743034,0.25127736509,0.29058356270,-0.90705067525,-0.35129858445,-0.66819266264,0.52009823809,1.52965956790,-2.10737749940,0.24859062989,-1.31341274959,0.16705709339
0.22735361128,1.17575728334,0.39662384106,-0.10966251643,-0.95199998158,0.82771651270,1.08451866389,-1.79949949689,-0.47314600564,-0.71908378468,0.40351862391,-0.46169442822
0.40968440164,0.10524798556,0.19589857788,-1.08129291294,1.10965802448,-0.64313966707,0.14512259227,-0.40920974723,0.16283189028,-0.55551333411,1.06796511000,0.82093784455
-0.25035305313,-0.11070049047,-0.11258620262,1.42852864549,1.31379942186,-0.71122496136,-0.36233155273,0.15484682437,0.98316338959,1.30992649799,1.25736993801,1.85162165945
0.40970705981,0.48271304529,-0.57077491786,-1.38015115340,-0.01320370923,-0.06131990321,0.09016819833,0.31750697732,0.14144876138,0.13716061578,0.17049408380,0.43935436706
0.42475877253,-1.39594790972,-0.05072778335,1.50142676449,1.05185160289,-0.68929067496,-0.95378954041,-0.33525930339,1.92590738490,0.83789558708,1.68397889273,0.65248140703
0.30970669069,-0.19971488980,-0.30438932380,-1.10305812669,-0.62768808468,-0.35266200991,0.26907959386,0.50052218180,-0.16034528621,0.17550772997,-0.25687154324,-0.38844208751
-0.29076306112,0.71679106812,-0.74255546126,-2.09349233453,-1.03717362324,1.22739318195,-0.48605936650,-0.26307700260,0.82989531491,0.96826122319,-0.61547250680,-0.95750990239
-0.00969516606,0.45980099931,0.70750840724,-1.25065158992,0.22645320493,-0.71087647734,0.45907406330,0.02755928048,0.52359317200,0.64812982031,-0.16280774234,-0.17729372770
0.25994986291,0.74589663609,-1.88400127895,0.77707509522,-0.82515928139,-0.61699581695,0.72103386661,2.58986995870,-1.10511843654,-1.35536988211,-0.95713340866,0.00070607454
-1.03679833804,-0.89694057539,-0.59839795442,-0.87631754876,1.21865876009,1.17280063301,-1.63945886480,-0.34080224930,0.75549404119,1.73598537491,-0.07584251813,-0.31078418764
1.93164280185,-2.59654397375,-1.29144750722,-0.11883874655,0.78037317091,-0.36861032727,-0.83326465161,0.87711030040,-0.67925821858,-0.23056189045,-0.41708563834,0.51659788839
-0.68191755610,-2.01850458889,-0.43684229121,0.24679798779,0.41671398235,-0.67665533448,-0.89279755945,0.64375959347,1.25679939967,-1.31774365687,-1.39193915246,-0.17386365712
-0.01492375124,0.37600033060,0.50860043474,-0.28829793495,0.06400154740,-0.90893852953,1.30466401573,-0.23523888081,1.36710190124,-0.16339408641,0.32980625285,-0.72898519786
1.24590597642,0.30715493411,-0.78162528782,1.27090678137,0.09899125622,1.09595485617,-1.61485300428,0.94860479150,0.57707598376,-0.80477149429,0.18571088896,1.13823368530
0.10984413491,-1.01284114756,-1.56760273786,-1.62709448050,0.56536356648,-1.59353035633,1.06022019861,-0.11726097010,1.19361235994,-0.45554150214,1.83471372568,-0.77633845476
0.12146432302,-1.86612050191,-0.37587235543,0.63455873220,-0.67517713834,-1.41361973079,0.67954180466,0.73375252262,2.23299715192,1.04786759923,0.49333975515,-1.35033298587
0.03015168657,1.49923249574,1.00508589822,0.25802120286,-0.31499650269,0.92576364015,0.19829521040,-0.31297658109,1.53847687982,2.34366155006,0.18686125430,-0.33809125693
0.26967877313,-0.44916733540,0.87031884881,-0.51019674815,-0.88406627646,0.15394202061,-0.48940019857,0.01317103886,0.90257050673,-0.28080861895,-0.86124107744,-1.02924960579
1.45134293999,-0.68190539692,2.39642070131,-0.20369903859,0.97631801634,0.64622498062,-0.08378539759,-1.20677363555,-1.72877932121,1.42841540713,-1.62794907730,-0.06998419147
-0.61374247908,-0.37796101646,0.89810282749,-0.32253349481,-1.78042964162,-0.68627127230,0.62183098882,-0.98923917441,-1.15355647877,0.73005382782,0.60512695756,-0.96177051352
1.49836405368,-0.79802260328,-0.41729847687,-1.64912345850,-0.49346677517,-1.28753506363,0.91938402141,0.21622261436,-1.32541089092,0.23359081974,0.38901732618,0.05724285501
0.70743033421,-1.02879941459,-0.69327913250,0.05986668739,-0.94062998194,0.11592584506,-0.59528367185,-0.68454997802,-1.36122066559,-0.15768934456,1.15104769618,-0.17322107842
0.07503455887,0.13817635696,0.58380023447,0.23688021364,-0.83956698754,0.07002368707,-1.05354045630,0.29355364085,1.10282284602,-0.08416522372,0.19125573446,-0.39135599471
-1.85065954919,1.92905512455,0.41287751994,-0.00662975919,0.47121361543,0.37341675054,0.76940921221,-0.66329503708,0.77594243949,0.14669170615,0.12902923104,-0.63784801401
0.04946964028,0.29971986509,0.83119824980,-0.08872520947,-1.02027677959,0.18253469253,0.24333487948,-0.92649600845,-0.24677920982,-0.18912099782,0.10282880002,-0.84818957243
-1.00888413196,1.45533163385,-1.37372241196,-0.79296941140,-0.07912121537,0.74708335977,-0.08738690828,-0.00017644535,-0.53694915466,-0.54219023951,0.63523220277,0.12006555891
0.91137693755,0.25572400732,0.46533097152,0.52908127215,-0.54599123573,0.45025619132,0.38882629378,-0.23257886050,-0.68591015859,0.76997312740,-0.46016527692,0.48227898912
-0.26011831145,0.48391396649,0.12413153732,-0.25911111376,-1.19675773345,1.21369506206,-1.46610098949,-0.72513308699,-1.21143716359,-1.48227262313,0.55731896860,-1.07729262418
1.49151233511,-2.73402435952,-0.40166519588,-1.54230648393,-0.35826099201,-0.65134062627,0.87310238687,0.16644889689,-0.37525704979,0.43397338187,-0.81610773636,-1.48141548661
-0.79835971236,0.17434556260,0.15500012554,1.42268144117,-0.49587188193,-0.90560795527,-0.38969499251,0.33008326339,-0.81526070387,-0.51405536126,0.73966812733,0.08963608856
0.16632652528,-0.83679518855,-0.17824838228,-0.79868431554,0.36474956981,-0.53024427758,1.32003067389,-0.62753824255,-0.74555645512,-1.07456149124,-0.98317427685,-0.75300290609
-0.60320423500,-1.00273229572,0.20229993514,-0.55185766454,1.87528839380,-0.22111664640,-0.48186577254,-0.97390105391,-0.12681751149,-0.54188166744,0.26108167406,0.19575319131
1.44897977038,-1.66049015032,0.09436370925,-0.46749481616,-0.84083199044,-0.92664947964,-0.65243524331,1.27580140247,0.97613484629,0.09300409071,-0.33452833895,-0.03183590889
0.08352835836,-1.00172668489,-1.36402017512,0.12566207285,-0.95426723475,0.92158544753,-1.51547168667,0.05200756006,-0.15908464691,-0.72160465428,0.45483409418,-0.87798246404
-1.12570436097,2.15186841058,0.14931714040,-0.68374276620,-1.26475452695,-0.14259520216,-0.28550000306,0.63055648555,1.15798346221,-0.16767045930,-0.05943411331,-0.70228282409
1.12966615839,-1.52752500786,-0.74102545867,0.33365943150,-0.35286551796,-0.36802965587,0.55845857390,-0.65313343749,0.96627879021,1.28169192853,1.06860924382,0.15358264226
-0.74002154237,1.10626252353,-0.81844871789,0.87874916071,0.07381704332,1.01746530666,1.54859638843,0.06725958378,-0.58055653019,0.32997967203,-1.48119343476,-0.22865204825
0.13933442585,-1.18317375876,-1.25641545782,-0.03507621503,-0.51632255537,-0.49015074305,-0.88973640504,0.95537141279,0.57879740646,0.23382529202,0.77019275580,-0.32485767663
-0.31559189661,-1.27942690093,0.31398519726,1.12228480193,0.41414993491,-0.71659769684,-0.30939805907,-0.25074475085,-0.15584067995,0.23868795808,0.26003513404,-0.02923829009
-0.74077364129,-0.45085334520,0.96874417748,1.69452007236,1.24652208587,-0.59451447753,-0.02766635243,-1.23414589951,1.09539694443,-1.93694924030,-0.14820681252,-0.53802450874
0.20990327375,0.43526990032,-0.42414924494,-0.80648020773,-0.64088536737,0.60253936835,0.91471154643,-1.00962183777,-0.17811368224,0.28473046168,0.19536686195,-0.12493887798
-1.53017664835,0.21861201810,-0.50857378092,0.93369334664,1.24171008781,-1.18706781231,-1.68335207835,0.81104855638,0.99448982235,0.64227102782,2.77476265367,-0.01812436836
