0.70440389104,0.22175530190,0.59744904700,-0.39068816018,0.28697946789,-0.61166624687,1.80021177035,-0.25036145298,-0.46785071690,-0.81789446365,-1.00070420288,0.06031925081
0.71870366540,0.27689808086,0.33065272885,0.28334032559,-0.80352773681,0.32303774577,2.34049139274,-1.78474141088,-0.54008832700,0.92515285091,-0.00653664954,-0.24189945269
1.21032282373,0.95847084931,-0.22773610242,-1.06177655967,1.63357950705,1.95257261619,-1.99445940714,0.62183968854,1.43820626145,2.36113382723,0.24425434800,1.63636047951
0.19512344047,-0.35527367961,1.23836116449,0.09823406513,-1.73334951939,0.07317222396,0.48286551813,-0.67198919934,-1.08381944155,0.61361884514,-0.56794075248,-1.38699964820
0.79929863008,1.59228080197,0.61262677655,1.10093663528,0.26810253236,0.00876195982,1.22056334824,-0.89392994791,1.28771914724,-1.40302427236,0.86281445683,0.23699217537
-1.61201346745,-0.01999983041,-0.56955191396,-0.05725883033,0.46074051618,-0.32688909438,0.78677415791,0.80406938051,-1.16008338108,1.54737014135,-0.03898769119,-0.20164564361
0.77173228140,-0.77088054288,0.60080290597,0.26460717396,1.40777377325,0.02631718883,-0.09661202472,-0.16510009007,0.32361605259,1.29409563964,-0.31902287479,1.32302174855
-0.71802398802,-0.85658333592,0.93387601192,0.39312728453,0.26712849793,-0.43222049962,1.25815442279,-0.40643045490,0.98545792175,1.28106651248,-0.49913280406,-1.82197782759
-0.02830502133,-0.05323335248,0.24782079167,0.28951950651,-0.37387823267,-0.33740606978,-0.01202431806,-0.72348430358,-1.30006707397,-0.19898561649,1.31170312539,0.51365103733
-0.35527241614,1.24920539056,0.75756529220,0.65747476914,0.54306009628,0.71599805459,-1.75577165415,0.04041571301,0.07961417210,-0.32148790866,1.06148585714,-0.22447318629
1.03984805215,0.38965396339,-0.11991630881,0.67696876000,-0.94328982968,2.17713063739,-1.13438519296,-0.73792779851,0.62085131712,-0.42628393743,-0.87797389727,-0.55340678657
-0.16264239019,0.73800336355,-0.96666753035,0.76815112106,-0.58383785862,0.29865959965,0.27503711278,0.52070143830,0.42592735048,0.49976877508,0.44954219387,0.26865122254
0.79585316933,-0.14808049242,-0.01021651768,-0.08245912543,-0.61290722297,-0.33598813288,0.88210876301,0.09320174530,-0.02861720335,-0.11005513404,-0.57684666599,-0.05695931210
0.79542420639,0.14580751816,-0.63862599987,1.39449336184,0.02372793856,0.09501418969,1.39253029787,-1.28534235308,-0.36502212235,-1.36624285893,-0.08083604493,0.41223722474
1.79457253481,-2.68468291234,-0.87649664946,-0.18581642628,0.97558048020,0.21702868788,-2.05637681388,0.11712735842,0.03576769572,-1.46902031187,0.76105993797,0.37702894597
-1.57468341626,2.08161436568,-1.06637227533,-1.59487154415,0.87131641371,0.71362068130,0.39098181113,0.37300956731,1.16576379024,-0.26448362463,0.05898735723,-0.52777458732
0.07119730435,-0.62095268292,0.08015902110,1.15029109166,-0.83710746027,-0.49598768904,-0.36163995998,-0.29919636755,-0.62039740669,0.24267422050,1.20903284241,-0.19821465419
-2.10333771981,1.57186610302,0.10466264253,-0.11649446196,2.10699967214,0.06038512252,0.73524096592,0.90121514769,0.67144213030,1.02277356433,-1.01849246749,0.12845176899
-0.55385842017,0.30718115583,0.05079956624,-1.39927019595,0.12624648990,-0.15205703846,1.09903852778,-1.09108381561,-1.67865015686,-1.48699967392,0.19307241044,-0.30680070890
-0.55308760813,0.10516223623,1.27069833237,-1.41636793609,0.85713684314,-1.20688264286,0.44141885823,0.29934832115,-0.52004419181,-0.79452686198,-0.54062377574,-0.68217472357
-0.26571752708,0.34229854867,0.24920238154,0.08640745909,-1.81990476954,-0.96433707853,0.01076468640,0.40766779700,0.09478292751,1.38529152815,1.32374898948,-0.18492767297
1.39968043304,0.29501931648,-0.67784275117,0.88712158265,0.43986117884,1.51860469012,-2.26491421129,0.86254762360,-0.23752851782,-0.54968420238,0.50926084680,0.76211202049
0.12873726455,-0.58802367418,-0.22038322397,-0.66040717063,0.91907535845,-0.72116624773,2.13945546351,0.48178104393,1.16782487035,1.90736273562,-1.41908301593,0.03269344967
1.17269938486,-0.15089734784,1.81243027785,-0.09336203459,0.36550724271,-0.25390330419,-0.20025227861,0.14003143109,0.03172865021,2.85903430523,0.09622041736,1.54483102673
0.65512529095,-1.64187807590,-0.61811014865,0.37603253910,-0.67452868538,0.78001133520,-0.25897347608,-1.70730370021,-0.24991441633,-0.77709676904,0.93431055253,-1.56496008746
-0.65802748889,0.27043193256,-0.41016491736,0.19773067176,-0.66699886994,0.10264153842,0.57557750431,1.01515697263,-0.26738145958,0.87569295140,-1.12565013360,-0.51946189544
-0.55142695079,1.68746250305,-0.60420516766,-0.27945096064,0.31544748685,0.85739046292,-0.80880368709,-0.06502217814,-0.11633912841,-0.79324177662,1.43683897666,0.07546524483
-0.28555861215,-0.37207776059,0.86618690661,0.51487987678,1.63598884587,1.65987815434,-1.02432045152,-1.46350633686,-1.25873848868,-0.77803052421,-1.19735856635,-0.28592815683
0.17064271848,0.23835316307,-0.06332295809,-0.04689996984,-0.39487313263,1.06333584191,-0.92329239380,0.24282397233,2.51028826926,0.74435612878,-0.67854063934,-0.56125080416
-0.81390663100,-0.13565055586,-0.35103647888,0.96128119564,0.62681498582,-0.01960150144,1.21676294879,-0.61834719803,-0.60885624497,-0.38579006043,-0.79551062991,-0.31586870126
-0.38299188728,1.30830783555,-1.39313092036,-2.39747926134,-0.83238169731,1.80365022718,0.00362544450,-1.18560240617,0.62885680911,-1.02228306910,0.57116405066,-0.88462393064
-1.52204221702,-0.45172503942,0.48140398299,0.25420088738,0.86250935926,-0.61379762603,0.49464550578,-1.04728496936,0.13420243181,0.48027696826,1.03460638181,-1.17248557984
-0.67940736135,1.06746153471,-0.16789404532,1.52939008308,0.91250394077,0.15346158522,-0.45091792480,1.25270681010,0.49928922144,-0.78919905901,-0.56945208157,0.47466603812
-0.45488747740,-0.46231053194,0.75386859842,0.53220188651,1.06583408358,0.22144861048,-0.21903089162,-0.62411191547,0.00770159107,-0.43934897392,-0.68813904611,-0.26624312935
-0.49284941512,1.28961840586,0.30901252666,0.35922378105,-0.93719130711,-0.69525972725,1.50893293898,0.06668642800,0.09902124819,0.63990109090,0.29083980025,-0.04811075957
0.70340091160,-0.77521654854,-0.20942077516,-1.55318767607,0.55960009804,1.59800888351,-0.01945591631,-2.80134360239,0.35243604534,-2.52067896266,0.72513431172,-0.96140812554
-1.44124026814,1.93059407204,-1.22948029205,0.78916389079,0.28692668742,1.12395710973,1.19826584464,-1.08926131056,-1.45382693239,-1.17271691071,0.89422830251,0.18637596668
-0.73439532686,0.94059206436,0.63058507242,-0.29349714152,0.55592208157,0.36778743632,1.43872862614,-1.52013134396,-1.36354966343,0.03459187484,0.40228358436,0.66848114367
0.34621986495,-0.20399866042,0.28266611684,-0.26764051678,-0.88785614720,-0.28584220323,-1.37332473969,0.99356371646,1.07252111537,1.61666994425,0.32794907087,-0.18970551769
1.61579390493,-0.12365249450,-1.67722544818,-0.32666543201,-0.69509641665,-0.24811990537,0.61299068160,0.34092682188,1.59571112334,-1.71247766963,0.76309771629,0.27769268208
1.86220904902,-1.49900962890,-1.80844020505,-0.49469497992,-0.61770494104,0.81607483422,0.77866242166,-3.03781019364,0.69800166707,-2.02976171054,1.95549300745,-0.57788882476
-0.09539844142,-0.70101277285,0.07050026154,0.12241620770,0.11799781512,0.73964119460,-0.95475628549,0.41712134696,-0.82505242432,2.47558047770,0.25142093331,0.34042221675
1.42975031979,-0.49369144907,-0.05296653061,0.48573503588,-2.49523677009,-1.00522490171,0.65215383979,0.88002963668,-1.11335949508,-0.91834190706,-0.66687812698,-0.64066437191
0.51474957536,-2.21171201351,1.22514463589,-0.07474020971,2.46219286433,0.88593154524,-0.62588296960,-1.75113125110,-0.51662485008,-0.19214005327,-1.86029397208,-0.67273266332
1.01681670326,-1.05659345196,-1.69307560494,0.66642814002,-1.05482548274,1.21295556989,-0.15706939667,-1.27289183215,0.73005044113,1.13028662524,1.43733664409,-0.32670991449
-0.09531588426,-0.51185797969,-1.38385443787,-0.35998969986,1.07100350954,-1.20380141515,1.67797985367,0.29092793462,0.34758011760,-0.06265432290,0.44242806992,0.61818870378
-0.82154836593,0.03687157038,-2.07658371618,-0.11496044722,-0.15678725975,1.33044547839,-1.03697074877,0.36191344793,1.30436664359,0.09310698653,0.77313445975,-0.69185752099
0.52527655690,-2.62103977383,-1.05403325397,1.48506903994,1.14054587264,-0.12015949663,0.63571149996,-2.11170439082,-0.39944724810,0.19627801505,0.94120279429,-0.69079793229
0.68692940641,0.75301342664,-2.23374676588,-0.40812392560,-0.94978029005,1.18983759768,1.14098017051,1.53052234622,-0.03268190270,0.70594964863,-1.01408204228,-0.78785820819
0.52478600384,-0.55443004184,-0.57078612503,0.77462653056,0.88592366549,-0.03199652629,0.63229082799,-0.81792525823,0.89798825271,0.13413409939,0.49721486095,0.82026458359
0.59219276574,0.68251232188,0.51898628900,-0.99339643876,-0.83770232024,0.26031806483,1.23194467450,-0.67271982437,0.67131198541,0.95991506274,-0.46617359077,-0.63465583579
-1.39351880567,0.48902492440,0.30198688940,0.80499634127,1.12239885501,0.02031132469,-0.79441677388,0.10014394639,0.84103797254,-0.86916407765,0.35431043103,-0.63299588109
-0.32160405306,0.58317563866,0.50260581770,-0.36452434896,-0.40567506651,1.23960081850,0.06757907888,-1.23484035329,-0.99441052360,0.90750360729,0.04170206159,-0.60679024260
-0.52265457213,3.03536668703,0.92369009683,-1.14945428701,0.26881456462,0.65029480997,-1.69331317231,0.19238524105,0.54538787532,0.65025494364,1.07984175139,-0.54523550681
-0.88729437727,0.69658537952,0.80540178082,-1.53679439222,-0.92921628750,-1.38591148332,0.53162805989,0.85558594892,-1.38359556280,1.48205661226,0.30419476318,-0.14698552650
0.68342313453,0.06741134334,1.47867140228,-0.47301934075,-0.49362894833,-0.16478388875,-0.62866262360,0.37898068083,-1.54929759208,1.57727498574,0.16539205110,0.87234523326
-0.10269003036,0.98492555557,-0.11201692420,3.19373199552,0.62319178910,1.04786580150,0.63967551799,-1.24110700391,0.82141808130,-0.57550967585,-0.08518603576,-0.44811368274
0.28056271386,1.35362435479,0.80494784598,1.12888296913,-0.72074754868,0.39074829602,-1.41669659668,1.05818380689,-0.16516145203,-0.15074115541,0.08851929730,-0.07959967190
0.64620939740,-0.41288373212,0.03549045316,-0.03443015111,0.06171245134,0.11064086923,-1.01782303222,1.51512252403,0.48434286281,1.60057258332,-0.98260048651,0.81239936007
2.39489419416,-0.46754338723,-0.42675874944,-1.17403933506,1.21571748799,0.24817064537,0.60614096858,0.13856126141,0.54943520691,-0.65660454188,-0.75215516861,1.29403282097
0.98114766495,0.33798661996,1.78732244709,1.09742911622,-0.27250971388,0.60351363617,0.29082205568,-0.54506514338,1.29239854294,0.29733690964,-1.36414925180,-0.71704710354
0.82263067489,0.09672813151,1.51578653501,-0.17862625104,0.40622319086,-0.37684718220,-1.05164502245,1.00003141366,0.07985435389,-1.11057171626,-1.10479818831,0.48273899399
0.64647070032,-1.11941152243,-2.76525561107,-0.56527378435,0.49947272397,0.79561185946,0.70545844931,-0.16121858011,-0.81493639853,0.01066106293,0.25152668839,0.01427682147
-1.77768183092,0.42935856503,-0.30386476889,-1.49922716922,0.49134040220,2.19794496211,0.31232191845,-0.62318403139,-0.16603612878,0.39631258084,-1.89525517983,-1.92940643637
-0.00067218061,-0.37352743462,-0.02869714346,-0.42966894560,0.49752252456,1.26809618638,-1.31683777635,-0.77411427616,0.77862264105,0.85250330434,0.34716406628,-0.61298241913
0.95068196275,0.01996829453,0.27382364449,-0.17292759390,-0.34149890734,-1.26441657662,0.13467126091,1.27098074977,1.48635774371,-0.17327178353,-0.13161622064,0.25175768906
1.01829617428,-1.25299176126,0.35173214551,-0.91163871114,0.16888731285,-1.74349464560,0.81767038867,-0.67286853468,-0.12979837507,-0.40376514723,1.62371776068,-0.17385678184
0.33676063309,0.14420161942,0.79810647163,0.34722544927,0.75101606352,-0.19098633862,1.09275535320,-1.23900514778,0.08304685811,-0.48804476832,0.18018887983,0.24237003862
0.18666090219,-0.90363491649,-0.69466479306,0.35347705448,0.10132171498,-0.61457735767,-1.33959669945,2.52769360922,-0.48426421472,0.56465148279,-0.31763099416,0.10162557839
-0.26059277412,0.63754237972,0.80478552471,-2.84657675475,-0.78109971507,-0.18932961670,-0.30904938604,-1.29280470219,0.55516049371,-1.25555185863,1.30103154914,-2.06151136806
-1.21632454032,0.42125522611,-1.31355442845,0.94579464177,1.20969743819,-0.79692520248,-0.22967234393,1.43254824549,-0.20664120610,-1.75706229636,0.33746685031,0.27247831468
-1.47086412677,-0.88245635530,-0.55044345414,0.86052338653,1.18758508863,0.69395077679,-0.45171745549,-0.73751774004,0.37182690475,-1.52398262335,-0.85346100348,-0.57217707234
0.23264037464,0.18494485877,0.73555094512,1.13158384216,1.00625940916,0.35777403157,0.48165746654,-1.39887735806,0.25485932399,0.29643956112,0.61103794327,0.53363776052
0.00531457495,-1.32817525544,0.31372083882,-0.58016818592,0.18265182500,0.15954035506,-0.38223451702,-0.06782929217,-0.31688005400,1.27628484777,-0.55501408374,-0.94636706408
-0.85034559597,0.33940043011,-0.44970929478,-0.05435520881,0.98072055718,0.90428969077,0.38481939294,-1.01395951051,-0.38009249817,0.57524909241,0.47135826283,0.27313980481
-0.25321003122,0.10659595432,-2.13862331962,0.18114452010,0.07672230145,0.16177780907,-0.14422703059,1.65407561427,1.34203461686,-1.36289880300,-0.52530496061,0.40970127351
0.05123920440,-0.59883381745,-1.44620403756,1.53579059795,-2.56061975352,-1.03575703634,0.95529865457,0.48573596765,-0.91688222151,0.33079386423,0.73570034911,-1.00384775902
-1.48834744971,0.33168879631,0.19936839595,-0.18996173701,2.14832462165,0.90779925395,-0.25875572082,-0.99162668070,-0.68456081244,0.25330492284,0.22938402111,0.28855688536
1.04411166912,0.78030335205,0.49773405384,0.35566160633,0.96276156710,1.22010369209,-1.40450861917,-0.50129245940,1.82378698034,-1.84014679402,0.78491335338,-0.14208034033
-1.92389913057,2.67980318817,0.50855863533,0.21796476109,-0.38695923620,0.95086805880,1.05087150009,-0.50709419513,0.20546014165,1.09727366984,0.24161321615,-1.13775626714
0.65579351256,-1.45246631010,0.05417654278,0.26885798006,0.26630366163,-0.37632642718,0.59907573355,-0.33320010606,0.34766101138,1.19172817589,-0.18134570465,-0.18123998289
-1.59394970281,0.26565414781,0.22933282806,-0.14471474647,-1.12973066909,-0.69830140691,-1.86749537838,1.19672266652,0.89657240265,-0.08836327260,1.31653762818,-2.84239073714
2.41169511037,-0.72693800653,-0.05095222726,0.09032054387,-0.77050673628,-0.44062208324,0.36075349516,1.29754047252,0.09337612098,0.76897213174,-1.25382717323,0.91832979744
-1.06835303905,-0.47355499889,-2.66217336341,0.18777017962,0.83926637539,0.39841838109,0.15429282041,-0.05265986636,1.12504362024,-0.80852236914,0.79756554033,0.09187623454
-1.44499306516,-0.01912814589,0.63725427966,0.73077429206,0.31304818181,-1.24303782313,-0.56021664282,1.25263337066,1.17868702019,0.67522836102,0.03311167630,-1.05061372205
1.27990587496,1.01068861027,0.17277575384,-0.40463729947,0.24581603429,-0.85835186918,-0.79137956672,1.58025249623,0.72713411717,-1.50123786665,0.91602283325,0.57378923419
-1.09550576091,0.49632001027,0.27309726645,0.75719471847,-0.13092793209,0.88797717204,-0.26163081685,-0.67429557351,-0.92015260072,0.85150741776,0.39393855054,-0.68541211560
1.02864123992,-0.29757137704,1.59246893197,-0.01043918441,-0.92841684452,0.23784013235,0.32648116324,-1.44368915734,-0.85024525713,-0.89152072797,-0.17771409796,-0.86442890470
-1.69596504072,-0.05214502738,-0.14146546456,1.40012170349,2.00026827891,-0.97927094736,1.13544495510,0.08357541012,-0.74801968604,0.28141655813,-0.13110245989,0.76396256727
0.47402589856,1.89630006065,0.98841802860,1.99994176578,-0.29207733891,0.04260255007,-0.07083880731,0.61476535667,0.86366165724,1.29092749441,1.24834996211,0.76822003510
-0.24354031761,-1.27970965199,-0.42121055012,-0.75504152400,-1.12632764940,-0.49810754321,-0.72030967656,-0.01692330177,-0.63290061657,0.06177291938,1.33196960702,-1.64196438034
0.10801753275,-0.04463041382,0.73811785022,1.19139311704,0.12124783161,0.21893989015,0.20248809257,-0.82160189705,-0.69344729364,-0.79863645087,-0.54438023854,-0.07073622697
-0.35956310480,-0.36584194969,1.16473078727,0.18009369011,0.35260056407,-0.22569838304,-2.01751522045,0.77466625704,-0.27670901816,-0.94478736417,-0.02928909215,-0.55843338387
-0.21642285487,-0.70940536037,0.27451934074,0.74538561034,-1.31501999479,0.02970313733,-0.60139398349,-0.29510057753,-1.92825740377,-0.02695595517,0.30125606211,-1.02961428837
-0.30746067252,0.99243959780,-0.12408242846,-0.01169763681,-0.61678666844,-0.14571716912,0.32433291381,0.66783640609,-1.30396845606,-0.67824984976,-0.07151263349,-0.05990801529
-1.18108013283,-0.60589068345,0.33916018666,-1.81753893953,-0.19358548145,-0.23885358044,0.50157045293,-0.36077971058,-1.63913569822,-0.32884554170,-0.65975047938,-1.90478190721
-1.07106531637,0.65997653908,-0.96016644780,-0.12810780835,0.27716787312,1.06579092188,-0.85893530309,0.18847979686,-0.56616124355,-0.47671388968,0.30071970247,-0.49860998274
0.57597387014,-0.09216619870,1.40597185280,-1.02790845678,-0.67536185049,0.06363903818,-0.69019757650,0.22632832240,-0.51957513286,1.27716312227,-1.09117840088,-0.61629329587
0.02496982861,-0.94803099655,-0.72893638710,-0.48994121355,-0.46544782985,-0.00764970613,0.11637253893,0.50143606411,0.03988258435,2.24253285312,0.24431300348,0.07514264015
-0.02148158164,2.12406577158,-0.84248910176,-0.99588957766,-0.23629896740,0.86195430259,1.64766619386,0.74015402122,-0.04894105752,0.62463321942,-0.50317590829,0.13739645459
-1.11246081904,-0.33354364324,-0.65236525490,3.12198586786,-0.54800153000,-0.36678972535,1.22231793537,-0.27476334702,-0.86713594298,0.13278722121,-1.48194910324,-0.91931150151
0.02017312131,1.11670011390,0.02643227102,-0.21633565089,0.05598425364,0.67256134776,1.04705257132,-0.64324311953,0.60131785459,-0.03825395566,-0.31231423824,-0.12467710069
0.40910999392,0.58617590783,-1.19854682752,-0.22683836358,-0.36995723808,-0.38576412389,1.26394333919,0.29144391376,0.29420593500,-1.95978332960,0.02372398011,-0.03876351045
-0.27509843633,-0.21537361162,1.29235086792,1.56307341720,0.88370929403,0.68050172751,-2.09835767187,0.48514467504,-0.49609511438,0.40222988926,-0.86273504460,-0.10453067646
0.42769195432,-0.00397671617,-0.12789197286,-0.99511126539,0.92237888706,0.24798333561,-0.24315737678,-0.42800305333,0.85573745032,-0.86904832142,0.39240485986,0.10437138176
-1.08297157033,0.12985158371,1.37286548557,-0.79553691089,-0.20497397244,-0.79002544578,-0.39761857823,-0.23166706546,1.19055247023,-0.12849697138,0.69059456736,-2.06093906976
-0.84274399269,-1.02129809060,0.69299331538,0.57841655412,0.67724034849,-1.22080610441,0.04965375753,0.39283687641,-0.09199974063,1.01046792612,0.09285843189,-0.42663898780
1.59776844783,-1.10093281164,-0.68128421235,-0.83091564641,-1.36485387586,-0.45052040121,1.89490408429,0.46326349816,1.81351102570,1.08682201864,-1.26848358497,-0.67814751089
1.04581276137,-0.64448574823,0.39729718244,-0.03133487531,0.10335395690,-0.98524953190,-0.55220710116,0.45783636774,0.51317242265,-1.69945458541,0.84968671155,-0.00287810084
0.61118214510,1.70031075275,1.03593859995,-0.16798334717,-0.22402679434,0.48826657066,1.32000767241,0.44070922585,0.29542928208,-1.15318577954,-2.25401637989,-0.23157163324
-0.01204355776,0.81441244607,-0.59074350928,-0.35947956318,-1.30801054887,-0.66893229547,0.65937884813,-0.48045358178,-1.08729602104,0.06450939044,2.21117101464,1.35393076229
0.08444994215,-0.20989502546,1.97872587617,-1.37523915031,1.23576267865,-2.28178938406,1.01705817801,0.22387124348,-0.71866509347,1.45463697059,0.49708939677,1.20610733506
-0.84695959151,0.01886599332,-0.40395213167,0.79059101349,1.17570094261,-0.48641974024,-0.29976811554,0.66844760217,1.49339426680,0.19449192048,0.23091945395,0.37273054026
0.30178344678,-0.00488758427,1.47587644323,-0.32415889647,-0.09204196063,-0.31130068565,-0.93268011060,-0.51501519317,-0.31865253258,-0.71381939608,0.92697472219,-0.35078128217
-0.48535638798,-1.42829844975,-1.95722228442,0.69231307423,0.28323664907,-0.81751637329,1.34730469797,0.17848980765,0.05662143156,0.65257432701,0.33774851718,-0.53638718608
-0.10359334869,0.49964466932,-0.61220498010,-0.00147936253,0.21642660309,0.69369187059,1.32586976487,-2.05569474213,-2.27330504365,-2.32695271339,-0.01381540064,0.28756722966
0.13633562186,0.27586158669,0.83230737030,0.09631944989,-0.11282202793,0.13141277281,-0.23830111020,0.97715664021,-0.47639127106,-0.26258143693,-2.22264267634,0.02404148476
0.55072999082,0.14041791666,1.91260621215,-0.92683216523,0.14618850704,-0.06231308456,-2.22429213244,0.49183965176,0.11803475375,0.17406785929,-0.25318285467,-0.43400714991
-0.31542421152,0.21555841954,0.45930135942,-1.22934859218,0.36373913503,-1.01073325323,1.12403510941,0.90464855076,-0.84425189827,0.13752437129,-1.14327825943,-0.36008076926
-0.26031713617,-0.24728977279,0.89382329634,-1.13075103845,2.27618633642,-0.02252851905,1.66094804905,-1.82674288188,0.46102834516,0.74134438511,-0.36497391633,-0.12833980600
-0.42767808462,-1.07081302044,1.07063150315,-0.66297613332,0.59015887366,-0.63949727755,-0.40422393590,-0.40510815879,-1.17521658286,1.09734103949,0.51145581895,-0.29504125161
0.05366034997,1.07159214313,1.08531785258,0.86084441152,-1.02802976448,-0.46581339242,0.13526783974,0.92361945350,0.99705852833,0.77140236448,-1.02311395246,-0.18113033645
0.90835482425,-0.80095593225,-0.15688947554,0.77882471250,0.52920357556,0.48099089496,0.59134172963,-0.85284619320,-1.12151128133,-0.81215920211,-1.45339236460,0.06447138644
-0.02674443649,-0.06460457211,-1.02839554063,2.46699972635,0.11977456073,0.30666776667,-0.08501043751,0.25915343531,-0.98045947340,0.11051517329,0.50380248787,0.31478210241
0.17697017506,0.96788206769,1.55230816734,-1.33143812698,0.93537481097,0.48128173665,-0.18604305259,-0.59447226510,-1.41239836235,0.36263907534,0.21274122586,0.95400129451
1.82101627475,-1.07186794093,0.42770644245,-1.38096993614,-0.78118868861,-0.21568509182,0.14977965898,0.46375618794,0.35613164209,-0.98178976403,-1.51616844174,-0.79829997871
-0.63822166165,-1.99018074942,0.65494642005,1.11334415393,0.47265402850,-0.33134761444,0.66577936580,-0.44860303226,2.08808248002,-0.48885713092,-0.40982469284,-1.91915860923
-0.52841320776,0.77309522559,-0.29122651528,0.51595696311,1.12294460170,-2.07079997934,1.77868711080,-0.41368193201,0.35023756776,-0.50419177165,2.08888664358,1.29775058944
0.48283207352,0.07114538715,-1.57154683870,-0.20913824659,0.46197459139,1.14932006102,-0.39718211120,0.62177726248,-0.66847704829,0.17427647023,0.07202976718,0.35993090542
-0.26054861082,-0.87150573487,0.10474445001,0.50074187406,0.24331779312,-0.19313200449,-0.32744821882,0.14187083000,-1.16456433352,1.17861229045,0.43883777330,0.32319540765
0.24820476365,-0.47045097717,0.03676027626,2.61744265043,0.57915638356,0.50057914248,-0.14408063863,-0.11864464720,-0.56306135287,0.09486491478,-1.51411831735,0.44649947085
0.61515813077,0.72918513364,-0.77046264864,-1.01885144326,1.07776083647,0.17252683836,0.35420366263,0.21061057886,0.64506959100,-1.71948804740,0.34114908550,0.70906509925
0.62099251737,-0.72572144882,-0.11794248381,0.52715960797,-1.34525236328,-0.01727531858,0.91637756505,-0.45962743714,-0.78438820152,0.55181154870,-0.47043918322,-0.78594034858
-0.57524350843,0.10569146814,0.71975697351,0.33941340045,-0.35781055812,-0.62669039020,0.18852713016,0.01352098771,0.51486170178,2.19063026894,0.83651257140,-0.06253981476
-0.65973987573,0.47689017221,0.11957011132,-1.30954665527,-0.21912065894,-0.67314190841,0.30323289962,1.30927776845,-0.34994997624,0.74204146437,-0.89095460294,-0.61830659858
0.69930354959,0.80632827900,-0.69120218093,-0.78346231120,0.15849692958,0.12596993257,0.80761354298,-0.71349050803,0.21596636155,-1.20956337363,1.07727951951,0.61627395136
-0.82555195139,-0.25829999360,-1.98354317499,-0.08571925364,0.06713512215,0.62129839245,-0.80764252446,2.04903807835,-0.83775144336,1.41062073693,0.18675582405,-0.83247886570
0.02572517775,-1.11176306376,0.45727755578,-0.26147211829,0.62156824775,-0.21452230374,0.28683834751,-0.23595715712,0.12574530883,1.20245146762,-0.54659448764,-0.50586673736
-0.97246319890,0.21223977783,-0.41402495367,-0.07369123463,0.04285216606,-0.37649325935,0.26088898302,0.44148766483,0.51174203788,0.95982651401,0.38559832322,-0.26950785520
0.10094268126,-0.25355496016,0.49255733262,-1.68610094521,0.91323180742,-0.05210857668,-1.27360652558,0.48805502092,-1.32722774757,1.08308384912,0.65670765067,0.86769845950
-0.78293389780,1.06191909063,0.38459666647,1.00241530266,-0.95492314745,-0.85683010207,1.11706778227,0.81695217799,0.25268069209,1.69379793158,0.10871839259,0.01273833311
-0.03936239501,-0.01195180584,-0.43208208787,1.07191144024,-0.34291419748,-0.54041448763,-1.36177983982,-0.05664528383,0.01612867866,0.80383588507,3.20086451953,0.83959478943
0.21308486944,-0.54100367427,-1.07410077680,1.18767390027,-0.80483886390,0.57205208577,0.80186493112,-0.52006490128,-0.42237326547,0.03704712911,-0.72688107344,-0.61974384025
-0.27621467267,0.32192123468,-1.02560484114,0.35942016305,0.43733341673,1.21469365696,0.77807711068,-1.49523708872,-0.27375855262,-0.79602830194,0.02936156828,-0.10073236321
0.08140727513,0.25281510307,-0.92726406769,0.35275285640,1.39897982609,1.31961202690,-1.95963926854,0.51552186306,1.92864215535,0.08188521513,0.69687452043,0.31581370053
0.44112319914,-0.67381465587,-0.75343906523,1.78136132684,-0.71876798631,-2.15191962403,0.48045953546,1.16965781088,2.03956934474,-0.14003655252,1.30852490172,-0.59508385642
-0.04715670964,0.57071444530,1.33056104350,-0.58931779119,-0.72492258553,-0.79634585905,0.33845092744,-0.40800888533,-0.00890844684,0.58300040741,0.69041302971,-0.37481801007
-0.29519884689,0.31189927464,0.23875683502,-1.18118002498,2.23337803672,-0.39295524160,-0.14779039670,0.84466342007,-0.65353431958,-1.10942656274,-0.37271250478,0.99029403907
-0.73570444114,0.33019990016,-0.01907585544,0.01361570823,0.16583641044,-0.38820414961,-1.42683089898,1.61923197007,-0.36057927412,1.62225400106,0.94784203684,0.42935672515
-1.68253190715,1.26634537781,0.70157493544,-0.19898621530,1.46769787064,-0.21790426912,0.33802529306,0.44434883884,0.07918358658,0.01687223537,-0.70778406492,-0.15519141386
2.27037748152,0.19117380658,-1.30689618553,0.46733344376,1.07560243955,1.08276098051,1.15679651083,1.03059829393,0.17107641014,0.58406356001,-0.40378988406,1.11394175111
0.79098278626,-0.56308052900,0.50412983739,0.69800910699,-0.27844260161,-1.21369033454,0.38474853437,-0.73898323474,0.62013439386,-0.11331904381,1.80147753114,0.21470939886
-1.15370696619,-0.11737810626,-0.68340367444,0.81957649779,0.55661819746,0.53937454425,0.66792018602,0.17228472765,-0.75235335907,1.04321402013,-0.63164437000,-0.43631221410
0.10444236297,-0.25863956666,1.08294207175,-0.17413775204,0.08063467231,-0.99561671411,0.35730154043,1.10144083461,-0.79290726604,0.80276479302,-1.32201360433,0.09464146527
0.63957573940,-1.64525262731,1.45369965789,1.44560145190,0.40888063069,0.30687180493,-0.67301736213,-0.76148069664,-0.88553247768,-0.32551110818,-2.00047868895,-0.51577739619
0.09345985966,-0.39524777530,-0.05664326830,-1.30611574517,-0.62836920922,-0.58936236543,-1.25499058194,1.38268099070,0.08191482901,0.33822814595,0.14798250527,-0.92925802770
1.50376759693,-1.61078571393,-0.80686465846,-0.05372470243,-1.47036869658,0.86102951170,-1.07864505979,-1.01035720812,-1.90049856624,-0.68189753160,0.85280205533,-1.30820109219
0.51466140347,-1.22992210881,1.61265092543,-0.24887807531,0.35675547793,0.38190332126,-0.96305996366,-1.34304976617,-0.39924019538,0.10572977882,0.26590638299,-1.13012024961
0.62385405873,-0.17902428287,0.92426272905,-0.48901499415,0.19399376773,-1.28109978650,-0.12629174869,0.16394458314,-0.16548175088,-0.67700057367,1.06882026370,0.21852021094
0.08622382772,0.01171727305,-0.21062745251,0.20591733218,0.26902649834,0.48989614164,-1.09583087933,1.69193769256,0.90496953499,1.56286428757,-1.29149189137,0.62109127231
0.84042325039,0.22271827227,-0.04161746201,0.60044347968,-0.64824050068,-0.07825083298,1.15864421591,0.68772575801,-0.50514586166,1.21830198129,-0.59805850369,0.66570256934
-0.66534105443,0.32141631821,1.10755469014,-0.30344255834,0.55804253892,0.18645068659,-2.00501392252,0.42598943475,-0.39519007101,1.57383551739,0.53873297310,-0.09594561982
0.06824554416,-0.99474504420,-0.43188513305,-0.21746520693,0.18857682800,-0.41696872426,0.18793263763,0.39549030953,-0.07776516811,0.11015508188,-0.36093043977,-0.30910381916
-1.57097173283,0.99581672762,2.34245384006,-0.12804356690,1.24245368824,-0.09742009330,-0.11498113195,0.03031979153,0.00309671391,1.72046995169,-1.34923312443,-1.17685474366
0.53899695657,-0.79197582394,1.34024310925,-0.45873657376,-0.21445986412,-0.46586721763,-1.62667707100,1.00238056716,0.64760343281,0.54437065318,-0.89078117413,-0.45186476153
0.07331383867,-0.53859450963,1.59655980155,0.72448256943,0.55154966682,-1.26756652551,-0.57719436438,0.58306192674,0.76046957180,-0.75960652461,-0.20277945588,-0.09511813256
0.70777837277,-0.58780005293,-0.93988600319,0.24343494994,0.21425644933,0.79242915490,-0.14212104427,-0.05895223882,0.72493227873,0.46128886100,-0.38759262376,0.47916542301
0.19212758456,0.06294208696,0.76656726436,-0.21371377534,1.30901118962,-0.26649551875,-1.57428711127,0.17053604404,1.01772825828,0.08585768518,1.08851437791,0.51571001477
0.63456215317,-0.24675612437,1.20524519917,-0.68980695833,-0.59916107795,-0.38396377179,-0.74320505745,0.04699703965,-0.57479157796,0.06780125481,0.17376507731,-0.34836386366
-2.61152787613,1.17458984202,-0.05114652734,0.67332570143,0.81231947083,-0.71953187229,0.39151045101,1.03812336644,0.25287181890,1.64811911182,0.34813919696,-0.69585633873
0.86861514353,-0.98099981720,-0.79625538490,0.37724502280,-0.98796076205,-1.04757513709,1.72756284054,-1.10661858239,0.15127347378,0.88650200511,1.45563773573,0.27220318327
-0.68473467900,0.16493314787,0.66588690590,-0.92090418087,0.10658880341,-0.76948170325,1.38780889335,-1.00846348928,-1.38026748884,-0.84733759946,0.19181454245,-0.38028154446
-0.33997665027,-0.68273333785,0.77363442282,1.86689700061,-0.39561600047,-0.83825739419,-1.21401969695,0.65926821810,-0.77570432833,-0.37751551351,0.38960041579,-0.48793728753
-1.61454417247,0.51656418676,1.02116182005,0.84151280764,1.71240506149,-1.30572058288,-0.06035601598,0.38788550189,0.62045597428,-0.83137777425,0.19165554031,-0.21884901468
0.57348686974,0.65088803111,-0.77945614205,-1.55439358386,-0.01088184544,0.20452066578,0.70446683032,-0.73512357088,1.47942778193,1.21868048659,1.16254815852,0.88147965613
-1.97888908304,0.85743811662,0.12063239220,-0.72627819094,1.47435597782,1.14053455658,-0.82877662954,-0.57230409524,-0.38032721441,-0.34344005552,-0.10908641727,-0.87016200583
-0.10452516839,0.13221141948,0.01169768709,-1.48553005665,-0.38432970245,-0.18337123824,-0.01140251842,0.13011018772,0.74407231251,-0.01754083579,0.01722767575,-1.00200685877
0.77158347644,-1.40647325654,-0.96757436435,0.78536952574,-0.75013172929,0.41443381558,1.05343204946,-1.49161489326,-1.27621605608,0.70278730730,0.25933833201,-0.89692871608
0.03637675458,-0.17031319383,2.20059733543,0.23297674130,-0.56868871848,-1.00056568659,-1.36064108072,0.63215310848,-0.70854293958,-1.30700015103,0.23802135555,-0.76872736523
-0.50469810992,0.64717215273,0.75340850697,-0.48723858548,0.91697822558,-0.10397472105,-0.00132112503,-0.30779383429,-1.88647499991,-1.33193995547,0.47435543567,0.71167979848
-1.06086646436,1.26467609423,0.24592028328,2.69990346043,1.22706958422,0.64826274774,0.07463279788,1.26579326865,-0.01612043147,1.65175904745,0.58272165395,0.23483823602
-0.15499941546,-0.69270087285,0.28865017197,-0.19422200532,2.00470038304,0.48297466745,-0.52267015712,-0.26729861937,1.64759978851,1.44517454634,-0.81228321015,0.49779381071
0.37800984826,1.01087396827,0.26940882529,0.99006704863,-0.24547735272,0.67777619182,-0.62424652535,0.65351052074,0.72209832571,1.95656972339,0.74713702220,0.89764862575
1.81854980804,-0.25375821203,0.74403271416,0.41300119040,0.97168265714,1.96541493849,0.01659630354,-1.81504391065,0.84075729535,-1.29644250098,-1.45486956841,-0.21459959002
0.37628664304,-0.90773837256,-0.06513221712,-0.70708822419,-0.36995618382,-0.90377541098,1.06216554377,0.22930461071,-0.65031990510,1.85015001001,0.24116395330,0.52557503378
-0.22177826917,0.37814811297,0.17269206585,0.97255200073,-0.72090630704,-0.17713858145,0.85863261074,1.10693062945,0.91527895025,2.14171356407,-1.40592890220,0.10984156412
0.95053497534,-1.23452254544,-0.52775914220,0.11365236926,0.13771522945,-0.13354855216,-0.73758221149,0.19288550923,0.85612806899,-0.73838965084,0.35735500367,0.16755169401
0.83718170571,-0.72806768717,-1.15546429485,-0.39142447674,-0.14170939128,0.07041852608,0.36662068337,0.37875000133,-0.54627860858,-0.89854065253,-0.63144905530,-0.19263972380
0.15754902222,-0.49225740481,0.57264149067,0.00041243909,0.29437246101,0.29649261770,-0.53511903987,0.05197010089,-0.31881953833,-0.41842967971,-1.16243992497,-0.18818281106
-0.24592897904,-0.62516030952,-0.26373337211,-0.98355429747,2.00667303900,0.91931385628,-0.66420132997,-0.24635480778,1.96969936675,-1.40784950123,-1.22250765248,0.51442256394
0.57194797663,-2.77083810478,-0.28713262210,-0.71787338852,0.50880437737,0.45843066151,-0.04321699998,-0.20669822211,-1.35007571133,1.82112104124,-0.56080578149,-1.72470113813
0.98019858600,1.31127690882,-0.34256763716,1.60518261509,-1.86375289265,1.86789275475,-0.54536514163,-0.00605757387,0.49260929144,0.00531211504,-0.70250303267,-0.53895240081
-0.03111162313,-0.22391072984,0.41772910765,3.04673564118,1.39064939181,-1.31736172245,-0.47205582531,0.51793490552,1.16673166162,0.52790471575,0.95187708106,1.41091321672
-0.16019607184,-0.48476711141,-0.23067100509,0.71695535630,0.92959938574,-0.52548841360,-1.00421948123,0.46834007735,1.18411211031,0.69583385413,1.27396334645,0.68802888855
1.63745210310,-0.22864614483,0.78815829015,-1.40106133411,-0.90224588237,-1.43589619728,-0.56266918551,1.79171246009,0.19221014434,0.63130141454,-0.35152100972,0.00304442959
0.52527979108,-0.06165862427,-0.95804058711,-0.01924698435,0.61022061663,0.80024141635,-1.67758229399,-0.25037308972,0.86103397632,-0.91008513170,1.81972617872,0.26634913543
0.09085116435,1.10175180781,-1.74777310136,-0.95372139889,0.52846855552,0.66075891553,0.61726466195,0.56172674112,1.82064029947,0.25905370026,0.35842446066,0.75924105036
0.03781857584,0.85917804218,0.09584142180,0.78740541634,-1.01584253743,-0.10908823432,0.18288140999,0.93069038403,-1.50654974330,-0.39466512827,-0.39943766872,-0.00484263530
-0.45311507738,0.48937680000,0.06866320597,0.51079970461,0.92066815476,0.46557730897,-0.42791889970,-0.53339868637,-0.12935322577,-0.78331606608,0.57482441036,0.32575500867
-0.76567027584,-0.22345518355,-1.70599213225,0.56299242224,-0.32680393593,-0.19296231659,1.31715620584,0.22396336875,0.77827521709,-0.50460262850,-0.48470275235,-0.47875427271
-0.77211225915,1.13055560957,0.43877608604,-0.29185236541,1.22175302973,-0.40184329915,0.65783456273,0.40248801960,-1.61260019962,-0.82949690421,0.26172597610,1.05315920921
-0.35655498044,0.87736307634,0.43161736652,-0.92749069698,0.83716266024,-0.24246390214,0.36504713402,0.80904022317,-0.86500656525,1.13006445015,0.03838818055,1.20243046275
-1.45163228629,-0.21277134327,-0.73862475344,0.41089382602,0.75198084258,-0.46416081527,0.81398602182,-1.25691736901,-0.91854229316,0.14664234291,1.51583968634,0.41192340489
0.44554458454,-0.45213286993,-1.33718125522,0.89181841937,-1.05096584251,0.00900248238,0.68769796931,-0.15289166563,-2.25603256276,-1.19536227763,-0.44150907808,-0.83313841067
1.07904321601,-1.12244055236,1.10969627118,1.31122722597,-0.24338421742,-1.51630301644,-0.55216477672,0.87537024221,1.37164721174,0.37632482904,0.19895553936,0.28405675703
0.72247436318,-1.37686953740,1.71739371472,0.62319184113,0.78073896182,-0.65797124582,-0.52897359503,0.01702519684,-0.85280484482,-0.58764698541,-1.42398128614,0.23335100991
0.09052033057,0.32123395070,0.65022700207,0.08241853536,-0.16877752103,-1.36940450201,-1.60002552753,2.07428781736,1.00773689597,-1.71710280053,0.90373249219,-1.18007976792
1.87553007055,0.00728197040,1.83473448842,0.17279420573,-1.74409678198,-1.50505663322,0.71233834771,0.45063649395,-0.74668250714,0.42538854510,0.04813284112,0.52902769377
0.52320823157,0.63568336106,0.11056771362,-0.05217553556,0.06509485352,-0.03239740666,0.07610148284,0.52966374333,0.91465068551,0.20141381851,-0.30477275014,0.55669125899
1.01438691254,0.68934948854,-0.14761199010,-1.46883499894,-1.80149522804,1.28531869498,0.31086159706,-0.69553347369,0.62421357053,-0.31967047185,-0.77453680054,-1.16394706849
0.02576060499,1.41632577785,-0.54752432446,1.03343974398,0.17441410562,0.81979239050,0.64187982817,-0.55890326128,-0.60854271201,-0.68430430507,0.83810592436,0.74777878778
-0.90837467812,0.07255989344,1.35290735822,-0.96061453327,-1.17754677476,-0.52446332519,-1.25274671847,-0.09934410497,-1.35785878638,-0.35039816644,0.88025779326,-1.50374650327
-0.14517568041,-0.86199764205,0.24253741017,-0.12034454668,-0.29619847790,1.28105903531,0.50876693327,-1.03873090681,-0.00208192360,1.00745018898,-1.00924886557,-1.86189946486
-0.62011344421,-0.12973795310,-0.10948515609,1.14850681735,0.52628526841,0.02524995001,-0.43737921913,0.02236923535,-0.71670598196,0.17866548286,0.51574221205,0.33099260278
0.09258831802,-0.18511835796,0.23291525812,1.34532879796,-0.43215815472,-0.33877902072,0.86962806763,-0.95124688391,-1.79967277547,0.73152489653,1.11979390610,1.44768431442
0.82938156680,0.25849630493,0.29867563831,-1.52386516764,0.67083289869,0.42338785800,0.51119979546,-0.52626501436,0.48554411295,-0.33635014324,-0.77063698553,-0.11034383926
-0.31745849209,-0.94860404094,1.10564857079,0.47731120679,1.63872335098,-0.05903025637,-1.25996961570,0.05690182171,-0.10434463543,0.43159495485,-0.68271050228,0.40481154025
-0.92560538430,-0.53497724169,0.99791152502,-0.34748467427,2.47829503183,-1.21526824851,-0.28271877775,0.82963058560,-1.80257370953,-0.91352295652,-0.39171943339,1.14361358875
-0.73859287613,0.41726374000,0.73833757500,-0.65681264410,-0.26655869934,0.28778074157,-0.31920469879,-0.60362574553,0.06945580363,0.89176201088,0.32185107037,-0.98375646083
-0.61472327194,0.31537612202,-0.00033878198,1.54468614331,0.71222144345,-1.84195219462,-0.38708054848,1.21658683476,1.99700596050,-0.35229022413,1.53508219445,-0.58984951659
0.30145167670,0.52268157314,0.52461175319,-0.33994486496,0.12771755103,0.25579966957,-0.27693973489,-0.52917927622,0.73436857697,0.06267889449,0.52013537177,-0.06904370872
1.19916827098,-0.98216121753,-0.18777465974,-1.65339087834,-0.24740114429,-0.45910924034,1.20639215078,-1.12113600260,-0.42659189619,1.78234671534,1.00937983788,1.40021837910
0.44043855102,1.08237047425,-0.22250202917,1.21586642137,1.26977717058,-0.17037432542,0.55824935398,1.25196331819,0.56575842614,0.34654482937,0.83741990840,2.16373540058
1.41533052003,1.42879846994,1.71950189256,1.23541614023,-1.27097296200,1.52173714561,-1.36292776986,0.13855304807,0.93505068279,1.37433138906,-1.09570845488,-1.03856309596
-0.60518836222,0.62199073352,-0.51404114453,-0.45651115873,-0.53859934612,-0.08600177096,-0.11582861584,1.10442727961,-0.35795186413,0.25168272869,-0.18038992254,-0.38326203477
-0.30610207671,0.60458831881,0.26703439449,-0.12356115737,0.21238602053,-0.20555972574,-0.76614487599,0.54448371859,-0.46697186358,-0.34825424115,0.64942516546,0.22022686136
-1.27853588798,1.39735992742,-0.05627210095,0.25819159139,1.93924758355,0.40930778873,-0.85812973636,1.50031224989,0.03341707567,-1.22717762016,-0.72869182959,0.34104643349
0.16578990354,1.14343624068,-0.54528464896,-0.86986164632,-1.30012565934,-0.24891149453,1.85892352428,-0.23157847414,0.30005090266,-0.56181951403,0.03901390489,-0.51250157170
0.56249258192,-0.49155376165,-0.40429083224,-0.40392898577,0.34211119318,0.14874890055,0.75652203407,-0.83861059209,-1.29512539032,0.34016319845,0.45248609051,0.88846840569
0.22784056836,0.66288361648,0.37814715080,-0.78690322827,-0.21563488412,-1.30114145476,0.89502480638,1.48178315818,1.62296050274,-0.28152745637,-1.24895302974,-0.20403709009
-0.48220135119,0.93924615542,0.06400463943,-0.94735067612,-0.46227432050,-0.05165690045,-0.10080137647,0.19898844400,-0.94547528028,-0.12515841840,0.51030723525,-0.14479015772
0.44213056203,-1.05808318235,-0.40353417435,0.97841139084,-0.99221109769,-0.76282502814,-0.57437766586,1.29944035331,0.65729170519,-1.16017950945,-0.64990092727,-0.15280050815
0.00277835929,-0.39394455582,-0.92584729381,0.61752503051,-0.31092643381,1.58664398220,-1.06899516387,-0.17549356983,-0.60489932424,-0.00682337795,-0.52591746377,-0.59918135761
0.00346185282,-0.52193397828,-1.50662492482,-0.07704411517,-2.07389165711,-1.07696893165,1.36961705806,0.17243981503,-1.75181670832,-0.97489605933,0.52094160962,-1.43372906504
0.10206270476,-0.14477981463,0.50428647078,0.76515039457,0.46543578772,1.24709989163,-1.23610140979,-1.19170583557,-1.45767384610,-0.88015292389,0.15795601687,-0.06517534196
-0.23531061709,-0.74113295607,-0.44778089316,0.30167420041,0.78002134079,-0.07989231371,-3.09294161510,3.27660324105,0.60214925353,0.14132860058,-1.04915776184,-0.27292492304
0.68700029641,1.07470613256,-0.95142191066,1.72796623989,0.28354576118,1.07511502587,0.98770888487,0.23966363798,-0.22882445422,-0.82759353851,-0.80682309119,0.17733138085
0.48216820059,-0.23973410436,0.77328810603,-0.85278117425,-0.46907656346,-0.29348367486,-1.84948442478,0.69495809691,1.06627644138,0.43891094022,0.45479593659,-0.80305080974
0.49198227788,-0.05320238493,-0.62018935922,0.34532891968,-1.89436912239,0.12826130215,-0.14627496876,-0.16677540372,2.10423960203,-0.16645003126,1.40873989618,-1.16120593819
-0.90257021373,-2.08216332485,-0.15298569708,-0.52483774596,0.78669177860,-1.47361208960,0.10059265153,0.56957220739,-0.49852847785,-0.22922483121,0.15427790955,-1.73050426059
-1.26255171063,-0.60353963855,0.41835935007,0.05543897314,0.03758650476,-1.18331774784,0.25386461126,0.08480215786,-2.03214721247,0.33185367000,0.65960454475,-0.32179311193
0.53877792029,-0.56824221135,0.24166981453,-0.47370894988,1.42079429591,-0.05659367049,1.01048890442,-0.51759586902,0.22367768773,-0.21423199289,-1.11218634482,0.30111475636
-1.66030720097,-0.35122900106,-2.29099608181,1.69512657698,-0.23906816165,-0.27051933473,0.82802826604,0.93520715676,-1.00967381893,0.65886431517,0.29096231706,-1.29422252914
2.02373415541,-0.10247916718,-0.41927929487,-2.17805860936,0.80394180957,0.50578156726,0.32585692729,-0.13677334146,1.09091363176,-0.83990520296,-0.64631179117,0.47974744402
1.34807182691,0.25862846808,1.47597866020,0.33881589402,-0.20003642792,0.29146097784,-0.47675951434,0.30087840388,-0.54228663798,0.65422743491,-1.15808297351,0.58757350519
0.56377979424,-0.85887896307,-0.31974116996,0.97267753436,1.15441436286,-0.47754306577,0.91184161876,-0.04643758740,-1.51552540013,-0.39118882555,-0.64646843779,0.91055096369
-0.89199686226,1.04326359440,-0.40454458330,-0.18742754958,0.57966443833,0.10267556994,1.11710551148,-0.37951698665,0.83344114497,-0.55796286200,0.06577264249,-0.22141416218
-0.93034913080,-0.58550002254,0.87313371193,-0.18249596856,0.53290605204,0.44553269622,-0.58565130538,-1.55264686140,0.69221505285,-0.81187347193,1.00592438994,-1.94140653410
0.29684757808,0.25250447807,-0.46313254514,0.30195453681,-0.16057708907,0.43554392209,-1.65696598684,1.30638224062,-1.56329280343,-1.56960965988,-0.00240134035,-0.10793727925
0.70910056723,0.19751961397,-1.20042133352,-0.23471971316,-0.81393598152,0.15406181194,1.52496922960,-1.25382746669,0.75349351066,0.03734105835,1.05459090939,0.17654424391
0.71450367575,0.06544383582,1.44234537286,1.11736982659,0.73693047886,0.49179737824,-1.37466992142,-0.58612044787,0.42409404575,-0.31150845820,0.46552859719,0.28222265181
-0.93597383255,0.54942910663,0.89951094338,-0.05391391615,-0.22866801067,-1.79986076816,1.29271364692,0.50447828085,0.62768560099,0.06892630246,0.10350073461,-1.11268418672
-0.40102830387,0.64620822180,-0.76329094889,-1.34940244381,0.39702495919,-0.53609332395,0.79395812260,1.19512896934,-1.77592224813,0.33282462337,0.29662924174,0.55757840517
1.24639291669,-0.52418676902,0.14501720270,-0.30882958870,-1.16424244458,-0.01517809123,0.23588090150,0.20902535415,-0.45035137460,1.50363122568,-0.29583198396,0.22020120480
0.53513490740,-0.44727607431,-1.12716747599,0.88715442517,0.81778569458,1.42580392399,0.55307745017,-1.31206841968,0.04617541458,-0.06719802995,-0.58515511817,0.25580933296
-0.55119928980,0.16898548922,0.26908442287,-2.13766492928,1.82114382723,-0.07497565437,-0.69115482117,0.00333158188,0.83028446839,1.93418113576,-0.00061505174,0.41980842227
0.99268036424,-0.40891984165,-0.43893765455,0.45251764918,-0.98370762387,1.85861176576,-1.36986457825,-0.59946235137,0.60496047968,2.94507513541,1.06553574448,-0.08909629781
0.40584702215,-0.97496311280,2.28236408126,0.88601800772,0.66786738054,-1.12052937200,0.18633876031,0.00205493200,-0.35977115928,0.95655642960,-1.00959484528,-0.04963964330
0.57188524837,-0.61786479897,1.00510228694,-0.38732705138,-2.34878019818,-0.20597582592,-0.61407363158,-0.45478352207,-0.38843102670,0.73819192423,0.74912269793,-1.38819879178
1.17887067938,-1.18584131234,-0.89328372812,1.21799048053,1.03775118183,-1.09920780569,0.18275722587,-0.71591151866,-0.26496268717,-0.84621894389,1.82065785476,2.17714146448
0.92988221373,1.17491905122,1.34084141378,0.38259384418,-0.98411138705,0.65934074744,1.25032434218,-1.35618533885,0.42023388083,-1.07235579884,-0.30311327324,-0.81239785185
0.21011875593,0.10527820859,0.81820094730,0.96416436898,-1.39111598765,-0.39865865046,0.49749345666,0.32196540516,1.30639701345,0.50614086873,-0.71851964655,-0.79481761142
-0.33470556335,-0.09303557736,-0.25324184750,0.70413895659,0.22597000801,-0.15172354686,-0.27919221286,-0.52847822945,-0.36787644725,-2.06616136931,0.69382740275,-0.19895413870
1.24404486053,0.67014042848,0.85425457125,0.16338813841,0.70458067303,-0.04359950099,-0.56061678635,0.25242907687,1.24878726613,0.08405316603,0.31207673327,1.11159723975
-0.18383495436,-0.44104209114,0.87933910676,-0.67805873436,-0.60106610883,-0.65759038468,0.93476910601,-1.68961925079,0.61474653184,1.66466928337,1.72435437931,-0.99612473940
-0.30855135882,-0.35367634133,-1.02903444878,0.32045281820,-0.16162261151,0.08551418114,0.85934139709,0.52105338446,0.79549446403,0.92103720967,-0.75076500572,-0.10854290076
0.38656511646,-1.20563239061,-0.43548625035,-0.66362974419,2.02168785580,-0.25703374071,0.93608494539,-1.29798082140,-0.14224503140,-1.15696849806,0.00705668336,0.60947684027
-0.65262834986,0.87979492930,-0.14432640006,-0.12858359156,0.10881853157,-0.84870011824,0.88100837895,0.77496376952,0.39748167654,-0.24285036958,-0.08879421243,-0.06244777654
1.52700155253,0.62426409768,-1.78407647946,0.65035950469,-0.39547721881,1.52640942136,0.40449376293,-0.04258301646,-0.16206635523,-0.04071810916,0.27624063962,0.44199190343
0.84278904405,-0.77557885972,-0.86042281645,-0.19230642703,-0.28736014189,1.55429885421,-0.30358546898,-2.04059110007,-0.24253854800,0.67686127669,1.20139569101,-0.37803138103
-0.21623840107,0.03366255801,1.69888700044,-0.71638050120,1.60130633125,-0.71498956312,-0.39469328077,-0.39077904277,0.03080129290,-1.32981657314,0.19927711357,-0.00891005931
0.89984059305,0.21584562488,2.10793927509,-0.93186870990,-1.07556508024,-0.55897874324,1.58704862515,-1.23318773845,-0.64749858470,1.35826148262,-0.16193316794,-0.56042179669
-0.24159652689,-0.72523735291,-0.18416367702,0.29276143086,-0.19333789122,-0.84188389084,0.67015148478,1.27481398608,-0.69320418570,1.82772214950,-0.35668947596,0.26134232593
0.44928070567,0.46091526182,0.58646439770,-0.00610613790,-0.16661188380,-1.11374393660,1.69907117294,0.51132744217,0.69573598302,-0.92251830570,-1.16409880054,-0.13074282575
-0.63433805457,0.08109842554,-0.64477694288,0.43019009875,0.38046068839,-0.46309869539,-0.00773950866,-0.20724853399,1.57598217598,1.23304035093,1.83970184318,0.17739212182
-0.42321746653,1.27281242262,0.16172147398,1.10028184341,0.28029633718,0.36750823459,-0.57675340468,0.67231489664,0.30490899821,0.65637791073,0.64328562366,0.43912868999
-1.27982600063,-0.67029499542,1.16952581601,-0.45881660199,1.56901622461,-1.38653044120,-0.00801511531,-0.95281906964,-0.38291670224,-0.61372783258,1.17379197757,-0.58600475087
0.04758611226,-0.17296537520,-0.28795555731,0.66918681303,-0.56831095804,1.52571711031,-1.24064632295,-0.76879384216,-0.50125544899,1.63628240634,1.07592022557,-0.48145603615
0.38530491886,-0.76011709679,0.20432274333,-0.37447945377,-0.43382331474,-1.05566173525,-0.38878579251,0.36975150134,0.60282081722,0.98713251875,1.16489604312,-0.13657934455
-0.68669443479,-0.11770908705,1.08396428139,1.28711328138,1.68218336799,-0.90915213981,-0.16631486542,1.40845615352,-1.22222853422,0.94660790052,-0.29965513609,1.65219439377
-0.97869710218,-1.30238671430,-0.93383576279,-0.78447365065,-1.25650736861,0.12338421127,-1.46630480443,0.72973980301,-0.08777082368,-0.21217949286,0.77055728646,-2.45963747234
-1.42457776963,0.57333067500,0.68741593863,1.41999067505,1.76951133626,0.26081205072,0.16717083892,-0.20755285632,-0.57455872497,-0.54010121412,-1.00701152704,0.21797185158
-0.05024472125,-0.32396549611,-0.67939052003,-0.10851146665,-0.63401503730,0.47097404825,0.89506117598,-0.33390460436,1.10528598383,0.89394344251,-0.34820355159,-0.75918510827
-0.18077562334,-0.51699642304,1.36203190072,-0.94237953935,1.16234812002,-1.03509135709,1.17781666516,-1.10953498225,-0.73175494780,1.51344263424,0.68789354608,0.94723470512
-0.20651826850,-0.31132530670,0.19837950605,0.25926023283,-1.12465298486,0.68572459664,1.60275389741,-1.65616038368,-0.76516536351,0.84677513886,-0.16116867576,-1.71628258048
0.56191955785,0.36546974182,-0.03941814072,-1.42301459683,-1.45162104797,0.01283997145,-0.07444486048,0.13155699909,2.07910921036,-0.54554989112,0.43704593219,-1.38881720622
1.60541562302,0.53331844563,0.61697619873,-0.30420543668,0.14015601168,1.01004527228,-0.75866717971,-0.32432813772,-0.70695420498,-0.27979743277,-0.07789167859,0.81355362266
-0.18377033021,0.15898322544,-1.14135668383,-0.56391173890,0.85983349800,0.09972760275,0.57982260088,1.19108992647,0.71005880496,-0.47599318719,-1.29137522505,0.45033526624
-1.36464357205,1.03982770574,-0.53649477648,0.86875039073,0.31130547488,-0.66607272174,0.19524389020,0.48091718349,-1.06949934175,-1.09317572706,1.04514744177,0.07065916839
0.83719158910,1.19226559509,-1.10735709541,0.30347656855,-0.17691060001,-0.07553566716,0.05826412063,1.81997387617,-1.16703351528,-1.64087663772,0.03317307051,0.14364658344
-0.47730166327,1.45503719623,-0.55320249089,1.10793791932,-0.38214770923,1.40743119112,-0.11209373865,-0.22819416513,-0.34231792972,0.06517853668,0.38322359268,-0.28055740041
-0.09170386350,-0.40267665884,1.90315993508,0.06758111209,-0.83284511570,-0.66538004222,1.96854187291,-0.16211783420,1.75233668564,0.22370935497,-1.10802981497,-2.36082752221
-0.22347739817,0.51301886987,0.25024370969,-0.53781310073,0.19824386296,0.20770945469,0.61997967744,-1.01785682944,0.03917604243,-0.63540873669,0.35311953190,-0.33346477861
-0.61927545913,0.27990089213,-0.61662683368,0.27321045809,-0.00381525677,1.01252342438,-0.31113561864,-0.48435465554,-0.56733757805,-1.17019575914,-0.26341797362,-0.51457798922
0.08955479078,0.77019741502,2.35045742568,-0.55157000397,1.72682533810,0.21022895215,-0.39976850594,0.12161787859,-0.26278152273,-1.54456424248,-1.74779036806,0.12932429774
0.05979240603,-0.75496578892,-2.63355771532,-0.50932700774,-0.24002111457,1.53784538320,-0.47695593176,0.04376463449,0.01647490764,-0.29150403791,0.15624405705,-0.58447248192
-0.48829591636,-0.70070101076,-0.44379398166,-2.06840269015,0.87318454913,0.21206972427,-1.12253532097,-0.19178429869,0.01058973338,-1.17612794313,0.68967245209,-1.20632723334
-2.49577022157,1.59156728116,-0.22394800603,0.60120765887,0.75023888585,0.55537928924,-0.57044315155,0.53497823924,0.27341601474,0.01823224363,0.29068198589,-1.36131287460
0.47321123862,0.52347416189,0.57364762104,0.29313856425,0.82903748424,0.89345102785,0.19114475462,-0.18449119342,0.01459492462,1.57010916845,-0.30554005470,0.94489907213
-0.49791761255,0.94904430549,-0.19597453374,-0.67259381960,0.60993527034,0.67536435150,-1.16441237109,0.95806476036,0.26226701596,0.94049602703,-0.13247258457,0.23423875534
-1.27501533623,-0.50364406729,-1.33433857121,1.52649194518,2.13979036919,-0.10128889985,0.60523359933,-0.66875278684,-0.51231640003,-0.24767637955,0.37638165920,0.96735558049
0.18277918193,0.47073852985,-0.04069031960,-1.18551099866,0.13224147080,-2.11906926545,1.86548224584,0.40507583317,1.05892685727,-1.96123686328,0.99630171101,-1.30764106340
-0.64767306819,0.79138581721,-1.29614093385,0.35488553844,-0.71367707498,-1.05884628232,1.32159206540,0.35479691748,0.93591812732,-0.08242465700,1.21882584322,-0.45711771280
0.08575245311,0.02150450192,0.06678836607,0.13507419899,1.05822336264,1.81495255244,-0.61546722204,0.03994938384,-0.67734607250,2.72374602457,0.20041769520,0.97894626403
-1.77625126162,0.07068457257,0.68951383305,0.58749537347,0.78608085254,-0.83280066668,0.98421878299,-0.90688379716,-0.64702944601,0.33148344388,0.62400588181,-0.68728701522
-2.02438489636,1.06041157715,-1.79619422995,-0.67402484306,0.94625299916,0.27441861607,-1.86771676517,1.56386415936,1.25649801540,0.48841941843,1.53607011582,-1.55319085846
-1.07855880189,-1.49131725951,-0.99327216190,1.65622008548,0.57112110181,-0.07593892401,-2.20805413490,0.32296240176,-0.52744103355,-1.84702639566,0.94275199259,-1.12307663285
0.53361829991,-1.52682157096,0.64395562939,0.20894991005,0.09857321199,-0.14021354784,-0.79214930459,0.40250055466,-0.59214769678,0.31421232132,-1.21711813463,-0.33566378861
-0.21418869275,0.95262818848,-1.76539165828,-0.47979710170,-1.42036407445,0.31600177412,0.40560636481,1.31287973352,0.25053832187,-0.55789307063,-0.20124385350,-0.72081660132
1.03904807223,0.05306809618,-0.29297945276,-0.41631070597,-0.40869270115,0.37259134523,-0.97449364326,0.27424800952,0.87270034987,-0.83909744868,0.47719118477,0.04039597394
1.58933711245,-0.80244557293,-0.40219849995,-0.35830514200,0.83343167073,-0.62838684308,1.41276773275,-1.16109486182,-0.75018698836,-1.53537149636,0.45983046414,0.95315075389
-1.17345257212,-1.77195008334,-1.36053495870,1.45382080901,0.03747913148,-0.25767748306,-1.22298454647,1.06283235917,-0.58354142034,-1.39866580929,-0.64381595370,-1.18871876505
0.70585162738,-0.06874376321,-1.51211714433,0.17187138928,-0.93616790060,0.82136136144,0.46559599634,0.42011598713,-0.89576819730,0.46955372702,-0.36152279438,-0.29127728471
-0.15968301894,-1.18891915628,0.66568792306,0.73758829364,0.91312294630,-0.86839299615,0.20544293163,-0.21930361350,0.56351037840,1.83871078139,0.58320703193,0.25191634248
-1.14331407599,-0.37486502572,0.00484433762,1.22103760961,1.39639419457,-1.03812850976,-0.72325450491,0.05582895614,0.13931609675,-2.27097342166,0.81628287674,0.00375557985
0.32930642869,-1.04421604998,-1.33939733512,-1.72792457110,0.74840329824,-0.08411873596,-1.66844685405,0.49370397889,-0.66112894812,-1.50938826436,1.99903167159,-0.77313044289
-0.63464927980,0.35252301498,1.23962679194,-0.94490383099,0.28154527383,-0.44048970732,-0.15214430503,0.07548417701,-0.56722242823,-1.98365322688,-0.37684538456,-0.86118277255
-0.14520170018,-0.55602349950,-1.66731886300,-0.32298675901,-0.21722193369,-1.11354142932,-0.37379315495,2.97565705209,0.57671240859,0.56800644313,-0.20413328489,-0.36501069465
-0.72406726517,1.69603158908,0.20735435870,-0.60046700619,0.17968979768,1.40300624586,-0.53910262109,-0.18688142593,-0.67271033549,-1.23914152217,-0.44261708415,-0.55678475112
-1.87484570131,-0.34992262039,-1.62434573200,0.93773410884,0.28343981678,1.38490347729,0.58199462868,-0.73328232044,0.54013921600,0.16649383136,-0.30142381400,-1.44942274174
1.53240688717,-1.60591594416,-0.73836415129,0.60035025491,0.72449287618,-0.15445219596,1.19121035182,-1.32514853524,-0.18595033682,0.00523631398,-0.02323693321,0.48749748321
-0.27556191841,2.07636849971,0.00355413576,-1.11806747910,1.01037446418,1.23139030618,0.12806661485,0.42252243748,0.32766622521,-0.29973144884,-0.93195582877,-0.04249605647
0.27745567213,0.23973156565,-0.18586845084,-2.10660851665,0.11264829344,-0.11653176686,0.52162654217,0.03626445985,1.00396465680,0.19648793862,-0.39799368556,-0.68169236252
1.28962834380,1.56757251345,0.28414558185,-1.44660979440,0.54171383538,0.10081165423,-1.00917934905,1.47675795600,0.13529487593,-1.19909612058,-0.01696529962,0.65279683957
1.24041557611,0.60400514497,0.35926841561,1.60100223666,1.52781290591,2.15086954874,0.22591559514,-0.35932031476,-0.68178580615,-0.91197174050,-2.61095969506,-0.01464947131
0.28555757912,-1.18545810122,-0.13299707853,-1.07825957962,1.29720756044,0.55074669353,-0.01479938152,-0.14778413802,0.59527119597,0.72316912660,-1.52123679929,-0.19800485093
-1.51588324826,1.54150149877,1.33726792738,0.52257398273,-0.30925224543,0.07419392620,0.88137346823,0.59325918762,-1.14816038319,0.37029453582,-1.67156435605,-0.83231521337
-1.09918242966,0.51176383057,0.13853497925,0.73705310294,-0.96084829104,-1.31357253509,0.83175386657,0.00953925717,-0.69990995383,-0.79181958846,0.92217213391,-0.80257736037
-1.24374130404,-0.31408830981,-0.72526433982,1.47992422643,-0.21600750429,-1.13747954706,0.45930487299,0.39078786040,-0.24166542301,1.00811958655,1.30751724972,-0.18944089369
-1.61292537050,-0.89721261316,0.16780759533,-1.08448675434,1.88011030164,0.36791291081,-0.11657164178,-1.09207391439,-0.01900961616,-0.45221237936,-0.37660784513,-1.40015658293
-0.44229817368,0.28155082062,-1.55733463509,0.94465098189,-0.42208156956,0.42812158462,-0.68448042183,1.99210531331,0.37093612343,-0.53358206453,-0.74251515790,-0.36941285982
-0.23720531358,0.44458603126,-1.30464325876,1.42320822952,-0.26081230812,0.46811688917,0.45136574582,0.30875527198,-0.10288266249,-0.19364685401,-0.05262714629,0.05640387132
0.03246866964,-1.45519353984,-0.33839241361,-0.28467254154,1.23952106573,-0.31780554497,-0.04886125303,0.03398154445,0.65834862103,-1.26970934838,-0.81655481142,-0.00603629113
0.76599055685,-1.86990125759,0.49400883358,0.32660296723,0.74141834539,-1.22433985539,-0.63053597850,-0.02189581673,0.61345623388,0.18264648341,1.08214637192,0.14442897464
-0.60689108910,1.07888223886,-1.75245601895,1.83083360331,-0.74693138370,0.36395053327,1.93993802455,0.27716915721,0.73878804640,0.34816559064,-0.87062135928,-0.09229300517
0.40200480968,0.50527705725,1.17587966973,0.30155648096,-0.09407923146,-0.34153759393,-0.85629366891,-0.23117475647,0.05627691936,0.56131897834,1.47924475567,0.61736430100
1.48789368640,-1.77132224017,-0.40869724517,-0.18443504709,0.52428280881,-0.60951204419,0.25284548502,-1.07762865087,0.28169806798,-0.09311196274,1.39111313520,0.34455819540
-0.11990509445,0.89730778967,1.54250024947,-0.47236054148,0.15891775804,-0.70487828560,-0.26676884382,0.66405865864,-1.53415103689,0.05094694064,0.25339037319,0.76015255118
0.46831283822,0.71773963313,1.72319721453,0.39621014380,-0.19544221200,-0.45046520216,1.40512730817,0.00434795268,-1.68418204219,-0.19747848030,-1.30048194686,0.23661152387
-0.57160539033,-0.81155885530,-0.68785108075,-0.33682322279,0.92485251066,-0.14525597647,-0.70594223843,-0.39798890700,-0.34243674781,-0.17091627648,1.42106704119,-0.01752394629
-0.20247661858,-2.13416075219,-0.42612044974,0.07354762426,1.27714647606,-0.44732249711,-0.88182718266,-0.82264115617,-0.01482049581,0.05737519798,1.63870858533,-0.47867884723
0.11236703477,-0.65342302962,-0.26999011511,-0.18090880695,1.36700004177,-1.10767825354,-0.40628163688,0.29226725539,0.15283924129,-1.44529537434,1.25576119216,0.48516963282
-1.73820049653,0.00861513535,0.17327299836,0.22295241432,0.16264496194,-0.52280481657,-0.65925401952,0.72900686159,0.14879537329,0.43805179761,0.27430411825,-1.25262769385
0.23351488352,-0.21184234600,-1.21278206078,-0.01894187233,-0.07329378566,0.08691736396,-0.28238224981,0.65718904924,-1.53325538785,-0.49607137317,0.48801408985,0.06060014510
0.29813382262,-0.51146955445,0.46751605859,-0.09544041582,1.06505928328,-0.21533223409,0.07283715467,-0.29367180701,-0.42596261015,-0.44341442525,-0.29973101324,0.47039884714
0.35149158730,0.98094093805,-0.21231192401,0.37009623610,0.24450330306,-0.22595128837,-0.62142366651,1.46086169564,2.07560718313,0.84142054745,0.04228162953,0.86273795169
-0.19293479885,-0.22360454610,0.93162629470,0.75638255471,-0.65630248939,-0.52393210972,0.75642264281,-1.01497056204,-0.29076075788,1.27826687932,1.02494379931,-0.33632856994
0.45263224435,0.99954912788,0.40291410477,-0.52111479879,0.77902850556,0.77463837492,0.37958173769,0.15857901094,-1.85568265180,-1.50622487069,-1.21410652791,0.29959533641
-0.44857210008,2.12414201335,-0.34756247840,2.11046971058,-0.23341740756,-0.85467603455,0.90846246453,-0.59728390309,1.58392206145,0.73344921470,3.17056779819,0.05902593510
-0.49637985853,-0.02639847171,-0.30637757719,0.36418372145,-0.71538415611,0.20756370036,-0.26232400228,0.35728727176,-0.30574174239,0.82429288237,0.10013569448,-0.45261601079
0.54614342817,0.25775341394,0.11508532798,-1.43904146147,-0.98589337481,-0.28564356237,-0.34306312013,0.22990774649,-0.77077243124,-0.35966670392,0.56191776431,-0.50747788157
-0.50583862425,0.69919723175,-0.50417538663,-0.99983952266,0.62994411205,0.16930245390,-0.26840002716,-0.31951977318,0.35241772433,0.12866756529,1.25633540697,0.29581728219
-0.29242510223,-1.06358103301,0.40316079986,1.91208458892,0.45242101961,-0.81422415598,0.81037315432,0.89938511914,-0.29133448262,2.57881059715,-0.32210259717,0.68137854703
-0.20039320428,0.54359680622,2.43915958497,0.75437882617,1.18965774350,-0.67488598621,-0.78104595452,0.14472495296,-0.55422963202,0.23524321096,0.24288146672,0.81994948145
0.95099567969,-1.22966481097,-0.00533645021,0.48354662709,-1.93062120039,0.41428370004,-2.14067739507,0.95481074979,0.11724043225,0.22342195392,0.02979399249,-1.16355432969
0.85364305657,0.14791839425,-0.56058283643,-0.31448604476,-0.38596193796,0.48719099468,-0.80509515078,0.22440635089,-0.61889907985,0.36066870821,1.00363515382,0.76091532673
1.11959593328,-0.01145688484,-0.70826191864,2.36644833508,-0.91830534696,0.52724178256,-0.06717094298,-0.26186367821,0.88237638213,0.64247159783,0.56066479232,0.43397247289
-0.60490037073,0.92332140639,-0.46773953808,0.64264187549,0.05497030434,1.17102942286,-0.10845916202,-0.76195572962,-1.81272915838,-0.97353199466,0.29184533677,-0.02515776311
1.14017711496,-0.19072308598,1.27716862785,-2.09260604315,-0.71587602182,-0.39975198278,-0.28581957738,0.27889540564,-0.25572844627,1.89938799732,-1.04214363930,-0.55210751717
0.27656259038,-0.20780184754,0.94629783794,-0.63148327188,-0.56506062202,-1.08375188049,0.66449782388,-0.11953451600,-2.39200922038,-0.24881758692,0.43998653811,0.47364031958
1.04191592187,-0.10524317292,0.57167680745,-0.92855643933,-0.48549049162,-0.93056176251,0.64238327039,-0.15965552774,0.66338789814,-0.56847735885,0.52197551051,-0.46715899592
0.27024438379,-0.72492143399,-0.22005307891,0.54644965513,-0.71093096654,-0.04202098561,0.29857441783,0.66179800783,1.17118158952,-1.69246425958,-2.59759558284,0.41985163183
-0.58839796887,1.72394989981,1.25533928910,1.77890319934,0.74000032656,0.58943765609,-0.58281866922,0.89996242125,0.71632108692,1.50491800563,-0.40115416608,-0.16953977489
-0.26425294205,-1.05041546991,-0.46675445684,-1.14282123978,2.02451102656,0.34435125421,0.80754196267,-1.69821782671,0.10105469841,0.06607089099,0.20476473230,0.18351711510
-0.18847663610,-0.25526912235,0.68335840913,1.83586569894,0.30968927352,-0.17375991529,-0.32013136066,-0.00594287560,0.65155187161,-0.10857804467,-0.59596410836,0.00597774279
-0.80582099177,0.52589218395,-0.44242640860,-1.24209470297,-0.36085248019,0.86453198961,-0.83806199076,0.94373331550,1.27991443859,1.33657002874,-1.17983723134,-0.83384331917
-0.62122677997,1.01168292656,0.61510258535,1.77414062128,0.74891898199,0.81210827867,-1.01577968803,0.70402610099,-0.09843285840,-0.39992543696,-0.81539811384,-0.05294321182
0.37539023422,-0.02603972204,1.31515980181,0.76959234796,1.03346351982,0.80694149798,-0.92269704737,-0.68165550866,-0.66890777547,1.56222530150,0.77699640776,1.14416000669
-0.46265802478,-1.03517149274,0.33424594029,0.01477960728,0.03784790583,0.88250885981,-1.54677804243,0.17704779954,1.18229650379,-0.87209482200,-0.90841401677,-1.13501034008
-1.22849330206,1.84563220334,1.40619704591,0.55825991643,-0.14858471461,0.52358752293,-1.27835464896,0.62541217656,-1.37368259776,0.88143353028,0.38273768516,-0.39199623913
0.36495742576,0.69313270837,0.31631742463,1.12851469060,-0.46640255881,0.28061646021,1.41221007092,-0.59572489878,0.38809232169,1.09763151816,-0.21881071095,0.05673117141
-0.95798494465,-0.00351991255,1.53389483384,1.57443789250,-0.14758169310,-1.53340353681,0.39470375145,-0.69475139779,-0.39878711624,-0.45468829739,1.24665421375,-0.76029893441
0.20559080602,-1.29153551579,-1.86585634446,0.98391002730,0.31113083664,-0.07963369489,-0.41351036362,2.19524236837,-0.19422648183,0.37447780625,-0.90629785096,-0.15388843544
0.75231084718,0.16220958171,0.37956242909,0.40202568082,-0.62331259110,0.41271955512,-0.51471361398,-0.45172786271,-0.44573377716,0.36521520710,0.68218923655,0.38826832984
-1.90068877352,-0.75583406044,0.94443528283,0.21236869426,0.20336462027,-1.80693943748,1.96812193855,-1.65679550305,-1.91709297729,1.06403555957,1.23234536000,-0.48138418772
1.50032559406,0.18594566375,0.04807694037,0.20886941532,-1.20545944072,0.60857144532,0.33846280387,-0.24546550571,-0.69652658440,0.75823891321,-0.27753807324,0.38095315338
-0.77265253115,0.48658621399,-1.80859820047,-0.65628596502,-2.44153190822,-0.27994991767,1.06241944709,-0.55153814561,-1.65216789022,0.05129235986,1.55264398390,-0.23315827785
-1.00753985458,-0.67194142581,-0.60341683696,0.03596814697,-0.11984448791,-0.41800333307,-0.07389744902,0.42328520346,-0.41352387401,-0.54268407712,0.06068818475,-1.08293943188
0.66540278908,-0.68262907189,-0.74574644784,-0.12617406693,-0.46687825061,0.32510349547,0.75950091669,0.99182485444,-0.24104830271,2.00388233227,-1.08509239176,0.05097817715
0.02516640960,-0.29037196384,0.30108342595,0.10578703230,-1.02626448548,0.40345755997,0.12066194268,-0.87295230783,-1.12675338864,-0.73106103928,-0.23915834676,-1.03201415360
-1.08740684000,-0.61778787435,0.87124674253,0.73815958476,0.56741870163,0.62100389475,0.30601811867,-1.07262306863,-0.47518910781,2.08096663980,0.24060186619,-1.49575375406
1.04812049772,0.09277437912,0.60299762294,0.32663558799,0.86133495318,-1.14012671047,1.19491804002,0.14369590083,1.16161820589,-1.07092546905,-0.25092396921,0.72330143177
1.37622624186,0.31426118455,0.26925978306,-1.58868274219,-1.04904325043,-0.90048248902,1.19825499749,1.43488371861,-0.80084189832,-0.21919874977,-1.66351315695,-0.47244316135
-1.19660746993,0.44036211097,1.55281900688,0.57773757481,-0.99708527028,-0.79942829605,0.06889166516,-0.21046501156,-0.36555112700,0.41777228449,0.54575319396,-1.38070354354
-0.49406545877,1.28144502877,-0.34186593152,1.01733643591,0.21311217013,1.29952024432,-0.92395699562,0.47588617491,-0.30221276423,-0.83373152308,-0.23127569738,-0.25608385080
0.72611028791,0.81796650648,-0.45937683935,-1.49779844643,1.35394394794,0.01429270727,-0.37758684361,1.12619872665,0.50061434884,-0.13842021224,0.18174294871,1.19778010066
-0.51798591710,-0.65017964643,-0.16521244539,0.12275389530,0.30234816477,0.16996185840,-0.57724109032,0.46582420806,-3.16583744178,0.51007012230,0.26883026181,0.19132375815
0.38777990164,-0.34523006013,-0.62796909238,0.42127990396,-0.97700470787,0.22630423525,1.00448938592,-1.59330267314,-0.78139082241,0.36268631443,0.98742808227,-0.02361240320
-1.56710313481,-0.47709019807,-0.35905494130,-1.31879262492,1.06858437553,-1.03731944606,-0.46761766054,0.51201522735,-0.33383076499,1.41120833722,1.22765346474,-0.30632497708
-0.47245888650,-1.07896637204,0.26583762463,-1.58039073805,1.18024664494,-0.49574267163,-0.77471490529,-0.54528192640,-0.85837641881,1.54697248758,1.60314028635,0.73918006119
0.34274612816,1.14338320358,0.77708802228,0.03268746480,-0.61354029553,-0.37805538563,-0.61939661110,0.83937510161,0.32020464077,0.13775639561,0.32651172391,0.20593262128
0.68552673995,0.31535331257,1.09856205708,1.06981551460,-0.37991376404,-1.23651409646,-0.49834470340,1.01667951133,1.49749596882,0.26839749960,0.38955600939,0.16557283908
-2.08879509586,1.89678454448,-1.77459774706,-0.90608193826,0.46408750816,0.40723384251,0.83144905755,2.43522294027,0.49297462041,1.53759357696,-0.84079660939,-0.95176483283
0.15876481923,-0.32953255455,0.37667381109,0.09389952244,1.14908181934,0.49719121544,-0.23324966417,-0.74724516020,0.66934269825,0.03997885057,-0.21193294587,0.14773391437
-0.31678225970,0.20146615284,-0.21657680582,0.57776363263,-0.27957354806,0.25116788180,0.65906036014,-0.53725478380,-0.84083407924,0.17412955941,0.06718850312,-0.07490386527
0.76317060479,-0.08213709570,-1.39852970985,0.09147935350,-0.76217290577,1.94038413466,-1.31646063593,0.76727570429,-0.91220252885,0.48884890316,-0.83360234682,-0.61314305407
0.53318580820,-0.70206262315,0.05019135398,-0.50884318563,0.90563746202,-0.31790503681,-0.26955293787,0.13741818381,-0.66694101188,0.37143461977,0.45407545525,0.98641065078
0.46680589892,-0.04504917881,0.12436984964,-0.98128304961,-0.03053556724,-0.07335404727,-0.67151548037,0.22892395779,-0.87433939338,-0.91081986433,0.38216758896,-0.14463738717
1.17460032956,1.54862790219,0.61661741502,-1.68949688691,-0.56882410470,-0.58144693444,0.40573593640,1.51770057916,-0.37139490506,0.53333226030,-0.79362897851,0.46518723051
0.23633133936,-0.05725649949,-0.91708969714,1.38235833139,0.47444568303,-0.13956361542,-0.89438981252,1.13352201196,-0.56524401166,-2.49700175514,-0.37388597325,0.61877918850
1.01526655583,-0.83394233366,-2.50004741949,-0.11549215984,0.83630615723,0.63466139493,0.77045892599,0.54922169665,-0.84822350450,-0.62774459255,-0.57856997636,-0.00138886274
-0.08861785130,0.30123185304,1.06761002833,-0.16240115011,-0.62460967564,0.11984420895,-0.22425847855,-0.23823834426,0.50656175188,-0.31991037009,-0.29538911767,-0.97783035129
0.17546374026,-0.12905350340,-0.88436285081,0.20565601784,0.46582216877,0.87973286030,-1.68424551252,0.92697530000,2.39435956203,1.28692248319,0.24718874413,0.37032836798
0.83777850407,0.54212781087,0.10880999970,0.38807540345,0.01965473524,-0.75689217998,-0.21737054276,0.69982474230,0.24777890956,-0.98811330248,0.93897645299,0.80675164318
-2.14584032840,-1.96757753974,-1.95886243358,-0.11596255308,1.50422103226,-0.31547111416,-1.41144763936,1.13784357859,0.18706613154,-0.34837988210,0.59830600457,-1.39511163341
-1.57965969365,1.21839144274,0.64385785032,0.72629438543,-0.11259701579,0.00672993330,0.59275954238,0.69178225196,0.03834134154,1.25413762921,-0.95444354189,-0.70821055774
-0.19317370959,-0.65238528735,0.20190623136,0.09826051309,0.51173945904,0.30004482334,0.46023937723,-1.65713886407,-0.98638324967,-0.13386631243,0.42658307140,-0.36315396549
-0.64674107881,0.61303657074,-0.24974909347,-0.59712873334,0.86209246021,0.12722992517,0.19375665891,0.96715542000,0.04695700038,0.50163654296,-0.90655212735,0.24632326461
0.77930074637,-1.04834721128,0.26643192787,-0.26121954538,-0.52491059309,-0.03974614722,-0.65137696695,0.59789481951,-0.06577032486,-0.00329243567,-1.06380513135,-0.37499523834
1.07656998392,0.03195828171,1.32808240802,-1.93516136204,1.27835929800,-0.90712403532,-0.81955979374,0.33556864841,0.62367283103,0.75986976974,0.22273264812,0.63887391528
1.45690346584,1.79946414358,1.53583857705,0.77040505221,-1.91980591534,0.36701776852,0.11549479478,-0.33254403982,-0.70313362042,0.43717442971,0.83804897731,0.64808450613
0.13461725210,1.06192293728,1.75064990115,0.24466721954,0.24603405026,0.59933404299,-0.10593593674,0.66787328653,-0.58279020490,0.95166760987,-2.36240087370,-0.07727152836
-0.16299914332,-0.57185517715,1.16285873595,0.87993514031,0.60029257348,-0.66034997662,0.40711848131,-0.21096623149,-0.32327315017,0.95205003915,-0.32534055273,0.07876825647
0.18733667448,0.84272552125,-0.80845020964,-0.39238480588,-1.41647890828,1.05798037134,-0.22713403948,0.94500354039,-0.53520776076,1.72425455743,-0.12733692500,-0.07380028577
1.47827935041,-1.01915526928,-0.26380165458,0.07798059444,-0.10847239485,0.98227715499,0.09438079764,-0.70901129244,0.46590552300,2.16135953496,-0.09729110462,0.40110945687
-1.12859109104,-0.03303422222,-0.24622132496,0.70521659338,0.99371085467,0.08400502382,-0.15229692364,0.63423707231,0.68137532350,0.61433410309,-0.78750093395,0.09956138469
0.05607660514,0.92752494906,-0.04470824562,-0.00016116371,-0.68934134063,-0.04437984179,-0.04980491252,-0.60859682172,0.12330448814,-0.67934963378,1.57947163894,-0.02922018036
-0.25912004482,0.28718482313,1.41553361756,-0.00682786783,-0.85352712257,-0.77585610885,-0.34976137997,0.67037338899,0.95089448034,0.71747102113,-0.38032070446,-1.02102905765
-0.25467469629,-1.66045422091,2.45978062751,1.41470076552,0.04370020215,-0.76883590349,0.33646306730,-0.90950192003,-0.32426644954,0.40050141328,-0.24877018929,-2.03785717241
-0.35055004042,-0.32230542257,-0.17825195832,2.52931472284,0.58120814120,-0.45892065235,-0.20933502693,-0.70334232107,0.09104532476,-1.13033678399,0.54113912548,0.23612070421
0.44357128598,-1.23697072704,0.11362726508,-0.87979775942,1.31934163003,-0.15497630325,0.32808865903,-0.16073382408,-1.35050249801,0.83529802356,-0.40998854776,0.55907227094
-0.32349233369,-2.15272036653,0.57801763234,1.22477805395,1.59178655822,-1.50397810714,0.14842621864,-1.07956153681,-1.03677428636,0.88062719416,1.39597325247,1.07126475236
-0.24530398146,-0.94736803741,0.80518486529,-1.02617444676,-1.42223542083,-0.61207026465,0.07754512365,1.47131327411,-1.30550038013,-0.38153832105,-2.45839354208,-1.86607692957
1.04645494542,0.76462259907,-0.94483298658,-0.18486430585,-0.03740015726,0.63581912755,1.24288346580,0.52228505952,-1.57715904991,-1.06634841376,-1.15165812008,-0.18928753315
0.70916154264,-0.12619318568,-0.46946146283,-1.56563973314,0.54518301449,0.63358365303,0.27778620522,0.31656791926,1.31515058838,1.53926441763,-1.27393493805,0.29587582753
0.24001973945,-0.28680576162,-0.91926360493,-0.44898198493,0.46508654372,0.46126396993,0.68244049301,-0.02516402425,0.23802628788,1.53029615582,0.11818969974,0.88573514599
-0.73451985543,0.54528810594,-0.01439216567,-0.08373239590,-0.39674183483,0.52446241576,-0.93280738819,0.89410105855,-0.60592465950,-0.17155248916,-0.70692188551,-0.60277937329
0.06436745639,0.79854677668,-0.46835553818,0.84898029251,0.73425942439,0.14884425383,2.74536545164,-1.90577150365,1.33714050321,-0.49217918349,0.41473105809,-0.24614254955
-0.65413359299,-0.22802893677,-0.49751215270,-0.19826117421,-0.22950921186,-0.39834761136,1.28277885849,0.24371159084,0.68922416878,-1.74756657667,-1.19691175228,-0.80875222038
-1.72134319585,1.38978165593,-0.76334868423,-0.83496377411,1.15803321073,0.81372302076,-1.32935076434,1.58024485075,2.14792914917,-0.26349980672,-0.78508469659,-1.06475868893
0.86566631683,-0.91937621882,-1.97375282976,0.41559839529,-0.78366836933,1.17945556576,-0.23479021034,1.35887585583,-0.44727936659,1.87586299376,-0.31778717715,-0.44848560903
1.64522059153,1.28479015434,-0.77372190228,-1.01200404964,-1.11483981425,0.38875878691,-0.23065306368,0.79562030466,-0.23864361629,-0.97254949078,0.46643642393,0.25514189078
-0.82189500451,-1.03652645353,0.76723372014,0.91179655970,1.31281050562,-1.04680024302,-1.14243894337,0.96849856858,-0.40029235320,0.79164104757,0.10888814455,0.46857434562
0.18632232210,-0.47995768862,-0.95591109219,-0.04548676281,-0.04602840620,-1.11013810836,0.08889992890,1.11629817983,-0.90847599222,0.88220003365,1.61239966572,1.46695466437
0.50175858601,0.08106982672,-0.49513450268,1.00817140750,-1.04698919981,1.20758289959,-0.09970140748,-0.96017112906,0.68525658150,-0.24160349273,0.08848726143,-0.61145442976
-0.90802022979,-0.37733824774,0.56230790025,0.01392581115,1.53979155566,0.39372736964,-1.23919332417,0.83443159159,0.55694747991,-0.69971030355,-2.34916431374,0.34128332748
-0.51036139862,-0.28790041971,-0.56063069722,0.64531085263,0.20450656002,1.44057060182,-0.35689110014,-0.47787355689,-0.17654629864,0.95023861158,-0.44969313624,-0.65515567581
0.05099945744,-0.01261991035,1.24512385161,2.11664240977,0.21817510727,-0.60200777197,-0.82467067966,0.32935691198,0.78058585496,-0.98845983383,-0.10779671077,-0.03980291816
0.29954661502,0.49824990269,-0.21218260516,-2.88929984813,0.90344884092,-0.41551498904,-0.08625838570,0.47175622034,0.72198347264,1.90995802723,0.18983805655,0.75640431105
0.50458911222,0.03090690936,2.15035972989,0.33935797898,-0.62341833855,-0.69624913478,0.01651779189,-0.66444355825,-0.27328054653,0.55674786865,0.58498638047,-0.27641788458
0.89498774757,-1.15177953682,-0.84114427246,-0.99141113473,0.37605695629,-0.78318043152,1.51117200629,-0.49843237132,0.96147090084,-0.88679551273,0.24716655554,-0.55872405536
-0.36942991328,-0.09621770365,0.94379749994,-1.03785422135,0.17115432912,-0.28225073693,0.77032904207,-0.15270669237,-1.50742393199,-0.40329124704,-1.31447490519,-0.83576875565
0.00606384394,-1.04781373829,0.33779052257,1.07682870090,-0.19046423350,0.07889101588,-0.69238211509,0.00909771153,1.47529086334,-0.14763178693,-0.19140879466,-0.75516840230
0.41581528379,1.27918575843,0.95302196553,-1.02918089405,1.40044320935,-0.81593192868,-0.02756116881,1.04370838942,1.55573620716,-0.28353398771,-0.54094150992,0.55311160844
-0.36673494034,0.32750899676,0.51073306511,-0.65791358548,0.73081584756,-0.36075384340,1.33301286856,-1.24022869146,-0.52215518345,0.44233645211,0.73006491126,0.77495082282
0.26702422940,-0.20687828940,-0.53227180671,-0.67731334198,1.04110498406,0.44599562200,1.30544622247,-0.27134140788,-0.19640392919,0.30529770261,-1.14748883249,0.22710590686
-0.71262273997,0.81919737495,0.74761438676,0.25931020741,-0.25591593798,0.87966188746,-0.68451297030,-1.31713189225,0.28949438434,0.07818271925,1.19040751801,-1.21416819455
-0.69736168737,0.73917747081,-0.41499664175,-0.73280310333,-0.70159621494,1.73702207390,1.06466533948,-2.41429845798,0.26311669258,-0.77548007358,0.42470030174,-1.51437697490
1.20629161431,-0.53289065930,-0.97381241204,1.76655628852,0.63754790406,-0.21338473445,0.24940960865,0.62229388775,0.12142834623,-0.01331912092,0.19286936723,1.61869085675
-0.42098022363,-0.41679791343,0.99365046330,-0.64640228292,-1.47899295502,-0.59631174977,0.00503026158,-0.57857188283,-0.41092385729,1.16947546913,0.82204191452,-1.31934772694
0.29554018410,-0.02211271554,-0.31213252250,-1.69906933666,0.00780646169,0.92846773785,-1.91301695800,0.82793337637,0.22227054652,1.24037967264,-0.61208419866,-0.25215014198
0.46350834573,-0.38331161014,0.82895862972,1.41903532328,0.26904066827,0.17352065663,0.06310957861,-0.92445778683,-0.31709211812,1.06423139513,0.56220987402,0.50446557809
1.38353063400,-0.27894896446,0.46886519573,-1.34113939665,-0.62608206414,-0.87552626412,1.07065822270,-0.52791174440,-2.38781989272,-0.54408732897,0.70711056774,0.93981353446
1.24744120941,0.24148326042,2.38977091048,-0.25910449111,0.47994086433,-0.44326582780,1.19237386593,-1.29931640985,-0.24270535004,0.89905247576,0.12015509068,0.46001984603
-0.34861055892,1.96510988226,0.94152324607,-0.53297407222,-0.25317622189,1.15164894546,1.76908370023,-1.86458190880,-0.21326591062,-0.93778212020,-0.19731059711,-0.78711742377
0.04502784775,-0.20387442004,0.28971667047,-0.64525207655,-0.78109102826,-0.88691895986,1.04910285627,0.40180088254,0.62166455664,0.75109360225,-0.45625873473,-0.84281442694
-0.53025580379,0.39931821881,0.30287341172,-0.70977876493,-1.19599421278,-0.02680395079,0.56388769182,-0.44487255602,-0.44302707266,1.10729703341,0.30455346714,-0.68578651777
0.52360522747,0.31468194379,0.28704824719,-0.86113579576,-0.23560974522,-0.55680031450,0.58414872415,1.59677410204,-2.12579763429,0.30498193098,-1.20987080844,0.08556066866
0.16531931241,1.15660154293,0.43050949576,-0.12604316154,-0.92694060770,0.88383027276,1.05896030849,-1.79705357478,-0.45217897844,-0.75912481823,0.41042161137,-0.49703954078
0.39493594069,0.09312824994,0.24072769276,-1.05096078447,1.13655839517,-0.59796320258,0.16512533433,-0.38435520436,0.12253507263,-0.52810314044,1.09427889225,0.75153115640
-0.31412091715,-0.18608760486,-0.09194649697,1.43653026778,1.35768195741,-0.48372846811,-0.32339540804,0.31039818094,0.90033950928,1.31770001843,1.32724035659,1.79932039300
0.41286876847,0.49272076910,-0.54350504069,-1.31852392944,0.07619237712,0.02690647241,0.09176841066,0.40575827555,0.15726704999,0.14102560587,0.23711157166,0.29660465708
0.42712939612,-1.41719707325,-0.02779009799,1.46828885133,1.16477037542,-0.62942686652,-0.91094773644,-0.39698593499,1.84265331781,0.89036519663,1.71022852061,0.68904311189
0.29126204400,-0.17112101772,-0.32000438041,-1.08221624056,-0.56114558050,-0.31800796957,0.24902106052,0.51559603983,-0.14710725212,0.19027453853,-0.21725687261,-0.46241848645
-0.27853846086,0.78037203646,-0.69964755799,-2.09513925495,-0.92394734472,1.31888891159,-0.46240209201,-0.10575270954,0.81114837548,0.97093144885,-0.50037194121,-1.15216229823
-0.02846594563,0.43948175207,0.72905335765,-1.24990667542,0.28157243511,-0.68810439165,0.47882368924,0.05939075053,0.49306926736,0.65736036058,-0.10260069150,-0.24474496027
0.30047627157,0.59863767507,-1.61750832633,0.90737024733,-0.63291997880,-0.65372558317,0.59804337708,2.66705080844,-0.70291580910,-1.52677265504,-1.14539243356,-0.51134694623
-0.95876798283,-0.86349609385,-0.58488718754,-0.79892159528,1.43205634110,1.27429031068,-1.57745628274,-0.16155147335,0.68895758756,1.76569059195,0.07307896794,-0.57845179392
1.81294938618,-2.66325546065,-1.20249147058,-0.11368130496,0.86448612378,-0.31095855335,-0.80894861047,0.93967102729,-0.63621944816,-0.23889634162,-0.36791056087,0.35963887475
-0.52201689867,-2.02979574804,-0.48925948174,0.33953182208,0.62304850261,-0.50443227500,-0.73228837882,0.83110236071,1.14338855480,-1.25677309330,-1.17802710282,-0.26265655604
-0.05512991037,0.37889170036,0.47104639308,-0.35786481872,0.04047019334,-0.91909906597,1.28236205837,-0.29297829536,1.28075814896,-0.13908992287,0.31849131253,-0.66960393638
1.26774070300,0.25197082561,-0.62183993694,1.25996991426,0.25312724649,0.94650030723,-1.68633234674,1.01344598180,0.61994560859,-0.85590266139,0.08826557488,0.81961750446
0.05296272390,-0.93762904316,-1.53252589874,-1.58551537399,0.65923281317,-1.48124193502,1.05002361870,-0.11472813277,1.16267818574,-0.48132367499,1.94489345362,-0.79497488585
0.16160605198,-1.86182630737,-0.40878762937,0.54418199548,-0.67121795686,-1.33999758815,0.70414306894,0.71854852822,2.08374177159,1.14968397385,0.54476599157,-1.23072457746
-0.02823294077,1.55761983955,0.89038204443,0.26876104912,-0.28017101906,0.82225830722,0.11269841708,-0.34398696951,1.46699750269,2.41067863684,0.16685361253,-0.43950975458
0.24780448014,-0.41086551405,0.85953299744,-0.49691012281,-0.81691221562,0.17235137494,-0.48054340243,0.08772614288,0.81429693621,-0.23637474015,-0.78058612462,-1.14514962305
1.34683679818,-0.71615686913,2.38387524340,-0.20168712087,1.01010962549,0.72227738266,-0.07742167170,-1.07517128563,-1.71758721737,1.39151316944,-1.51538184398,-0.09485961500
-0.63364154808,-0.34364416407,0.89872814942,-0.33230053631,-1.67528434866,-0.62659839313,0.65044205965,-0.89569729932,-1.25087149262,0.79557740321,0.70237667305,-1.12117533078
1.44858834876,-0.90663211714,-0.33478245686,-1.69102376592,-0.49124553298,-1.15186446812,0.98893809069,0.28504080573,-1.33261926228,0.20844850241,0.43726345513,0.10316045440
0.68259877078,-0.99893846995,-0.70735516062,0.04923729084,-0.83503737152,0.18533327462,-0.57808139910,-0.64098770496,-1.43062793146,-0.10410907555,1.23870964625,-0.24707702355
0.17345125053,0.17633478350,0.53751684959,0.29180541532,-0.72244276910,0.06240119986,-0.99913350847,0.35258297920,0.98564232467,0.00234428708,0.22737214714,-0.57979350875
-1.71465424804,1.90710263613,0.39018249601,0.07318960926,0.61199647651,0.39737737869,0.77625641980,-0.48256591310,0.65308688216,0.25514287514,0.22742343993,-0.79680143662
0.01139532375,0.28045344442,0.82427829431,-0.09876730906,-0.97663286041,0.25547231250,0.22744197799,-0.86573843554,-0.24193197223,-0.19941130756,0.12046643456,-0.90620053110
-0.90400598788,1.47494729347,-1.27144814126,-0.76531160837,0.10319239785,0.86490455864,0.02042117977,0.14792176283,-0.56230774704,-0.54741184498,0.72569134195,-0.08480944772
0.84491411634,0.25382215728,0.45621909118,0.52958344270,-0.49728706100,0.46787114570,0.35697265624,-0.18999266054,-0.69686020786,0.78219912637,-0.44423447869,0.40868816238
-0.37987664314,0.59597052543,0.16828931762,-0.29557041537,-1.16448733240,1.26879815473,-1.45500284400,-0.70214239085,-1.33002690641,-1.47385299671,0.56861291441,-1.16718904344
1.50179693850,-2.54511056480,-0.41455462238,-1.49986015956,-0.23246274835,-0.59065473956,0.78112049697,0.23836085730,-0.38222824793,0.42991230938,-0.79886599286,-1.67070565240
-0.72007206546,0.19910867595,0.18866298866,1.45840483610,-0.31675240854,-0.81478665556,-0.33434414081,0.42607530955,-0.88699179722,-0.48041615161,0.82323572788,-0.08384214630
0.12504624542,-0.83544749600,-0.15794365965,-0.80288342233,0.44458292240,-0.40070626358,1.38072779293,-0.58245261588,-0.74010762597,-1.07886429481,-0.91738584295,-0.84646779161
-0.57867818594,-0.94230672178,0.28231017217,-0.53963268881,1.98078809440,-0.12505548404,-0.40903288970,-0.88502439255,-0.20056644290,-0.53368400759,0.36635380605,0.05777174462
1.45821842033,-1.64003674562,0.03226601816,-0.38768731084,-0.73768282240,-0.93047945964,-0.65351312166,1.28940288336,0.94056606128,0.15542030983,-0.31494128401,-0.20934512154
0.11079566192,-0.96331543874,-1.36140967199,0.17997137846,-0.81445975989,1.00521888356,-1.46767231065,0.11222590721,-0.18968987529,-0.66645283152,0.51587923625,-1.03238670161
-0.88036878398,2.17140498729,0.20322687719,-0.56116622390,-1.05407198972,-0.06713027654,-0.13919666063,0.87933595481,1.07935082126,-0.09615859438,0.07593451984,-1.05956348557
1.06511520540,-1.51505460580,-0.70009870507,0.28506004505,-0.28178383967,-0.34039465703,0.54072441098,-0.65855063403,0.95048078745,1.26425668306,1.06729167570,0.09427780483
-0.73659125752,1.05469552988,-0.73157108748,0.89812546559,0.20134274004,1.06226821669,1.50394133210,0.21525360975,-0.47031681617,0.27111448999,-1.42665211738,-0.50244623745
0.13858125143,-1.15831951069,-1.21976677041,0.00687119505,-0.42733564303,-0.40868582317,-0.79705809418,0.99534054457,0.51793637243,0.25268650356,0.82318903782,-0.46178113618
-0.27311390884,-1.23660899365,0.29080192469,1.13448803322,0.52875198358,-0.66430713609,-0.28962669230,-0.17101323496,-0.26936467570,0.27876259426,0.34492169604,-0.13475015403
-0.69939159631,-0.52043945236,0.99274404407,1.69957171320,1.27861536175,-0.47079334159,0.09105752675,-1.08862518309,0.95406260299,-1.92031374089,-0.01304036398,-0.52907551156
0.17669476951,0.45898425683,-0.44493320132,-0.76452021116,-0.60046391243,0.63623868828,0.89544357629,-0.99408004465,-0.17678627738,0.30004195382,0.23710624557,-0.19467472434
-1.36038441264,0.32877770295,-0.39416928166,1.09736112225,1.31055935503,-1.12893626182,-1.73480710568,0.92387311119,0.77036147773,0.75641372431,2.90346955443,-0.11299202651
