0.54592325936,0.05269829189,0.28959595401,-0.21367310149,0.44670747669,-0.50831983593,1.30429895506,-0.17455971077,0.46514859178,-0.83906900768,-0.73604913365,0.06947665978
0.61584258170,0.17558183332,0.15359261381,0.68635689315,-0.39196098111,0.36491622476,1.66235131714,-1.43964806935,0.68078759668,0.58443096831,0.12922565701,-0.51515812787
1.02602113197,1.28159800473,1.11756158354,-0.59642167849,1.07473388375,0.88271559906,-2.03227607728,0.58697981817,1.77202943246,1.55545086108,-0.69689255493,0.49471565497
0.38890319205,-0.63964425159,0.84624464714,0.30640016076,-1.22093769183,0.11743004340,-0.02009119043,-0.51039201105,0.10720720359,0.44612558257,-0.14825137377,-1.20311834662
0.84849240544,1.55097059041,0.43456391307,1.13350784718,0.40977951480,0.05805719091,0.91393058652,-0.65484738855,1.56400363092,-1.16901276187,0.94319422352,0.37978608075
-1.54179057257,-0.10227398394,-0.32555541467,0.07936671701,0.87863515864,-0.64383088478,0.33059322136,0.70617934657,0.18310678040,0.82085281890,-0.11092299091,-0.35755896689
0.49512875251,-0.25861421499,1.10459387035,0.52609633258,1.28228252325,-0.12278654565,-0.40378649269,-0.07772199567,0.75484877569,0.83925609242,-0.37494982858,0.90025918114
-0.69748061166,-0.46638305078,0.59180859281,0.11512445419,0.55887287505,-0.41916530151,0.74851481446,-0.41755840758,0.75806764612,1.35941624549,-0.01562111546,-0.88718842815
0.04534950974,-0.19171162437,0.40576023369,0.63463361597,0.04684163330,-0.39717737050,-0.46934493394,-0.44897452777,0.16675205665,-0.62486753845,1.15313693418,-0.08835251396
-0.18545789452,1.00361519800,0.93475794091,0.56809680097,0.62204013641,0.46461749204,-1.67540172603,0.07450185871,0.74235195521,-0.47747227904,0.82975829293,-0.38592712675
1.22580746353,0.40951957454,-0.03204464028,0.49014755644,-0.79770088610,2.01253897084,-1.14406763921,-0.68781535830,0.96158349900,-0.50695941650,-0.68023500592,-0.40030530897
-0.12618808530,0.77090169057,-0.56434731422,0.80120858659,-0.46824076727,0.04329522370,0.12055431973,0.48933759414,1.09193431956,0.08534261299,0.29082719933,0.12850853738
0.71751088846,-0.13339503924,-0.07622060359,0.03554658954,-0.44303181412,-0.25338540555,0.49500890556,0.13065821258,0.71109463205,-0.28434337491,-0.34393373237,0.02033987017
0.70015002316,0.09532868816,-0.61623330889,1.44202311072,0.09040506391,0.10749493294,1.01152105191,-1.11278607982,0.39326082705,-1.52454088070,0.00402064349,0.39163991856
1.53595411989,-2.53326308450,-0.62151850732,-0.14241617423,0.78994365070,0.30543613098,-2.11889259564,0.07730306658,0.37870123938,-1.48234688712,0.59844124043,0.17525744405
-1.27209502850,1.78743309017,-0.84784430272,-1.62886202717,0.94868333850,0.33430270503,0.49691979531,0.44660047421,1.45182496211,-0.32294789605,-0.07794998560,-0.41755280875
0.20766896838,-0.56692280213,0.31440303012,1.23829481818,-0.54479876220,-0.55050582651,-0.64363518799,-0.12196488626,0.32587547560,-0.17875781732,1.15173200553,-0.35738253509
-1.91032379783,1.45925529986,0.01594501804,-0.22424229819,2.25505261726,-0.14847797703,0.71283830702,0.82054931384,1.09418238126,0.94060973409,-0.76845405796,0.34567194565
-0.59011150247,-0.00732180054,-0.24254739792,-1.01384438329,0.50601209879,-0.07845573322,0.58592152737,-0.82387269771,-0.22013342083,-1.66741704628,0.32523856890,-0.71265495144
-0.47802560457,-0.06935800341,0.69943153193,-1.24032989477,1.10553856717,-1.07694278362,0.14661998015,0.32060707571,0.24144285394,-0.49231286516,-0.04979636639,-0.47713001169
0.02993626474,0.37688635910,0.38748490025,0.36693756450,-1.27125916659,-1.03115340443,-0.29313835538,0.60404968173,1.12235090287,0.91409836087,1.25794620846,-0.47793346293
1.16774992906,0.16345471124,-0.04905263496,0.71465043347,0.20638038121,1.14584047375,-2.21412441749,0.62661712456,0.40629242825,-0.87100524520,0.02732084426,0.52651651799
-0.40447187179,0.29666022100,0.02499901395,-0.40612955153,0.85334380053,-0.55513107637,1.70278012350,0.50092292254,1.07271026324,1.37323158251,-1.21527206629,0.11557664209
1.17650131814,0.10342177165,2.18160157512,0.34986800927,0.59430218432,-0.60750013420,-0.64686153480,0.16004264700,1.14663592628,2.32460526880,-0.06806386612,0.80489579176
0.67758201522,-1.46290757122,-0.46408463922,0.33872012561,-0.50113229768,0.79522230908,-0.59782073443,-1.49902861732,0.37092977094,-1.16178374025,1.01593750251,-1.32251051655
-0.53080328134,0.15016870740,-0.47088046080,0.11677065806,-0.32030203144,-0.00116734370,0.28564304625,0.83271029670,0.60153963612,0.60385873867,-0.78909429090,-0.22005921271
-0.43659272958,1.28544202518,-0.17087725790,-0.18195410743,0.35387779256,0.48334527536,-0.84615215113,0.07299382722,0.80115733316,-1.08994570508,0.97995227056,-0.35946628877
-0.15248227725,-0.52496674864,0.73413084109,0.38792339699,1.73571966475,1.52491711949,-1.22727247981,-1.34331969550,-0.38649122781,-0.87170152287,-0.90925942340,-0.16562008386
0.31515910047,0.88625033758,0.03328708286,-0.29294837672,-0.29422407197,0.95103316798,-0.82450665116,0.25779491806,1.90602464706,0.79016470997,-0.46753288796,-0.25424635069
-0.69075413804,-0.18074152735,-0.49559511540,0.80354616434,0.84812981881,-0.03571369388,0.88917849452,-0.52196017726,0.06036995934,-0.50459562339,-0.46266476169,-0.01824031354
-0.17381077952,1.03588966034,-1.08375990858,-2.13775938755,-0.66546587447,1.51199446191,-0.09076179719,-0.86163492717,1.32945841052,-1.28343110926,0.40742981875,-1.09495964879
-1.35658000700,-0.29047653063,0.40448480915,0.18290927943,1.12793625840,-0.65096332893,0.14045081177,-0.83108554446,0.53607768917,0.32307112371,1.18565639790,-0.78645822977
-0.58481767674,1.09069680866,-0.20975022379,1.24225132037,1.02856081826,0.08872115295,-0.25566369234,1.04786356628,0.74757572222,-0.58289811782,-0.27376763331,0.61860863701
-0.34162368863,-0.29908832854,0.53291206446,0.41071004517,1.20986350458,0.26454323596,-0.39802944560,-0.54500007800,0.32522437390,-0.34911171050,-0.27349336941,0.03945921515
-0.27805436973,0.97794387744,-0.10058113405,0.47526115018,-0.41076857198,-0.66482306484,0.95777784816,0.26582691790,1.09041814124,0.60499391535,0.53900414713,0.07511669535
0.60250074060,-0.72496865543,-0.18523628903,-1.34719863728,0.58354522895,1.58172335926,-0.25224845548,-2.46010759788,0.83172685209,-2.55352947003,0.76358656250,-1.08894258532
-1.30149305101,1.09208727279,-1.01156961252,0.76836822523,0.55641217581,0.55766830847,0.77569162880,-0.86335007362,0.22239991788,-1.55523437285,0.48788873858,-0.26926744386
-0.72752221013,0.54792224544,0.40732156060,0.22490981091,1.07118045805,0.15882569080,0.69714977762,-1.07258987266,0.41786217081,-0.27378832235,0.32905232292,-0.13365760704
0.41579719418,0.16586413118,0.65358860367,-0.17574351677,-0.75130224558,-0.37151291509,-1.42284835069,0.94641516790,1.38296383985,1.25273839613,0.27361500741,-0.28675392150
1.32201369887,0.28151932498,-1.49187022308,-0.18140127694,-0.82926169152,-0.10496898773,0.55367085268,0.33803665942,1.39470158846,-1.61830194223,0.67376127476,0.21977074140
1.63411614391,-1.18834028138,-1.58396352947,-0.32514638832,-0.57984854970,0.92861683581,0.49423544164,-2.69511252146,1.08703311542,-2.29959188302,1.92522475222,-0.72595629118
-0.11600387543,-0.51314162524,0.74375795499,0.35124548804,0.32475028197,0.32943675841,-1.30601456549,0.27244206651,0.42427098011,1.58515699645,-0.25241415305,-0.21386847539
1.54787996453,-0.70604359590,-0.13921707043,0.49112104256,-2.18065351235,-0.95175856860,0.30254678866,0.86215837131,-0.05883294323,-1.08956932557,-0.29575206646,-0.48095008814
0.45555557031,-1.89999707763,1.11233807562,-0.25464842271,2.40923511480,0.88525278919,-0.92722396221,-1.55152676435,-0.12637729179,-0.37722782447,-1.43702944394,-0.31904862839
0.95470691632,-0.69074250214,-0.91432154264,0.82799666082,-0.99033354502,1.02827732313,-0.30670739249,-1.10260909634,1.31239462657,0.35899398477,1.05847473068,-0.56806379004
-0.62158741238,0.05114503219,-1.04915954370,-0.00491739231,0.93498439926,-1.09041548022,1.34530682189,0.40350844433,0.59574324897,-0.42407071776,0.31734719676,0.26527935338
-0.63525102319,0.28526498672,-1.34702314673,-0.38431720591,-0.18163058085,0.94332274695,-0.69876928783,0.28362129227,1.16046987020,-0.29830280470,0.35029916007,-0.57336810915
0.26796784578,-2.06438308667,-0.60519002310,1.32769438869,1.00291668184,-0.22393401710,0.17126536591,-1.76689668520,0.03181494926,-0.50780350929,0.90448628996,-0.50182325247
0.13892836249,0.32978294128,-1.81450149084,-0.48201709864,-1.08902355869,0.72225634146,0.80647955447,1.05169642079,1.12238075492,-0.03455612114,-1.16756719911,-0.24023233326
0.26458562417,-0.03432862120,-0.07941456732,0.96944337553,0.72814861119,-0.10145878245,0.40502457217,-0.57653789669,0.98500398775,-0.19821498855,0.41209515443,0.56325925203
0.51761644280,0.61534197713,0.29454218209,-0.68739410844,-0.53805124946,0.34621062607,0.72448834680,-0.51030256433,1.50073785764,0.77534271756,-0.23477959959,-0.56880967447
-1.19645631420,0.68517206810,0.16094445997,0.47980037978,1.21159342135,0.01892143674,-0.63748495991,0.06268293919,0.63773252310,-0.56747371333,0.57905352659,-0.19116168393
-0.19083066475,0.25567117837,0.46035884160,-0.00899741879,-0.00828920912,1.13484575147,-0.40745853936,-1.00598054758,0.43888715820,0.47367102985,0.01790456979,-0.91032838903
-0.19647196739,2.42622021297,0.94224402834,-0.95425230548,0.44172227341,0.22436410765,-1.70591848409,0.41080809443,1.69900644620,0.36102219581,0.77283042555,-0.93133067644
-0.59276759256,0.35243295070,0.55760382839,-1.06287190890,-0.17783627398,-1.53361910273,-0.06657056273,1.05895334788,0.44477447342,0.97346002996,0.44007192410,-0.62019778930
0.74278529458,-0.27375566582,1.54236972298,-0.06654244237,-0.01370864635,-0.42572761939,-1.28368372563,0.41770324210,0.35433877373,1.07249470684,0.00014101110,0.19836128406
0.06169789862,1.08505672955,-0.06867463317,2.66966232464,0.70116062975,0.88022509970,0.64173002854,-1.00901280632,0.71546183567,-0.59369284832,0.13135249291,0.05302578934
0.42480626420,1.10509926820,0.77033235498,1.04929160088,-0.49936072943,0.23510555090,-1.51031510851,0.96955024387,0.67502289404,-0.19185967030,0.22009679479,-0.11896475272
0.48449680035,0.00851722855,0.45491440586,0.03264771935,0.04493038479,-0.04182843190,-1.13184000099,1.30170218713,0.88192169072,1.23218112461,-0.93691395895,0.66282342304
1.60228050204,-0.20070902020,-0.12851802744,-0.77710753201,0.85552532750,0.32101257209,0.14899789141,0.18139794088,1.13348837102,-1.00369135536,-0.98758873998,0.84041457881
1.12035992614,0.63999858506,1.11666777807,0.85922959184,0.09361967928,0.78552497653,0.02412619344,-0.54865892695,1.21279575886,0.70698794076,-0.60962149378,0.03037599196
0.84923436472,0.17348670113,1.01802972470,-0.15341515762,0.61801766248,-0.17820773259,-1.08881817448,0.76695762557,0.43679228406,-0.59182248195,-0.47276634096,0.71465272602
0.16523728398,-1.14633349850,-2.13974259399,-0.40304547809,0.38173649034,0.55799718985,0.31804464302,-0.15514684566,0.26022041543,-0.85683801008,-0.15244242891,-0.17832241178
-1.35427818971,0.18410524268,-0.43639437966,-1.62968999449,0.87577358012,1.84095446517,0.26902020856,-0.73659462715,0.43623830928,0.27266039324,-1.57460513191,-1.40314244949
0.09815712446,-0.18244231391,0.35578479866,-0.37952721218,0.53186941069,1.08161488745,-1.40952696276,-0.64881531314,1.16057182280,0.46829587912,0.21201733863,-0.66919646411
0.81688417427,0.54590699929,0.16573958388,-0.13537840451,-0.33026786514,-0.97178869545,0.05631633376,1.15142834586,1.16573267788,0.09685490768,0.19773329854,0.52377152080
0.69734346542,-0.97898767309,0.46362618748,-0.52807067916,0.21805945677,-1.56203560576,0.40346445431,-0.47198632015,0.60464973245,-0.63557567375,1.64028891141,-0.49961113932
0.26714555996,0.16799513743,0.63441487116,0.53897810346,0.90204411764,-0.12280587243,0.64175125389,-0.99858270688,0.78742714092,-0.52183394283,0.35635296923,0.21773929165
-0.04382068158,-0.66548721735,-0.30842357658,0.28354553908,0.08272425408,-0.75534314650,-1.36886426924,2.19525465023,0.04441486608,0.24066955472,-0.30205260007,0.10293489837
-0.14465376881,0.63834079903,0.41283756375,-2.50885061884,-0.37963096730,-0.11841180248,-0.56437785906,-1.05593964988,1.25831358439,-1.18323203587,1.63492298723,-1.97248819679
-1.22039080756,0.37248579861,-1.31459474544,0.74237692642,1.21747552710,-0.74882365333,0.03555845792,1.14339243161,-0.01997739045,-1.35305910673,0.42110957173,0.30879950723
-1.09602606861,-0.44783449736,-0.64730568966,0.39072235418,1.36502153863,0.60726076299,-0.28283342335,-0.63372977898,0.04146296464,-1.25262363397,-0.38698332629,-0.13026510423
0.25432773691,0.26617240841,0.91903395597,1.25896506207,1.07907905770,0.19919669893,0.14408307836,-1.09265840795,0.87099106217,0.05805013714,0.59571261931,0.33954362068
-0.02526332047,-1.16625818191,0.41355402758,-0.46776748744,0.36336465551,0.13663786891,-0.73443271247,-0.04894968106,0.40331342823,0.84018901113,-0.40494525611,-0.79732186877
-0.82976232220,0.28575206105,-0.03647771299,0.21792986931,1.10011603390,0.57946649640,0.03129776984,-0.74534852117,0.61561594321,0.03881330269,0.19108494610,-0.20382570415
-0.10810261302,0.50367346725,-1.89362295183,0.05901015153,0.19937658818,0.18308499284,0.25673425910,1.43176605657,0.95163019783,-1.12484650880,-0.43284049219,0.36714929835
0.25272573265,-0.58756825215,-1.28724974258,1.57056040261,-2.06598656490,-1.08221284473,0.56821802026,0.54610177355,0.13674815709,-0.23619602789,0.88628875437,-0.82226101248
-1.39271067839,0.18037263693,0.42853259110,-0.00851341062,2.18289069652,0.53253750058,-0.51301530387,-0.75148016752,0.28840056965,-0.10659294351,0.00281178275,-0.11350182895
0.99834497650,0.91833378060,0.73036178850,0.22780661932,0.77226123417,1.04008599023,-1.22726070212,-0.48373031803,1.57503839014,-1.63918751301,0.66789172138,-0.13770790409
-1.50649407194,1.95008590900,0.03677508184,0.17335277119,0.21374747363,0.72080525770,0.74401056941,-0.30917293853,1.30030684625,1.03688107225,0.24480792673,-0.93470730847
0.41976191822,-0.97368597520,0.33308107750,0.37428626875,0.26702783434,-0.36111049206,0.21121529899,-0.24178797838,0.69270767813,0.74926022538,-0.08926849083,-0.11694350688
-1.25253492881,0.49598742019,0.19733073402,-0.37198818058,-0.67802736661,-0.73639055920,-1.81441580687,1.09221916370,0.86208663148,-0.08041115149,1.44661893165,-2.23696643278
2.02549773862,-0.50978958535,0.25918730640,0.20206419841,-0.85032857334,-0.48868176490,0.00354153421,1.07866659276,0.83287359828,0.40391549775,-1.18701980032,0.85669585196
-0.98125228051,-0.05140408144,-1.98785874766,0.07720313558,0.74018307723,0.15219657877,0.44249514827,0.04014896092,0.72783625084,-0.99431629862,0.46860643217,0.01285859970
-1.26241102074,0.46709728092,0.40613706939,0.43902069966,0.51413136044,-1.06912602360,-0.59010912477,1.15169997146,0.71360563419,0.94014284375,0.53001491674,-0.29176673603
0.96967340475,1.14362058515,0.19236181144,-0.25758119656,0.09409662809,-0.70822082355,-0.72432664200,1.33844915334,0.74683595509,-1.13332510514,0.91302446594,0.49922278517
-0.83633647983,0.23089746575,0.34532406825,0.80452720333,0.24344153467,0.67078978775,-0.56746088088,-0.53715244305,0.25978804291,0.40443934552,0.31478640056,-0.77929179251
1.10543138000,-0.48459838652,1.16272000692,0.22613097368,-0.55819339393,0.35209618642,-0.14540930517,-1.23793453325,0.25730534470,-0.92326180025,0.21398046147,-0.76854800214
-1.65365030130,0.01119527257,-0.12901170187,1.26274109685,2.11480212421,-1.09902764284,0.82026918478,0.15799403024,0.01274731996,0.11178904341,0.04910987464,0.75678889507
0.65026687548,1.77339898370,1.19741263270,1.95710257439,-0.08853159536,-0.42544331456,-0.17349388694,0.64034176247,1.54075425294,1.02248732052,0.94679292523,0.42426087115
-0.12524156655,-1.13208739053,-0.25226440921,-0.59609704937,-0.72166136356,-0.46186614527,-0.99111046298,0.11963067374,0.27945003263,-0.47573066658,1.36119745052,-1.60201432685
0.24656276173,-0.15528865894,0.45513382337,1.12278753401,0.37610557095,0.26748885951,-0.11724698361,-0.73117747791,0.11587982627,-0.76608469018,-0.16232951088,0.12096285399
-0.22778127196,-0.28615012550,0.90571754680,0.15385401762,0.52141591069,-0.17938226462,-2.00981422609,0.66179153017,0.09872530206,-0.63546841219,0.37061148699,-0.37645946687
-0.01250283915,-0.92593361268,0.30831888805,0.86440021344,-0.86182312559,0.01517128297,-1.03028880551,-0.15650595137,-0.50144378658,-0.51258803217,0.43349998638,-1.05144314608
-0.23226330210,0.49611387350,-0.26445029792,0.02942972553,-0.26770260378,-0.25205678566,-0.10601221627,0.63628811392,0.17168158537,-0.87087044357,0.09203272017,-0.16438935397
-0.93745189101,-0.82027195458,0.01688026639,-1.58153904424,0.35133801439,-0.25478974663,0.11288004597,-0.23238135332,-0.42557873578,-0.62787961823,-0.23829537673,-1.71661925203
-0.89651946831,0.38052338823,-0.66139323030,-0.23010198260,0.41282974099,0.78869160655,-0.88391395427,0.15255502134,0.29791152652,-0.80117168863,0.14543839758,-0.50877408283
0.65339795362,-0.35885419560,1.13068685208,-0.77480404367,-0.33404224849,0.08101552088,-1.09228436816,0.23130234528,0.64316597607,1.10946510197,-0.72914546361,-0.54051983583
-0.16187701365,-0.49282232259,-0.06708510274,-0.13025934034,-0.27394744006,-0.18462237145,-0.24033037178,0.45451184319,0.92308438974,1.34260315534,-0.04662976656,-0.34149098912
-0.33182515580,1.56329049305,-0.74920341725,-0.80854383664,-0.16755442218,0.36463394228,1.05806803594,0.64070344404,1.48800717470,0.14813120937,-0.68818873681,-0.07397530911
-0.64243400724,-0.34166009093,-1.01047425969,2.55458242502,-0.00680122175,-0.31567930319,0.98265948783,-0.15175548423,-0.39422760305,0.17862052444,-0.56683393767,-0.18646594831
0.01776595453,0.97108718878,-0.04683583127,-0.05720814293,0.21456060810,0.59142138161,0.68753492515,-0.46039443609,1.29474873057,-0.16085452771,-0.21128091310,-0.13794725452
0.34523765978,0.59349710634,-1.28103999966,-0.18886628926,-0.31016721636,-0.26697421517,1.08434838402,0.29578321151,0.66618575538,-1.83983239937,0.13676658076,0.03408661875
-0.14703343508,-0.11282331499,1.25160342329,1.34095351715,0.99926665266,0.56040621261,-2.07546808792,0.43437210081,-0.05790889875,0.39822117642,-0.48065387372,0.08092940057
0.22291984187,0.17323286004,0.02610670642,-0.76297866380,0.82876324127,0.27098330203,-0.42280396549,-0.30545664284,1.13752282475,-0.90507391917,0.35903453710,-0.06436325470
-0.80665655419,0.25265555362,0.82412754024,-0.84505008988,0.24215248217,-0.73312368596,-0.70251223638,-0.19536293880,1.32846829187,0.21113907176,1.18923015307,-1.41121113656
-0.77735599173,-0.71644481811,0.70071511996,0.52497840103,0.81555945056,-1.21167901747,-0.22544364057,0.44190791180,0.25347450008,0.81924138224,0.36841746506,-0.13479584467
1.23553557826,-0.36029188279,-0.60076186783,-0.75374859559,-1.29192046800,-0.23881174883,1.47457711902,0.42963198223,1.66567528611,0.77643977378,-1.05540469290,-0.35511055808
0.86882565618,-0.43518412167,0.29258568295,0.06704428435,0.05212685365,-0.78041427264,-0.65878288170,0.35071336534,0.61798341161,-1.34623214810,0.99550109698,0.03778712408
0.79279478477,1.26404772668,0.35139443691,-0.27953499373,0.16200318904,0.52957397131,1.08231052900,0.24993795758,1.17750008583,-0.79432527466,-1.62607094884,0.15490893558
0.09875205148,0.79697777371,-0.17245395013,0.29835520155,-0.55270756532,-0.82551049711,0.16435310991,-0.03833621356,0.66046290590,-0.56931450418,1.82012734454,0.00727854519
-0.07827599975,-0.08158414056,1.87834851731,-0.73224985393,1.49664253429,-2.35658106665,0.47286787813,0.37626464119,0.57515400754,1.18831732371,0.54618826493,0.49860253494
-0.87510142712,0.64350153200,-0.06716478888,0.66120341939,1.06613276977,-0.46231172415,-0.09118232617,0.67157231354,0.90157304983,0.20878296134,0.30171172041,0.46994458797
0.42717728381,-0.11164741216,1.23240252463,-0.07014556441,0.17792279233,-0.25682481406,-1.22925734726,-0.36830591932,0.61112799306,-0.67372597165,1.12631744722,-0.41765252909
-0.68946383404,-0.85247718978,-1.52697946430,0.68630622781,0.32513148595,-0.87365217302,1.06404821781,0.23510990892,0.26477647033,0.01227090676,0.31477208241,-0.34990744129
-0.22977814847,-0.03014302890,-0.66393768520,0.24442234007,0.47994524239,0.66131476731,0.74421918864,-1.77355274664,-0.59122151138,-2.64308724669,-0.09342755448,-0.25201336578
0.31463425117,0.08474628786,0.34055284003,-0.05153654876,0.26755848298,0.19145187778,-0.36186955085,0.75731171836,0.29943295456,0.02187000214,-1.43996793177,0.35976686085
0.67427564478,0.06362600201,1.63161464065,-0.73016236100,0.36183216552,-0.04790727500,-2.37234336344,0.46335168808,0.85359989740,0.28513041064,0.11676363195,-0.36717834428
-0.32716848238,-0.02496526095,0.15985511225,-1.07092312520,0.63162243796,-1.00281540019,0.69678097341,0.89225385504,0.20259049628,0.03786615290,-0.77233977019,-0.29787812859
-0.70216315783,0.10643816220,0.87444433460,-0.67869427866,2.22758810209,0.01214357941,1.11150553935,-1.42970805501,1.00999958023,0.41914821323,-0.24648736335,-0.40725311718
-0.37381488917,-1.03913290980,1.10494288682,-0.31576255575,0.89867667258,-0.69923208687,-0.83775607893,-0.23876010005,0.09915445952,0.61230815612,0.53573357695,-0.57584018616
0.29940904911,1.04518628692,0.49292506241,0.71266794060,-0.62024512799,-0.23020719293,-0.09319997093,0.92500047509,1.26989019364,1.10492836977,-0.30307812603,0.36709747597
0.80236822565,-0.88304847072,-0.14774150196,0.70461877707,0.57383660058,0.48921883930,0.24002091578,-0.83783804740,-0.22898413138,-1.03774990481,-1.21628325891,0.18823002791
-0.18230720957,-0.12598509154,-0.54323018847,2.25090634023,0.08358737054,-0.10245313748,-0.31599407316,0.07114308950,0.07893150349,-0.45505990591,0.25178202698,0.27725776204
0.09893817433,0.51771388311,1.32758643464,-0.71869176547,1.28025373328,0.20169312148,-0.90860335581,-0.39144752327,0.51615888903,0.09959449136,0.07169945449,0.14544552585
1.76174800563,-0.93567427225,0.22438644001,-1.33957572408,-0.63422455065,-0.06511731574,-0.08341411503,0.40649820504,0.78353402306,-0.93519622251,-1.11629267762,-0.56904584979
-0.55955631948,-0.92339234048,0.19792883627,0.39755967778,0.73121062774,-0.37526900334,0.21527396799,-0.50857556736,0.90811249282,0.01132251588,0.22935766274,-0.81481736616
-0.70624603789,0.91218484296,-0.21481133080,0.86712606513,1.24540628715,-1.91939586415,1.41717500211,-0.11560723251,0.75087078977,-0.31788811509,1.88915206159,0.92024126737
0.10341306639,-0.14679056323,-0.94131563010,-0.15728423034,0.28610860512,0.76647101159,-0.72417454836,0.44963009780,0.47719803199,-0.47650696367,-0.37023851176,0.16854605481
-0.27545349769,-0.79542620450,0.50141139014,0.65985894601,0.48484183341,-0.40242956107,-0.73454808173,0.17330517058,0.07449519245,0.52827807331,0.23965116606,-0.05333724811
0.29818602930,-0.35594736965,0.07173505186,2.23786007060,0.70085744860,0.39797576473,-0.25367400562,-0.15954003101,-0.00351758500,-0.03200112828,-1.00001134730,0.71486208729
0.22130501388,0.74688271900,-0.59020612706,-0.74826389961,0.83769146742,0.14106674464,0.21563768649,0.26902912872,0.97340916704,-1.64310497344,0.14306922552,0.36324195617
0.63851843293,-0.80161313634,-0.11285269211,0.63505233521,-1.02911266708,0.00622522304,0.44940232892,-0.38535763796,0.23240274038,0.14987633727,-0.25941904066,-0.65077085123
-0.39077589827,0.32180428605,0.92903480417,0.53542008164,-0.02638186561,-0.76325285852,-0.09353497730,0.15274422936,1.17539310585,1.74123335878,0.79077994967,-0.20087599566
-0.53596125981,0.32317525867,-0.06968667777,-1.19445346041,0.14090623252,-0.69391168283,-0.01253430736,1.22782643596,0.57143263699,0.53362616835,-0.53254253661,-0.44005282666
0.41303058912,0.76484411469,-0.45431089348,-0.32911247397,0.15986853648,0.07435445777,0.42552068631,-0.42301555208,1.05805977637,-1.42799489032,0.87205870490,0.06581290135
-1.06987744585,-0.34593634369,-1.28031997288,-0.17902079965,0.18126873261,0.12740376994,-0.94041548946,1.61832171677,0.27127218046,0.39698764373,-0.22761822850,-0.64673416866
-0.09421469630,-0.79597377000,0.54662114478,-0.16449837036,0.70671012002,-0.19989803951,-0.08273050415,-0.17150478643,0.57704446527,0.86143506152,-0.35322893634,-0.35329414387
-0.86668050914,0.43074287638,-0.18870306772,0.00101464901,0.25749091857,-0.45215976446,0.07710908061,0.47897993880,0.94043900940,0.61214971061,0.39249734287,-0.22541666901
-0.04169773353,-0.26522501618,0.83777675503,-1.15735324036,1.11496190261,-0.28068517961,-1.74610756764,0.51440229613,0.20974097043,0.46602732420,0.27558849195,0.06092314693
-0.53999978523,0.87668538616,0.14295565499,1.01936072961,-0.46842290379,-0.90841586943,0.66747497457,0.87020524653,1.08284383746,1.54031624933,0.35189715374,0.20975774324
0.01339343110,0.18856476649,0.59208368719,1.20360719972,-0.09032635176,-0.95043331385,-1.03310985604,0.06663100684,0.78848511430,-0.02058381730,2.24907678549,-0.18697296329
0.25396745621,-0.48325242240,-0.95827009898,1.06428698020,-0.61506195660,0.51377476748,0.51503061558,-0.51463580052,0.23898984067,-0.31291106914,-0.51327103046,-0.32699542563
-0.27545757044,0.16603665391,-0.76551757644,0.42333158593,0.47477766258,0.99589217204,0.50036801826,-1.24298025161,0.47315382708,-1.11874657661,-0.06361765122,-0.21553414896
-0.08808497037,0.69162771797,-0.08325217470,0.11764810858,0.94010285871,0.85255820289,-1.47504275394,0.45333059140,1.24617232524,-0.15828607676,0.14616697066,0.16155799904
0.20720306839,0.13680930463,-0.64465765682,1.44742105363,-0.84927282922,-1.80062832260,0.42087299478,1.08653585399,0.90161697087,0.25159702874,1.51041326827,0.14128032999
0.12933082233,0.37072386668,0.92638074941,-0.26329127813,-0.26055788342,-0.73847711705,-0.14128509026,-0.15774479939,1.05674072049,0.53767460867,0.97367087964,-0.37520444428
-0.66808365005,0.21154888035,0.16476970861,-0.92550207865,2.09513720038,-0.38636315287,-0.35045807635,0.70085957455,0.11895169432,-0.92359431702,-0.37990846543,0.61256667928
-0.70100322772,0.45347905508,0.60873721234,0.13743138310,0.36266200423,-0.78332809918,-1.44385521666,1.42540358598,0.57828824116,0.93379646222,0.46504345713,-0.11742709873
-1.44675913873,0.98840564372,0.24000458305,-0.26419931111,1.74474493050,-0.23699280238,0.19140208309,0.42721410615,0.73406641770,0.22099050772,-0.29884310445,0.14939703269
1.06637200000,0.30964057186,-0.54517110578,0.66898758405,0.28864718776,0.42931161459,0.53671993707,0.53765201028,1.22214314460,-0.18755661640,-1.12921976136,1.01486686887
0.76090365534,-0.30593520750,0.63009595088,0.86593981325,-0.15301882366,-1.12483743438,0.06569986521,-0.52892833157,1.05220668494,-0.19426286634,1.84648479853,0.15484246882
-1.11676165385,-0.17135152778,-0.48820860561,0.70551079190,0.75770327148,0.26564457102,0.35201104515,0.06321435878,0.16482999036,0.53727576403,-0.56429738010,-0.25393270860
0.15062852297,-0.43048750331,0.82750779590,-0.13167397668,0.34160897387,-1.00828540120,-0.00338537881,0.99789237639,0.16968596766,0.75947474173,-0.85925648896,0.23764482362
0.79921080022,-1.43497039228,1.09552407841,1.14947044669,0.65099627631,0.35571321006,-0.88544194866,-0.68270166249,-0.48138852025,-0.18793204363,-1.20526989425,0.01950799994
0.14612932043,-0.27736900357,0.02867265109,-1.19472290366,-0.41355348721,-0.56314685100,-1.39034896085,1.30828036577,0.65842476941,0.11086117242,0.28569132613,-0.84085009802
1.45489894750,-1.71082615808,-0.56751077490,0.11918366251,-1.20039382778,0.96845774463,-1.49289288957,-0.87114742296,-0.56363049400,-1.32771841866,0.81343548494,-1.33035672205
0.58875214238,-1.19917663863,1.45812988445,-0.08536569608,0.57621041020,0.41598340518,-1.34013396392,-1.15866002262,0.48501734994,-0.06905273536,0.52720892154,-1.00247762653
0.52918846958,-0.16870197027,0.83105698814,-0.21680959945,0.30200053770,-1.16224157154,-0.43183527539,0.22810465429,0.57314650678,-0.60781966527,1.16398485426,0.05998886412
0.02098666082,0.48815958563,0.18549893138,0.15102353707,0.26882881772,0.30140449034,-1.04191010497,1.46165718708,1.05762437047,1.26266527366,-1.16040892017,0.57634971614
0.61799120131,0.10197222319,0.13113015534,0.76499503872,-0.48026858664,-0.33768567577,0.58802788628,0.49730724770,0.78847055451,0.76351115255,-0.60753945605,0.47375568834
-0.44309498356,0.23494858086,1.33446528909,-0.11026989237,0.77354583801,-0.07495982550,-2.08430029292,0.43442833719,0.64480371185,1.09557859377,0.31774586422,-0.43936069021
-0.02780599492,-0.75049833240,-0.31703104422,-0.17340453272,0.26932656140,-0.36901944301,-0.07625442345,0.39843112013,0.38849351853,-0.14720602318,-0.20252537761,-0.20649618419
-1.35786699226,0.62586957781,1.43970964509,-0.11394912039,1.63915637048,-0.04767782317,-0.38078979622,0.00934575644,0.72267160346,2.05096531125,-0.57465207917,-0.50430492997
0.60670068866,-0.50009010721,1.11446779662,-0.45492764217,-0.04528312937,-0.37525924085,-1.73145884690,0.91374953463,0.81392600330,0.71264664577,-0.37259218490,-0.15359676138
0.14101272566,-0.17255006070,1.08635566987,0.60308566254,0.67221680930,-0.97471371388,-0.67447261557,0.46852714028,0.54070918065,-0.14445790331,0.44858539949,0.44874248493
0.52898792189,-0.23174331781,-0.46988137723,0.31979323970,0.12071221757,0.66188114703,-0.31299319233,-0.00938740628,1.00708597863,0.06018736733,-0.47231318438,0.35114871675
0.10091795109,0.32971316248,1.14441755165,-0.06525598539,1.16597812898,-0.35743590465,-1.48607927214,0.17266506043,1.08172276700,0.02706214042,0.91627392149,0.23643946878
0.72138758754,-0.39889378255,1.03310246482,-0.42759424748,-0.29787658678,-0.33527144218,-1.11975553638,0.15044469179,0.52534261620,-0.07655417784,0.40398782119,-0.40787502142
-2.23785377418,1.10947797951,-0.06946415953,0.47654057489,1.23879353190,-0.87311258047,0.29656415919,0.97360557492,0.73587440341,1.32771954671,0.43916626006,-0.24921239950
0.68576848880,-0.50885567805,-0.47202015916,0.80577375544,-0.71492788083,-0.96958965292,1.24580667466,-0.78793927415,0.93734455111,0.29549535903,1.46000934000,-0.12030940532
-0.60784791921,-0.10232809597,0.21841643733,-0.56916852080,0.57606504363,-0.68137155869,0.83483170058,-0.71150628403,-0.02085242595,-0.93138098249,0.46228063225,-0.60898328946
-0.14289955551,-0.59917042421,0.72554094512,1.73441572734,-0.19700657999,-0.83144383419,-1.36228283803,0.69128979397,-0.21277683441,-0.35935952066,0.69484784530,-0.31171801387
-1.45446469909,0.64763938200,0.47749831390,0.59645477155,1.84727109000,-0.98949607378,-0.06422856756,0.32877582634,0.45442865084,-0.19193643548,0.70676493204,0.43354731335
0.30405588793,1.16386293851,-0.08529593865,-0.74667227273,0.01067958108,0.01278415680,0.32804309274,-0.30906286615,2.07998788767,0.59312346237,0.86699205350,-0.05749044249
-1.65085540611,0.50597552340,0.07049471074,-0.76572808500,1.63802816070,0.83866917109,-0.82190688934,-0.48078037209,0.38428599552,-0.43849338902,-0.07765766369,-0.76772309750
-0.06065513207,0.23991428023,-0.08735418563,-1.34197460297,-0.15164126489,-0.10923381224,-0.27142769552,0.18885725520,1.20493618583,-0.12091036634,0.23945601312,-0.81728729608
0.62794778146,-1.33053322930,-0.67535782912,0.96558677360,-0.51499017896,0.39936947296,0.53763240797,-1.32163902675,-0.12367016251,-0.03835489525,0.23289740914,-0.94156327970
0.28604908439,-0.26686690006,1.61309359245,0.38067679449,-0.23178649293,-0.90940643004,-1.60206868459,0.61307951806,0.03400526961,-0.83980347833,0.82868253562,-0.54433278942
-0.55174957370,0.17706619671,0.52315455543,-0.18767073471,1.22501524526,-0.18805110148,-0.51891332869,-0.20924317189,-0.22400405596,-1.33699983097,0.42617824357,0.14723965569
-1.18195400971,1.31816150438,0.63858345255,2.40250748622,1.20125858438,-0.13108655143,-0.02659671933,0.81298341554,0.73469278577,1.11441813258,0.15631844763,0.20291877211
-0.35885666509,0.18128566538,0.77425135700,-0.10493843072,1.77210988568,0.36693158052,-0.56030735632,-0.06171793028,1.11582285749,1.10523878989,-0.69665921403,0.38438492678
0.48805362635,1.12837929657,0.93942126902,1.06667897076,-0.16138562128,0.07078038757,-0.69103693316,0.55635622727,1.44474271551,1.35260455438,0.26943754643,0.30278564332
1.80294192900,-0.13147252550,0.74683079556,0.33705328935,0.97511790626,1.86056603703,-0.16233355387,-1.60234804920,1.04937812860,-1.32968003785,-1.21731233246,-0.09163304183
0.13407151317,-0.57236138340,0.35575619263,-0.18663135038,-0.04623731322,-0.99510798387,0.48566033811,0.32693485624,0.62063450849,1.03699316205,0.10521627195,-0.14859422998
-0.11001534284,0.65551729438,0.15138085928,0.85795652949,-0.44197428190,-0.16621153399,0.65573868157,1.01352371582,1.19487675267,1.95705367643,-0.92741485427,0.39877937107
0.78709858960,-0.82584991877,-0.31221500532,0.14357379110,0.06137920025,-0.05538562120,-0.81107657759,0.19624293790,0.85231734602,-0.76111341133,0.39270687626,0.13774393850
0.64908830852,-0.75761736957,-1.01745867605,-0.35914478908,-0.12735122500,0.09809293914,0.09678163717,0.33016260830,0.21077364891,-1.16958357264,-0.54262851729,-0.14039430291
0.24207679189,-0.44856526397,0.36041860704,-0.04300118037,0.49307246958,0.35528759701,-0.71419050338,0.01598536723,0.25270236888,-0.36191388453,-0.72267881486,0.02353472089
-0.25853808718,-0.02246128594,-0.24762575819,-1.00927964686,1.93595237407,0.87532658243,-0.41448532172,-0.15822993820,1.16635338206,-1.03921145658,-1.02080774210,0.44023755133
0.36953012440,-2.62557207112,-0.03746533540,-0.59727199130,0.67286455264,0.34044901611,-0.55338395339,-0.22841168622,-0.37074969571,0.99834977447,-0.59177194370,-1.54128838169
1.11335192140,1.14271274573,-0.23048446129,1.39255421354,-1.69325695157,1.65814771938,-0.59485476053,-0.09186268145,1.11908984541,-0.16804855522,-0.56469941643,-0.38036397100
-0.19099219667,0.43155122346,0.97667716824,2.79824800193,1.12207574791,-1.38281194154,-0.09180821703,0.55415025321,0.55517631475,0.42816848032,0.96503227146,1.30132412841
-0.31363379283,0.12152724060,0.50918172046,0.75220887277,0.72753877795,-0.70928269851,-0.79965213769,0.46860741869,0.91255717410,0.37540174108,0.94866882142,0.34267737831
1.52545099363,-0.09400699601,0.81048767049,-1.21877449891,-0.79748413906,-1.36022083414,-0.81342707692,1.70627756032,0.78315399643,0.51739262526,-0.12803707153,-0.00821436684
0.42904834925,0.01982344360,-0.27589068003,0.02946016445,0.40322737588,0.56560185529,-1.49255083683,-0.21235584461,0.99046068302,-1.11180031186,1.30287657721,-0.08961730760
-0.19758588010,1.44648998173,-0.99589673014,-0.60488324588,0.24970976847,0.28255850728,0.57195023738,0.71737732338,1.83210223837,-0.13844067026,-0.05623112834,0.24855075664
0.07142460048,0.29854441392,-0.05122331956,0.72559911278,-0.67073684460,-0.26638748982,-0.29359159654,0.77073129603,0.08874528729,-0.59174842247,-0.14936968307,0.00420321447
-0.38702398063,0.38327947038,0.22229707900,0.55452877699,0.97171998241,0.31907406799,-0.55716459918,-0.40992095285,0.52174996704,-0.87708946773,0.49055402940,0.13437528888
-0.53117281021,0.15848802715,-1.64249961709,0.35202909374,-0.06817949591,-0.12351436441,1.23076088460,0.25791594841,0.70747530401,-0.56087153485,-0.21433519729,-0.09935424478
-0.87691935613,0.59425205686,0.24543287823,-0.09392826266,1.50662102427,-0.62185433151,0.08311987732,0.40928678845,0.10717752395,-0.83420088167,0.19207870752,0.47560274497
-0.50729770849,0.69155762685,0.59452050508,-0.51274940796,1.09271780289,-0.61514939256,-0.24249612140,0.79476719811,0.71659468510,0.67733384311,-0.15498327537,0.45750690036
-1.33735543888,-0.07795567897,-0.38462933139,0.67378725811,1.11051152426,-0.61445546639,0.47004382017,-0.86178600147,0.16679250145,-0.39797164714,1.27330892064,-0.15542925837
0.38370864833,-0.88463131443,-1.18378481512,0.81378942996,-0.84823167395,-0.08115867408,0.25610862642,-0.22991438664,-0.76150447330,-1.72793972380,-0.31364276955,-0.67247063177
0.98044035933,-0.46202940001,1.13108277690,1.18662525710,-0.31336589908,-1.32626018083,-0.61617744303,0.84539622846,0.87222232093,0.61313059100,0.58896195295,0.62153293670
0.79846071423,-1.29971721777,1.36491944741,0.53900046396,0.94788040184,-0.52853024616,-0.73440818875,-0.01935857669,-0.27721600982,-0.34200732485,-0.80614112245,0.50705691435
-0.06032635755,0.69587486939,0.28257670650,-0.00328834808,-0.18024607673,-1.11321240796,-1.43777464464,1.68357594774,0.41212068880,-0.90547730073,1.24548314229,-0.69360738924
2.01142700327,-0.35329606710,1.51125010704,0.42113293848,-1.29111750347,-1.50816927864,0.14589594108,0.60575276354,0.62811424641,0.36701016832,0.34078027713,0.37052664112
0.47154913873,0.80519381910,0.19770855860,0.06460098232,0.12516063739,-0.03096902180,-0.10416908811,0.54063559941,1.27662302785,0.12497613078,-0.15932173918,0.50491927235
1.03418804623,0.51398133467,-0.26663647368,-1.26933208497,-1.53064764934,1.34772736556,-0.03228973599,-0.59388902879,1.47114754695,-0.52730652252,-0.54853904837,-1.03126659992
-0.03756215506,0.96822729793,-0.23050112040,1.16016705921,0.27097908099,0.39415601438,0.22893007975,-0.42185233471,0.71492517323,-1.04705561076,0.48032170350,0.23722273587
-0.54202900151,-0.13199994040,0.97854384694,-0.59269468326,-0.58381474595,-0.51719165479,-1.56445026856,0.14148397984,-0.02102261956,-0.51943079038,1.18508733462,-1.55904357633
-0.08746853644,-0.71906587739,0.12498526614,-0.19135678271,-0.00960173216,1.21622998997,0.14059377536,-1.01019492257,0.44588154535,0.77552518508,-0.70851104052,-1.40231821473
-0.55257142763,-0.14547191291,0.17128246935,1.11248366105,0.66778311167,-0.16833583398,-0.64361038003,0.05990989453,0.17292986376,-0.18045663115,0.41140786398,0.14523553481
0.15788301595,-0.30646531328,0.57112982301,1.68681325850,0.21641261277,-0.63560568451,0.17430180421,-0.60881773139,0.11219595041,0.06949017699,0.82844489570,0.40194451377
0.56049604535,0.25047977020,0.23772928279,-1.22557536168,0.67732226462,0.48697804047,0.12771670490,-0.38501850005,1.18822766322,-0.49518980826,-0.64714972855,-0.21766319112
-0.29762348933,-0.64511417629,1.11430447687,0.42390409158,1.64248640260,-0.06153435224,-1.33257306845,0.07829372229,0.16491751377,0.39393470371,-0.35612522803,0.50089922669
-1.11188105071,-0.72072433128,0.74661553114,-0.18875175530,2.50107030900,-1.19722405138,-0.54315011392,0.62903405593,-0.67671930621,-0.59547123812,-0.23284109331,0.77181919601
-0.52798127320,0.29783381433,0.59325937464,-0.43605809203,0.11143461308,0.24930784570,-0.63098333461,-0.43049264766,0.96967842889,0.65191645040,0.47286856315,-0.92694093079
-0.86879075806,0.96846180739,0.08884127594,1.15568340652,0.52105216340,-1.51457260264,-0.19804764123,1.00428064568,0.82269936091,0.14081137076,1.61763381369,0.13064765028
0.34322394246,0.55694196159,0.57364497851,-0.14191768232,0.25661539884,0.22637715946,-0.52770141772,-0.36431708674,1.30040630420,-0.05399616550,0.58474353774,-0.14721370928
0.64875085608,-0.24266830432,0.35559976246,-0.65735677296,0.13851076234,-0.39112860653,0.47415775228,-0.77628807026,1.05984326632,0.78610504381,0.83829008804,-0.03119480055
0.10297788306,1.32916072342,0.44603317829,1.41560122054,1.08917330239,-0.79700305309,0.37053373773,1.00163917177,1.15934421935,0.05261117769,0.37350521110,1.37880517352
1.56167494608,1.37273951077,1.45894187199,1.14984592445,-1.00966804571,1.44906048888,-1.49660056795,0.14908846889,1.34186566718,1.47331047730,-0.68898783067,-0.77730996939
-0.48559301663,0.45826188301,-0.45759154667,-0.42436405312,-0.24122777757,-0.18740347565,-0.34903190999,1.01537087425,0.59933998088,-0.04564613160,-0.05088053233,-0.33200504967
-0.24287923144,0.43798656983,0.32746211418,0.00504106899,0.39220503252,-0.28648791593,-0.95433358870,0.55306897600,0.45024414624,-0.46718142697,0.62272372282,0.00024075161
-1.23700081827,1.17214915885,-0.21168148292,0.01148135050,1.98523057962,0.24581527806,-0.58480209761,1.17100642862,0.49319142881,-0.86281476309,-0.48831033302,0.47859647123
0.20475621532,0.98590461852,-0.77715503882,-0.67263162276,-0.93472997518,-0.16577057082,1.37376664793,-0.03886129816,1.14671670840,-0.70576350846,0.23419886499,-0.44298318445
0.23633697987,-0.46706098417,-0.02001072646,0.09431693028,0.57192859460,0.05493505063,0.08234527371,-0.61388508904,0.24823494386,-0.34486316992,0.19399322593,0.08814926108
0.34165039783,1.10489182626,-0.09475831311,-0.85186831877,0.05677656396,-0.84973911091,0.81971754608,1.34250955736,1.23876500274,0.17670538831,-0.63093197632,0.36203257734
-0.36040002450,0.59983421777,0.01560031991,-0.65909828283,-0.06998646360,-0.14123308221,-0.51415526911,0.34842834009,0.46756459884,-0.45169126244,0.51583027084,-0.46549173705
0.59159880718,-0.53511692151,-0.60610066821,0.79991512184,-0.77855238589,-0.56113824362,-0.49742971697,1.17630327088,0.38398623926,-0.74280275359,-0.11843966389,0.10731300644
0.09673118194,-0.45372225366,-0.63014437423,0.43672713508,-0.19370282052,1.39856878569,-1.16901974349,-0.25222634169,0.14253037032,-0.38359748851,-0.51032100554,-0.43347541756
0.16453314044,-0.65098379481,-1.42301922990,0.03710502503,-1.53162299616,-1.03744766888,0.94261274739,0.29703383614,-0.46537495406,-1.55342406239,0.72193321517,-1.36082230295
0.22557172003,-0.38323856069,0.57516471416,0.79295878363,0.63462876743,1.15521373517,-1.52054803222,-1.04901227756,-0.30885148632,-1.13145233858,0.14787296537,-0.22799312704
-0.39052890064,-0.16483963974,-0.33739634609,0.16533549079,0.77700141449,-0.01065221680,-2.59692033261,2.91489004863,0.12889451691,0.36158584418,-0.76865437055,-0.06393837195
0.38905021441,0.75439690923,-0.82125180953,1.46460189500,0.11739642081,0.72168915234,0.74534912742,-0.09626590807,0.76582008906,-1.05188465059,-0.82095855929,0.51035634550
0.55990782058,-0.02630322021,0.82825155100,-0.77179134834,-0.32947461328,-0.27618547746,-1.92168830060,0.66931530211,1.35420092420,0.37870285816,0.59130931457,-0.71520818798
0.63289192306,0.36693154851,-0.50561227264,0.18149024686,-1.68089705775,0.11074148975,-0.29347197094,-0.12695569346,1.92735586832,-0.16581406115,1.46064497747,-0.81606416873
-0.81934089691,-1.74128844557,-0.18081790644,-0.63972966508,0.95239463758,-1.43336393375,-0.17623741267,0.60254666626,-0.23022384104,-0.38772028777,0.45090468489,-1.31118984425
-1.02175774628,-0.79320506723,0.33841362706,0.25251987617,0.59142504099,-1.26226547589,-0.24653893969,0.27390496481,-0.45084811600,-0.10201193454,0.76170123761,-0.57301882075
0.20174988808,-0.29695564761,0.24156231163,-0.29607687078,1.34559175054,0.05522298640,0.63282308752,-0.40440621510,0.64077376018,-0.39251018594,-0.94428320583,0.26648806939
-1.50136403328,-0.36186335864,-1.95956325883,1.37251652821,0.11718313281,-0.63830634806,0.63621587504,0.70925298745,-0.13026516659,-0.09561191030,0.34464225652,-0.69329547123
1.46424732516,0.04528726445,-0.29428110879,-1.82640927706,0.57918671734,0.60806381032,-0.02789039727,-0.00601161158,1.58629961411,-1.05331067315,-0.73417537082,0.16969932150
1.34210632527,0.00824852497,1.25915261547,0.42230973737,0.03382553217,0.26355596741,-0.87275768854,0.19895422787,0.57877076685,0.61760686084,-0.81859238182,0.59670494579
0.20207930766,-0.90966243714,-0.10121772071,0.99531581157,1.09251609080,-0.60014104620,0.40603133075,-0.11582090225,-0.29716891583,-0.75706413845,-0.67811151363,0.68247629604
-0.77589995677,1.01955414277,-0.47722605471,-0.18226000228,0.73253765356,0.06312020105,0.91010077394,-0.20644659995,1.12052892300,-0.51560754917,0.17024315329,-0.05626954497
-0.72334252643,-0.41281933431,0.69553493565,-0.31684196015,0.77964711674,0.37290708090,-0.83062865002,-1.39073566556,0.94156882342,-0.74998956997,1.23351428274,-1.51685864790
0.22590091254,-0.09062074153,-0.37888336760,0.17600801562,-0.06257541666,0.35421088675,-1.74726623208,1.05974970072,-0.47230963538,-1.57808935706,0.09322682501,-0.14622079752
0.52206350920,0.45338533400,-0.89702347529,0.19080853576,-0.65639392447,0.16271555094,1.09696112056,-0.90538219749,1.40552926845,-0.40102966592,0.97652267109,-0.16475796413
0.82003196541,0.14412207549,1.50232019679,1.07631311892,0.79701132104,0.41646256866,-1.44509064348,-0.48816621583,0.80657016663,-0.30926295662,0.56427921210,0.25195369401
-0.67990233698,0.49989749151,0.21172927151,-0.22542919507,0.21560389293,-1.52786591439,0.83313931828,0.56723033002,0.77812370627,0.51168462622,0.68922034284,-0.23701715254
-0.66615533496,0.36728926789,-0.48648570877,-1.04445178491,0.70526886492,-0.83735397400,0.13513267346,1.19400580964,0.07350469694,-0.30880674244,0.06478541219,-0.16290658553
1.11954711056,-0.53912512697,0.42478627305,0.01713929235,-0.91575385305,-0.07779203844,-0.27799553132,0.21025708976,0.81338770948,0.91646366722,-0.34327980269,-0.07662415696
0.36868189780,-0.32093586563,-0.69868243982,0.87877975955,0.68217853156,1.17915727601,0.28989812355,-1.13304710575,0.53146638743,-0.51345823405,-0.67840742298,0.19900031785
-0.77405043873,0.62285019064,0.76818799013,-1.48881922134,1.70541135688,-0.25064524328,-0.89126194089,0.15627243805,1.38553458631,1.32628328981,-0.19502450884,-0.21518663079
1.16629701610,-0.06881837625,0.54119650172,0.58676897721,-0.85146161211,1.40109025150,-1.39563388507,-0.59651831046,1.39758149195,1.99515497283,0.35980824234,-0.67915423302
0.50226154167,-0.94139592282,1.86391767312,0.81122696139,0.85911998712,-1.02558996137,-0.17698097918,0.04295665367,0.17034924274,1.11389000322,-0.38163615262,0.42579294268
0.78707574377,-0.67724899304,0.90819560193,-0.05787657214,-1.83923836680,-0.13033413223,-1.02083535062,-0.21650825288,0.76947007911,0.36187619468,0.95976464310,-1.39980436257
0.64061985380,-0.78999410414,-0.13959523107,1.71646695145,0.87515926594,-1.15923585390,-0.02578283337,-0.58610387498,0.33626623085,-1.14497759886,1.33317618043,1.16494880730
1.05430690407,0.98704341723,0.71664169640,0.47014916132,-0.57751095453,0.77248090877,0.78897076497,-1.20595266865,1.15833165823,-0.84815643299,0.10573604070,-0.49557456782
0.41689788453,0.40594731950,0.26908071448,0.73201646569,-1.02216692449,-0.19328870589,0.18669169312,0.34043636858,1.18259413431,0.85155617340,-0.05303658560,-0.04370630685
-0.24659409845,-0.09837385532,-0.34610844751,0.66024293003,0.32749320013,-0.07317519902,-0.36945242047,-0.48242124295,0.07761589885,-1.86881820133,0.82017958694,-0.14591715001
1.13790086765,0.91146610098,1.10863711525,0.35846496938,0.63290601393,-0.10484952369,-0.65409702483,0.30336760393,1.43701452382,0.05513478124,0.33027618854,0.85808100795
-0.14165527665,-0.19485168319,0.88175606319,-0.33435736375,-0.16914110120,-0.61165789394,0.45028714138,-1.35849868421,1.38938873116,1.27962075986,1.84531330726,-1.04611774267
-0.34488979829,0.09087276973,-0.77163209380,0.29902881802,-0.04845100845,0.05123643296,0.67048092165,0.49674814599,0.95654791575,0.56057032146,-0.59599586849,0.06390982328
-0.15395671292,-0.85655835495,-0.31354854957,-0.35056351053,1.81706402635,-0.09311924520,0.54084124163,-1.06055241071,0.31795327289,-1.34432653617,-0.07115704215,0.21634221635
-0.53809249605,0.87063947377,-0.36792786884,-0.12546102976,0.35238877345,-0.73509675333,0.64931777543,0.77767353004,0.83617900087,-0.14754436181,0.19505595506,0.16142095051
1.01271985631,0.32473428378,-1.07830685698,0.75281905068,-0.72168697302,1.05147977249,0.01238802170,-0.23172527381,1.01932429618,-0.72809442504,-0.24260322524,0.31278100549
0.79098733940,-0.61900484974,-0.32414474187,0.15852607848,-0.12804395275,1.48223493062,-0.65546455472,-1.72665801324,0.75815357081,-0.01391029050,0.92572253244,-0.77583158053
-0.25592851846,0.01598275342,1.24897797253,-0.51196646499,1.69432811448,-0.55233292093,-0.59545458325,-0.40687643550,0.58629477010,-0.91375238085,0.53018127307,0.06420521956
0.92656584341,-0.15565986864,1.49099617904,-0.42704175847,-0.52558578645,-0.49453906123,0.93289483122,-0.90740040934,0.81476516325,1.28763659813,0.19799806739,-0.74664229486
-0.37213549756,-0.52331023630,0.18297057863,0.44455818610,0.03158452544,-1.08050551186,0.24525636327,1.10261534723,0.34089335965,1.16681729962,-0.37513483536,0.06593574839
0.56048591276,0.57151128509,0.04497681187,-0.07742583773,0.11110946338,-0.79097644874,1.41088064517,0.48938514041,0.85584629138,-0.54335733080,-0.61213562712,0.35201057733
-0.61193421658,0.66995841829,0.14289935375,0.51734005786,0.34457506368,-0.69345490698,0.07075162164,-0.06644852350,1.42811662839,0.75328164881,1.45983947028,-0.08389934392
-0.32230044429,1.16772518667,0.48828466926,1.03627773416,0.37935943874,-0.00383398023,-0.62084445919,0.61533443514,1.00890098714,0.33980314620,0.41037521928,0.19321686843
-1.20211068504,-0.60127458485,0.88554788688,-0.30016274007,1.71922574262,-1.27999622144,-0.28426288069,-0.75155893430,0.24805403025,-0.45120632950,1.39773800507,-0.52336991208
0.23587380947,-0.16935677832,0.35941270226,0.75196986638,-0.33468263115,1.22015044442,-1.38840283038,-0.68830708359,0.57657096490,0.83928127300,0.55854269054,-0.86021945066
0.32408981920,-0.40205312799,0.55275110976,-0.13784975250,-0.30550283203,-1.05302234931,-0.60961847691,0.44601960387,1.09654011104,0.59371693373,1.08887824338,-0.32680175249
-0.81078426158,-0.12333331714,1.21347922136,1.21036586803,1.79544789245,-1.26010430801,-0.50466537247,1.07545965965,-0.03005052666,0.79443059908,-0.17878294478,1.31397449991
-0.71031018278,-1.05890302843,-0.75476392284,-0.88380644310,-0.80387909638,0.06096035508,-1.53002646012,0.69739478172,0.38517544615,-0.62430774977,0.85581802961,-2.06725198260
-1.19497850717,0.37317530829,0.32349747663,1.11908232092,1.99764531272,0.18713953010,0.04251404851,-0.21269094783,0.13190285693,-0.36608312769,-0.52608219803,0.51155358438
-0.05827341409,0.05278386064,-0.54140279766,-0.10231444910,-0.44884832122,0.46256544806,0.59725702410,-0.26796845271,1.25936937935,0.59821000334,-0.20737721670,-0.48145559574
-0.35630028236,-0.26251563352,1.40746409775,-0.24483581640,1.49160651809,-1.11809300166,0.53337415048,-0.77376100826,0.64987254892,1.00261331338,0.67663572098,0.11135372037
-0.12646695222,-0.39432097623,-0.00948380476,0.38973739227,-0.66200343671,0.71251595492,1.06580409266,-1.45110047038,0.17082956493,0.53004720230,0.08985727191,-1.46803743310
0.67192019649,0.67291735560,-0.23294288875,-1.41073359114,-1.16917891007,0.10412245959,-0.29563522157,0.12577713772,2.08048500652,-0.40723259288,0.69274450793,-1.03479451893
1.47206391971,0.21328045874,0.78951422504,-0.03733619432,0.22411007919,0.88198869920,-1.23177131207,-0.27554318482,0.62970946412,-0.57442407941,-0.20407113876,0.41827972299
-0.29652556616,0.41191163699,-1.01285596028,-0.56127113433,0.86290830924,0.11520840879,0.55880197021,1.06213061156,0.88631913870,-0.52910080442,-1.10246159661,0.46095391152
-1.18023140506,0.66301961029,-0.60204411491,0.79730051214,0.61397388535,-0.76197353244,-0.00056823762,0.49714315278,0.02427656103,-1.10050787322,1.00968319208,-0.05560150874
0.46852170340,0.73537244371,-1.00341114364,0.09696504434,-0.29270926835,-0.28710948824,-0.17292817877,1.48154619267,0.09084922442,-1.74052662549,0.05129369205,0.20623405928
-0.35926773214,1.02065297800,-0.26428401118,1.00879074644,-0.23655496150,1.00769212145,-0.29725605113,-0.24108357647,0.73793790738,-0.35096434736,0.14309334197,-0.39376011786
0.09491919903,-0.02553147734,0.82626160058,-0.36222937340,-0.24379639184,-0.59484888000,1.31843218534,-0.36284446582,1.17826959724,1.01267845104,-0.31000388618,-0.99112903353
-0.20058450671,0.41186280122,0.11362081251,-0.30656116611,0.41531405770,0.22437419536,0.24933997109,-0.77823322694,0.83748336862,-0.72800089960,0.47763261085,-0.39267375811
-0.43138770715,0.09547932828,-0.57825477255,0.16073604819,0.17730610743,0.89687780165,-0.42308370572,-0.45334459032,0.17083375792,-1.28872449417,-0.12897643743,-0.39486662298
0.18861231370,0.55303217518,1.55762096113,-0.48992042590,2.03140976239,0.29526894650,-0.51137243684,-0.11649331720,0.54347748807,-0.96845293289,-1.05199910935,0.42857580489
0.05876793464,-0.75918623893,-2.02904125781,-0.60935325046,-0.23669442152,1.25083094006,-0.48042939086,-0.01258419517,0.56831538304,-0.84224229923,-0.12316050254,-0.45336809480
-0.50050310403,-0.66710866167,-0.38621258290,-1.92369703471,0.91330512760,0.21365135459,-1.18894997928,-0.14467014819,0.48883926293,-1.22514194844,0.68923126427,-1.21802360965
-2.06914980120,1.30705233109,-0.32207371865,0.17026917883,1.06985123912,0.29801047906,-0.40274342146,0.43257115812,0.67410645255,-0.03967310449,0.34515937867,-0.79338307301
0.36419310333,0.53913403612,0.93923016372,0.56508187857,0.87017084686,0.51065204216,-0.23973611638,-0.15791363787,1.01426060073,1.11081359773,-0.48972395607,0.45234949348
-0.45712465039,0.89220975742,0.17495993742,-0.57024779498,0.65469813270,0.36569194991,-1.22710923531,0.86440259961,0.99916823787,0.55608868827,-0.30913411522,-0.01209367890
-1.39509593902,-0.23554279621,-0.77949038639,1.43494815459,1.98210845996,-0.41842153834,0.45581837891,-0.46770475503,0.00642758964,-0.69585448797,0.15383652539,0.66099875914
0.04502738692,0.69382810628,-0.48954235148,-1.30234344568,0.20302779517,-1.73768578563,1.50378462920,0.35366990129,0.70720028555,-1.25710449204,1.24183324461,-0.67008556055
-0.51394845305,0.97943057065,-1.20481285020,0.30566508132,-0.44477104291,-0.95728124034,1.10676600240,0.46013383805,1.03847484114,-0.14640587880,1.23959620401,-0.13464945976
-0.00177246782,0.17137175262,0.97795689865,0.45207232073,1.07233926637,1.01160336296,-1.08193620526,-0.16408739366,0.62849173806,1.79307519107,-0.61748646726,0.08413328287
-1.49837796102,-0.06444010740,0.33052364291,0.56967716703,1.21891623509,-0.83378746668,0.52464986624,-0.62256461368,0.20008425580,0.27117049837,0.89241227957,-0.37519501515
-1.90803707747,1.18438300925,-0.99065519824,-1.11849528617,0.93081976523,-0.09101551233,-1.11923635524,1.20128134482,0.86712471439,0.03175695112,0.84813423782,-1.14036514700
-0.93495310998,-1.20170666017,-0.81878474728,1.20793309989,0.57277147328,-0.14171271238,-1.92497313039,0.31615596653,-0.59284902180,-1.71565302753,1.02614558285,-0.87041218805
0.57029792993,-1.36956673725,0.58164170958,0.14227840590,0.25148051855,-0.10392965241,-1.02388132673,0.36752894624,-0.01889727412,0.20857148045,-0.80509237511,-0.09447646526
-0.06405161542,0.84710992656,-1.58500213624,-0.59392847683,-1.15962637118,0.19256125960,0.33298068707,1.13773848388,0.91399934511,-0.83253446976,-0.08723283602,-0.45884730300
0.99048224386,0.19512664562,-0.11123050478,-0.32958549208,-0.39909178570,0.38077408906,-1.04371395768,0.27431248981,1.16324968370,-0.87262554339,0.48045451138,-0.02443929937
0.97845673232,-0.66975805486,-0.27133439264,0.11093111034,0.75710052573,-0.44170212828,0.86760667618,-0.96306326568,0.24821592335,-1.81155174402,0.30384084630,0.32923936054
-0.84856382373,-1.29484056935,-1.38324495045,0.97087926145,0.32203615521,-0.27326680686,-1.04777897291,0.96908427955,-0.57835145061,-1.22443965927,-0.05958636340,-0.69646077117
0.40900153323,-0.36195950057,-1.07800630063,0.25047128341,-0.87958855086,0.58158073337,0.02261959331,0.21692371664,0.45728721146,-0.24786675850,-0.53845145674,-0.25630778136
-0.27750400684,-0.54806742091,1.11338715190,0.81580130146,0.88184439480,-0.97748193063,-0.04415078373,-0.10085989530,0.73114421905,1.35239225527,0.58462464701,0.18867305400
-1.11220767920,-0.19296219838,-0.23443826048,1.03206230117,1.36238534792,-0.80908290398,-0.53844288211,-0.05396542079,-0.10856326626,-1.56209511722,1.03543038536,0.19772338869
0.09151196240,-1.09992738302,-1.03944685552,-1.54758563619,0.63464919994,-0.08254575096,-1.66409283969,0.46162734330,-0.07993627591,-1.60937934111,1.62023632893,-1.07492045900
-0.44248833736,0.18278252161,0.56324507730,-0.85098138964,0.61377342826,-0.33074776611,-0.33861621541,0.01658181445,0.15058757636,-1.50064920734,0.17314044091,-0.60781906615
-0.33983304706,0.01094407487,-1.25657768536,-0.32094723513,-0.15887138139,-1.07477960950,-0.23726755036,2.60653885338,0.47448964799,0.27152669475,-0.17103777605,-0.23669133625
-0.54341919288,1.09054315703,-0.00464237807,-0.59121528154,0.40122042435,1.17158644757,-0.71629123788,-0.16489689662,0.49241203171,-1.24205782529,-0.30507969373,-0.57382721828
-1.45035582844,-0.05227175998,-1.34668752751,0.40803100387,0.53690568070,1.00247994723,0.62121658186,-0.70769493880,0.38077581160,-0.10513154629,-0.21452724775,-0.78926678630
1.04851065081,-1.19203605807,-0.37708148667,0.84199525861,0.58338413364,-0.09872352830,0.69938016129,-1.10714645648,0.43946269124,-0.54767071694,-0.08586225418,0.26079625812
-0.36286210975,1.54674260664,-0.05687319318,-1.05703054557,0.97188303670,0.86499981955,-0.08675137482,0.40555567002,1.32833700454,-0.36394715184,-0.92397416850,-0.11477418279
0.09545660063,0.40994776339,-0.20588310208,-1.84745773495,0.21573727296,-0.01445015598,0.19091267552,0.13564889207,1.45940459935,-0.01128528308,-0.24552522213,-0.63902841087
1.06799616309,1.44264654525,0.27855383659,-1.29069926555,0.47932393157,0.05591329403,-1.12627782434,1.34500911668,0.78054402089,-1.05772526118,0.02399197241,0.43158582986
1.06597559150,0.31877643761,0.33172874845,1.21651848048,1.45248111430,1.84349111018,0.08547669648,-0.69354265334,0.28522107779,-0.94433781965,-2.31771962893,0.40696351405
0.04876156727,-0.73943100510,-0.02808415925,-0.99178347551,1.24717712011,0.59967194775,-0.26948438153,-0.10329783774,0.75440191671,0.43169877377,-1.32870001682,-0.10256913824
-1.15426405317,0.67592645713,0.28196182449,0.35748991854,0.36164452608,0.01412885044,0.43293482352,0.45813190014,0.27272081979,0.75468851256,-0.81792230042,-0.32497424800
-0.71095954285,0.30357883085,-0.31412055307,0.70172089448,-0.40886974747,-1.18147308096,0.40749906323,0.21130299253,0.14715930966,-0.66012667163,1.27638442903,-0.48605752250
-1.06762662343,-0.06004344904,-0.37895134777,1.43138543361,0.09548255081,-1.28557363974,0.27037723555,0.48912363691,0.35729435708,0.49013215074,1.19380901978,-0.18832687633
-1.47950234582,-0.75517901951,0.04971369409,-1.14829285606,1.97961078599,0.28166895054,-0.28542079516,-0.94954628686,0.28513577154,-0.50428674220,-0.12413897679,-1.05501145310
-0.35436061919,0.42945236197,-1.39864363987,0.59867120738,-0.25794940709,0.28952874746,-0.46550731940,1.64169179297,0.65836775358,-0.57201445603,-0.49236979034,-0.02157877328
-0.23901484204,0.38364003838,-1.02563421889,1.26130735652,-0.19606819917,0.23252405962,0.31136935615,0.20246978041,0.60723446240,-0.52654771304,-0.06383907212,0.16916308516
-0.07888099893,-0.91496731158,-0.42642569528,-0.34960588048,1.20917178343,-0.11561444582,-0.08768042524,0.02295371768,0.39045490426,-1.03560585404,-0.50864427548,0.13623578888
0.53157368471,-1.35944030142,0.83605884579,0.42205396280,0.60933679438,-1.16012251649,-0.81728714524,0.05451124380,0.72598979171,-0.00132862210,1.06081981413,0.03086143675
-0.30026347790,1.05212913634,-1.72417700441,1.54409988821,-0.39231998503,0.29174482593,1.82473876130,0.28533648385,1.10667859009,0.19002572604,-0.54434315890,0.26800584238
0.56753868231,0.43342687421,1.36891297199,0.56785053507,0.16647066580,-0.50367917350,-1.07183940840,-0.04135941935,1.01858040683,0.29297419864,1.29239674308,0.15440474584
1.04450488990,-1.31866152241,0.02855971054,0.18141205804,0.41965559874,-0.49792627890,-0.13766438596,-0.85784084590,0.87286238417,-0.55703946554,1.24093390458,-0.06043446959
-0.02242423636,0.37939780705,1.17940779012,-0.19295003556,0.60248217621,-0.86070930209,-0.83201155497,0.71260660882,0.19966430635,0.02113140128,0.39012079852,0.34475389426
0.52353760155,-0.02060267584,1.05360462512,0.46596212293,0.25642096815,-0.54948957804,0.75700514145,-0.04627563297,0.02309300083,-0.05579540365,-0.85843308293,0.23288055635
-0.65626100976,-0.61274502626,-0.23680282555,-0.14198725721,0.95409462094,-0.23079671998,-0.84480377011,-0.25729422369,0.30901325473,-0.58398537594,1.11748486118,-0.38047991038
-0.35785281396,-1.66945174455,0.03831391782,0.12304232594,1.19458025864,-0.49370303120,-1.07133430630,-0.62725975146,0.37222144788,-0.41060485491,1.41725492158,-0.65481026811
-0.26699096988,-0.45106919453,-0.11357413791,0.04431006633,1.13591232083,-0.95357642321,-0.45420843847,0.22136470092,0.27308970542,-1.20592763334,1.10061632556,0.20401091009
-1.43391046720,0.13453593609,0.05514286762,0.06136531795,0.49155039331,-0.55072872421,-0.74295945454,0.69381753715,0.45059341475,0.36955828229,0.54874715361,-0.78777068338
0.02334837641,-0.48014849887,-0.82185272266,0.04286533983,0.01694816316,-0.07449578741,-0.65237562075,0.58381286311,-0.15314937057,-1.04139937482,0.26397736816,-0.18526455077
0.14696401824,-0.44952907779,0.46745666658,0.06366035580,1.09453181863,-0.16148312876,-0.25405540624,-0.23395154362,0.30581412044,-0.54480830760,-0.17359662202,0.34893338128
0.29402945694,1.57997773609,0.28769991494,0.40187441177,0.13007089297,-0.31206167356,-0.37810412931,1.36758829431,1.64222355245,0.74303622495,0.02112175073,0.70953150094
-0.01197767987,-0.23536520466,0.84519927932,0.97205613132,-0.19912370471,-0.55326297475,0.26175604318,-0.70555956575,0.71528287807,0.96498653990,1.13627042038,-0.39526969442
0.21528044159,0.26205214426,0.18886774926,-0.50952433277,0.86137584313,0.58976891113,-0.12351048521,-0.01697779474,-0.14372465614,-1.55780927649,-1.10127585787,0.16975427709
-0.26686563671,2.03484075543,0.00540784253,1.77664624623,0.04349833886,-1.03065399024,0.90538436388,-0.28991540236,1.63707621746,0.58738636507,2.62113344152,0.27322869631
-0.36136234363,-0.04633014944,-0.11584797545,0.40296685002,-0.42301470010,0.08943398522,-0.51951053934,0.35004086416,0.58315594033,0.38994714481,0.12497123876,-0.43556448851
0.55244111694,0.08306161372,0.09676302610,-1.11737048120,-0.67833348067,-0.24014951534,-0.74346254707,0.37587136807,0.46493481235,-0.69121608356,0.64016030788,-0.72432111361
-0.52295326824,0.74144996549,-0.04451414125,-0.61569910274,0.69268645101,-0.03413705161,-0.44138070089,-0.09312706028,1.07899510711,-0.25898120974,0.92737483716,-0.24062568634
-0.40437274366,-0.48415488094,0.88434739051,1.86099059943,0.51363603749,-1.18475643744,0.51073321178,0.73212906113,0.25470924326,1.92600678305,-0.26872300028,0.56717837242
-0.04428927583,0.30051545005,2.00988147737,0.90057606205,1.45183653261,-0.70787626913,-1.08867501656,0.16095185499,0.46451133341,0.45343979228,0.54412826347,0.77350774203
1.07223463170,-1.04851302176,0.20075477296,0.41736319225,-1.72187737415,0.37557908909,-2.24110260481,0.91684605765,0.64711087046,-0.04224946966,0.14906819179,-1.01296863078
0.72549563784,0.04972898710,0.04464367178,-0.01084582756,-0.25182139722,0.26145826102,-1.17583225313,0.27715380334,0.67357543832,-0.26599084327,0.56452475061,0.13751735431
1.14130549562,0.29805634616,-0.19701606566,2.24566435763,-0.94095816329,0.28477766391,-0.07769114462,-0.18687277566,1.08699627097,0.25741275200,0.46841440338,0.37891242149
-0.54276750921,0.32906595066,-0.31276141326,0.65924378255,0.29641479597,0.91520590963,-0.52116277504,-0.68708325829,-0.20420979107,-1.38043664593,0.11061073508,-0.32290995560
1.06257488475,-0.37743803200,1.15164293523,-1.64728277208,-0.42035979448,-0.36825251144,-0.77025648233,0.33084751106,1.02216116170,1.51268250544,-0.82107549971,-0.67776636633
0.29208258531,-0.58171977500,0.81379903258,-0.22665009693,0.01337669898,-1.12371021732,-0.02030641117,0.11174811979,-0.41888125350,-0.61268498157,0.48117703711,-0.21416306771
0.92871695756,0.02866916226,0.39271429879,-0.72234658142,-0.33836158884,-0.74995567839,0.25396136053,-0.04960518264,1.16050612457,-0.54200188687,0.76125558635,-0.35657608275
0.79639732769,-0.05816190081,-0.70201804756,0.29276227047,-0.08996128444,0.26302690345,0.52808078768,0.61260832554,0.71568377152,-1.05981118445,-1.64225064890,0.57573705542
-0.46581756020,1.65515910333,1.21246609310,1.56634666924,0.89290212317,0.33017025334,-0.59998237000,0.80422661174,1.17908935207,1.39811619356,-0.22694367668,-0.00548598704
-0.69414742090,-0.62534487022,-0.18624751581,-0.75303723237,1.91441554021,0.33806226420,0.37662448236,-1.32723718670,0.62069451192,-0.40420878824,0.09606472396,-0.26870815404
-0.01344195984,0.10536563904,0.47350359426,1.53909736843,0.48341555537,-0.05355633612,-0.36663108723,0.07224293561,0.52979929691,0.10001579296,-0.03600209776,0.45353173653
-0.55874016862,0.77100267422,-0.33626803306,-1.28424184295,-0.08006829884,0.76321960744,-0.81430976184,0.80937245829,1.46992753332,1.10405206346,-0.97893343391,-0.56124910429
-0.47894287126,0.89345114936,0.44715965421,1.45769787755,0.93954430798,0.66427766467,-0.96030918997,0.55722897738,0.45734942339,-0.27829026843,-0.43660796525,0.18553335630
0.49634324855,-0.04123076019,1.79837658344,0.99337352785,1.20636473917,0.33235829553,-1.27512375771,-0.53941983969,0.56096691449,0.97621630260,0.33231818656,0.39633559092
-0.24488564931,-0.47037112654,0.07510961635,-0.31565112219,0.26879376137,0.80721712917,-1.44782919543,0.09204510308,0.81713809748,-0.55119958958,-0.40415461140,-0.67775178116
-0.92119023767,1.11036637835,1.14858680525,0.68168697753,0.33068103754,0.13794229924,-1.63716716187,0.66841904941,0.36785553534,0.59246537833,0.29444360972,-0.73806714630
0.40487686365,0.65007521482,0.20990922610,1.20039531428,-0.20170961569,0.24169005671,0.96507175627,-0.45859713625,1.08578001323,0.93240325951,-0.03110848300,0.16499683630
-0.62525313195,-0.11196479544,0.93667233308,1.47465777576,0.30304577540,-1.36819430394,-0.10569673295,-0.41711661959,0.24039519627,-0.11194845675,1.71039425533,-0.20975043129
-0.08938546468,-0.97192109224,-1.47270188138,0.75429791995,0.21148443100,-0.28565795602,-0.44709889874,1.83058976924,0.22460466889,-0.06356202793,-0.82241003823,0.15657075525
0.82459059349,0.03001525041,0.61917590659,0.64052083890,-0.37454374748,0.30052877261,-0.88042333132,-0.30067175665,0.72051751864,-0.04068820260,0.55687248542,0.01837314021
-1.55056769585,-0.83861483808,0.54357627477,0.48033567014,1.04796493692,-1.82494429503,1.24922225078,-1.07181284842,-0.30831052580,0.65494061658,1.51696614015,-0.69243149961
1.36913204573,-0.07108141983,0.26253473945,0.48565742248,-0.98637559394,0.50444261774,-0.22149455754,-0.24588259769,0.74641099609,0.25445045842,-0.35330777428,0.08364043452
-0.54718455437,0.46413216505,-1.46649592244,-0.17765101368,-1.51061991936,-0.24090866112,0.62037386942,-0.23786330377,0.21587529172,-0.89845368639,1.41092806215,-1.02357988309
-0.80153708735,-0.55053693672,-0.64663539873,-0.08063597309,0.15498792972,-0.40729483593,-0.24092862176,0.41638224843,0.06481084971,-0.65490724345,0.32613733809,-0.75670044152
0.27518871767,-0.49153679157,-0.28492374586,0.07643038052,-0.43118698915,0.09343206263,0.29019557937,0.71410520617,0.72270868101,1.26861019906,-1.19686678039,-0.01004402702
0.17348648111,-0.47361781426,0.10347284367,0.21443625702,-0.65621286034,0.46283638764,-0.27310538215,-0.73257649605,-0.04503945470,-0.94591101943,0.05454138579,-0.90335496194
-0.95926093738,-0.51804934268,0.92006598422,0.73357686777,0.85006700464,0.43895188219,-0.08687668282,-0.93864101439,0.23986873051,1.61992607741,0.30655575599,-1.24025543685
0.81090593447,0.51187933508,0.42261550340,0.42345592537,0.81500756206,-0.79421122175,0.97781241744,0.13907033122,1.04612661768,-0.78438715514,0.02037363849,0.91994622646
1.27125076614,0.00562289001,0.09862494932,-1.47505663741,-0.84689834267,-0.92312711435,0.77658381609,1.37695465296,0.30933253386,-0.40047944257,-1.32125866345,-0.42226709533
-0.79684220308,0.18400372298,0.90538523000,0.65831803174,-0.39703053881,-0.75586020505,-0.41032575453,0.01711713928,0.49584746313,0.56261824128,1.04675857140,-0.92207469107
-0.40149120870,0.94669254291,-0.23836101116,0.74408079584,0.30040554495,1.00461015202,-0.89915427456,0.31880834255,0.49285019368,-0.93513686972,-0.20644467321,-0.15174349441
0.23047037858,0.99100078478,-0.00590752987,-1.09736435678,1.07967097922,-0.15303811406,-0.59040820832,1.10825586399,1.00895858453,-0.36926310846,-0.11917264938,0.59659741974
-0.58771660734,-1.05451875115,0.16705764220,0.21585333763,0.74267050412,-0.13191793614,-1.27819437480,0.39526371129,-0.98118775738,-0.26482085254,-0.02096613308,-0.32957034848
0.37246775455,-0.28682214221,-0.38049248065,0.81104686688,-0.58951389661,0.23002956237,0.50066507874,-1.24685991697,0.47604459238,-0.25877699463,0.92046259767,-0.46380705610
-1.57314223213,-0.12512645948,0.09566063781,-0.94399286405,1.29908336085,-1.16332756605,-0.59286851516,0.55795178128,0.46304181726,0.69369830212,0.93278926493,-0.73163869442
-0.65328498205,-0.59643882091,0.82973481443,-0.87642527170,1.41461229610,-0.66126592865,-1.12796430111,-0.36755095759,0.43714401520,0.69156683394,1.13462127068,-0.34330111647
0.47430829485,1.01651524527,0.64768794198,0.13519772570,-0.36771172078,-0.39415774611,-0.82950477686,0.84615034093,1.05478802044,0.14566463309,0.50943041793,0.17510407020
0.69789438155,0.73570074935,0.95576756659,0.96931823114,-0.32367757917,-1.00350521771,-0.55303273376,0.95531235320,1.18666529301,0.59004529860,0.78021574768,0.58257976683
-1.79407110826,1.65853518242,-1.41862418463,-1.16777490025,0.90383655671,-0.08491681903,0.92742310147,1.82742688786,1.16646759352,0.88036542642,-0.79359942016,-0.23445793657
0.09782372139,-0.05647065392,0.51931318035,0.15812576561,1.12476858871,0.46107002853,-0.43020120464,-0.59332029836,0.89701747826,-0.09233413372,-0.09417790284,0.14780208174
-0.25443623971,0.00697194083,-0.16294592661,0.69897021462,0.01972892099,0.15283570519,0.21830860167,-0.41489569779,0.33440192378,-0.20536006871,0.11005688568,-0.19513888116
0.59136311353,-0.40993306845,-0.97056960885,-0.04391982473,-0.74077735257,1.66615069598,-1.53609971909,0.42411792392,0.25859672674,-0.06531513579,-0.97362720092,-0.36878481613
0.22927497961,-0.55062142501,0.45507014625,-0.14772315535,0.91949996901,-0.40249391264,-0.68713345416,0.18893578287,0.35664642587,-0.08259410350,0.21882221490,0.41554770411
0.39466925973,-0.21823995202,0.12666502510,-0.75981389963,0.11182017831,-0.03554829473,-0.98220081333,0.27429740528,0.18053435492,-1.06761813688,0.42439107425,-0.33539379350
1.02503513504,1.21740155626,0.41235085165,-1.47562489905,-0.36637353599,-0.72218711516,-0.12835428795,1.47249068992,0.98972776735,0.34321323689,-0.58108683873,0.25681109679
0.13455978824,-0.11951215910,-0.98354677736,1.18771104461,0.50834686520,-0.06385301996,-0.68642594648,0.76741166539,-0.17220096453,-2.03496705507,-0.12993638171,0.62375126750
0.44870317940,-1.03219839132,-2.07725964982,-0.16278387592,0.49556282839,0.35405297653,0.42927645869,0.38119804258,0.11821308241,-1.22369025520,-0.83506332958,0.12873615668
0.10832580558,0.31345919282,0.59872004908,-0.15427293855,-0.27325515716,0.19797590314,-0.50140579839,-0.19545735358,0.97370705284,-0.12593659706,0.18746800213,-0.58252108729
0.06596885151,0.71346647893,0.00835005716,0.06878478904,0.16087593237,0.50630813439,-1.28364275176,0.87291340815,1.59627640626,0.90464435279,-0.15204696157,0.16412870143
0.69194593695,0.57202446151,0.21803514905,0.54596882515,0.01928621208,-0.70760427305,-0.34637171786,0.64363042218,0.72539530195,-0.89499396286,0.90797704498,0.59736413287
-1.89572215273,-1.37075365656,-1.58964644182,-0.52548980749,1.62054667766,-0.43560371276,-1.06233957299,1.02503595144,-0.22223772783,-0.53661188855,0.54943584300,-0.98567491260
-1.25258647462,0.89882994666,0.13862500309,0.54791415382,0.39158419971,-0.01479831848,0.30869868778,0.63426223766,0.78825622176,1.30196676265,-0.41957023370,-0.20408768239
-0.20624540697,-0.64857627045,0.23624992114,0.31552591128,0.73821765615,0.29827914470,-0.00683037958,-1.36049368670,0.07880850998,-0.52078729982,0.48263140197,-0.52214837274
-0.69899297535,0.58066574428,-0.18585488226,-0.53236388158,0.96123890590,-0.00327374211,-0.01579123095,0.85341880125,0.77363704086,0.28778695410,-0.75511358361,0.22962604785
0.80729160449,-0.89267747305,0.19215795747,-0.27763394282,-0.34812335961,0.03501515541,-0.85586402612,0.53765455869,0.44069764671,-0.06507580045,-0.68886898491,-0.16544472056
0.75901343873,0.27477670704,1.45414015096,-1.43800511485,1.18316622374,-0.85719286850,-1.10943163128,0.37394312098,1.25121908213,0.58245811082,0.25863238175,0.28263479295
1.60839212761,1.15360067664,1.26428727849,1.13384614894,-1.37501453253,0.11413955320,-0.55019403899,-0.06181147277,1.08523350248,0.22329535651,0.77305853003,0.06168757386
0.20377594107,0.55853849668,1.02625772514,0.15676840671,0.63332672478,0.57858773305,-0.39906690774,0.41331405610,0.55712408128,1.25543955958,-1.58982619406,0.27663525091
-0.10670644679,-0.48626231915,1.02742015757,0.88545427198,0.79021791861,-0.65247512004,0.02157775850,-0.11860586516,0.34167252407,0.82699194855,0.00310533149,0.27003643094
0.08078000937,0.50931385090,-0.31152819274,-0.16958449271,-1.16006245320,0.66516463236,-0.69813546911,0.69146532536,1.05408235894,0.91874062411,-0.47508511126,-0.35985768848
1.22499955025,-0.55971999461,0.38485606923,0.41471209975,-0.12819050427,0.81739115980,-0.31754963218,-0.62847483144,1.14560349852,1.44877403064,-0.32337120650,0.02299550534
-0.99329619679,0.34810781567,-0.11716677203,0.51404971457,1.09591379622,0.03179309793,-0.10906956280,0.61734181272,0.66287037238,0.50396120504,-0.49333160145,0.30584277017
0.19554957908,0.80500543771,0.05866765626,0.24094382328,-0.42234037017,-0.09209257603,-0.29460798839,-0.35534954475,0.97682048158,-0.85877209394,1.47774554453,-0.29953292742
-0.04607590401,0.38772824540,0.86355682525,-0.05196315466,-0.48609710150,-0.63737333998,-0.64853045523,0.65703413130,1.14801160380,1.01692139419,0.23987265930,-0.40053646033
-0.04012235347,-1.53796749248,1.84118468977,1.18392355912,0.41123352132,-0.80269066273,-0.27698512742,-0.77159622751,0.04363627676,0.65857706061,0.49392820979,-1.11579175413
-0.22304856456,-0.09008342860,-0.14706043992,2.22007531620,0.62814012510,-0.40167667117,-0.21406914564,-0.55004782955,0.14950645693,-1.01508044874,0.77011887189,0.47156804398
0.04117699384,-1.11098550930,0.39420135955,-0.50393564927,1.35526864902,-0.23099771136,-0.27914430273,-0.09703230983,-0.07707687512,0.20941406635,-0.56580134870,0.05029015807
-0.46080610180,-1.56806333861,1.12798583714,1.36018690206,1.63367788792,-1.65769280190,-0.22246080423,-0.73772629436,-0.14151206471,0.21540699903,1.20379657105,0.47656115040
0.16813809751,-1.07881723837,0.40551035566,-1.08540708967,-0.85280887243,-0.72021126809,-0.09155414356,1.31002279966,-0.48992680148,-0.25248355920,-1.60607403773,-1.35540034445
0.55013935500,0.03373790936,-0.85387927738,-0.27101474863,-0.18753909505,0.33665317962,0.70262721892,0.25623876066,0.04902941055,-1.46281134301,-1.18438860075,-0.02842257156
0.31998686412,0.37458601370,-0.10597375289,-1.22148944459,0.44583762986,0.60643317398,-0.05303147945,0.36083446894,1.60901792756,1.04318537350,-1.29104972212,0.07540758205
-0.12397533854,0.13026904291,-0.20228081279,0.03144190074,0.44851921966,0.18056968147,0.23044532869,0.06149890793,1.07301360422,0.74104749011,-0.23092101050,0.21801148185
-0.51722023789,0.31846402116,-0.14566904797,-0.17290839453,-0.06927715097,0.43247593706,-1.05762097118,0.76031059972,0.30639870880,-0.25347100730,-0.37907291675,-0.41504886789
-0.09394730445,0.98526005510,-0.47646024281,0.80657029548,0.80482831092,0.16394136845,2.26048659673,-1.48255179458,1.30091529427,-0.45832638981,0.45439158536,0.09514395603
-0.29693358019,0.13732905862,-0.92051985429,-0.42622643852,0.13313004270,-0.19862489559,1.19692496202,0.17807486867,0.50558222772,-1.30971887808,-0.64186986199,-0.28632516161
-1.37462449981,1.75566422631,-0.66376473963,-1.26987174073,1.29796751712,0.67371499718,-0.67645145577,1.25987247306,1.36687450041,-0.00093096188,-0.66680278211,-0.39816805553
0.32808379546,-0.93979751294,-1.21102867121,0.48411761565,-0.89167305616,0.75518388652,-0.58642129245,0.86775616086,0.65606984887,0.87630819002,-0.80182691284,-0.27246255619
1.44369769088,1.00295308008,-0.51377258937,-0.84004327811,-1.09718964967,0.28263779668,-0.58247309484,0.83847208282,0.89715061102,-1.30939517973,0.34864141699,-0.01449837868
-0.82532840733,-0.68766062943,0.97995188680,0.85523033556,1.31165895764,-1.11751806519,-1.17905657387,0.90940350135,-0.05327100772,0.60977996697,0.24458503194,0.41659017598
-0.13927255886,-0.15225757143,-0.06429365582,0.39736318809,0.21489131282,-1.41885519855,-0.23314174453,1.07391106905,0.34850668019,0.07794906510,1.00544656063,0.32681563368
0.65485296623,0.21405872654,-0.35955509211,0.88798934125,-0.88421989989,1.11873485613,-0.24740848453,-0.83227746352,0.99893640573,-0.41740397970,0.20774550286,-0.41722557530
-0.62684758473,0.03572738664,0.15900132951,-0.21001643674,1.86884771314,0.53452777583,-0.89547162873,0.70702346453,0.29359162053,-0.17465298683,-1.45751968020,0.65098695130
-0.41102200978,-0.20994406095,-0.24727991141,0.52351735371,0.32361388808,1.19876270500,-0.52060154993,-0.47413411094,0.40799689409,0.49657757020,-0.47264018120,-0.51577773316
0.20390841847,0.36538052156,0.85290623375,1.84805405681,0.37700977896,-0.35925266584,-0.80456828545,0.30249763136,0.49072290119,-0.44909855506,0.50067677048,0.48477184912
-0.15408003308,1.02210695663,0.31664435648,-2.04809498545,0.87502773256,-0.53766453823,-0.51966169827,0.63637303813,1.58959934234,1.15701449400,-0.06956119698,-0.15339513844
0.70273357170,-0.18755219382,1.67431129256,0.59574380458,-0.18783828993,-0.64454383516,-0.48593033375,-0.43613648732,0.80254327621,0.61443241053,0.94729381774,-0.18085190124
0.46621533885,-0.67079169758,-0.79567529090,-0.85620329015,0.28824560420,-0.54378245961,1.12804417647,-0.37467233066,0.99599916227,-1.00788609679,0.31580303284,-0.48187076037
-0.26351925639,-0.49518234894,0.50195723693,-0.86208540369,0.54658936244,-0.28258645615,0.33422079610,-0.09055846036,-0.23067382432,-0.46147855886,-0.87116381591,-0.74912983274
0.10317319511,-0.37264904644,0.21836312260,0.73477914249,-0.07303278642,0.09638242166,-0.76416846459,0.03202456266,0.94254068983,0.06162140370,0.23124267904,-0.24107925695
0.23226593093,1.58933754898,0.75809810394,-0.85400913760,1.36463276283,-0.56754057770,-0.06573685464,0.95865240727,1.44810224203,0.02311330840,-0.21457635914,0.69640223746
-0.48008198714,0.35116120322,0.50423080599,-0.06332644921,1.07782142051,-0.43563923695,0.71256152169,-0.82921984273,0.77212733635,0.08116652806,0.69231923355,0.05494864867
-0.12670306958,-0.14677283044,-0.38390633896,-0.44606407255,0.98892516385,0.37841447551,0.82770924594,-0.20720570948,0.62943340414,-0.12926219753,-1.14536011958,0.06310099476
-0.41283806181,0.66138011980,0.70773674132,0.29178767659,0.06247973779,0.74769967284,-0.84537425776,-1.06430194499,0.99838349973,-0.10335979982,1.17345196233,-1.13534722783
-0.48856398909,0.58678059742,-0.45364789597,-0.63589288103,-0.39201653590,1.57492020482,0.78006092649,-2.06560780015,0.85884135466,-0.92346591958,0.48224203330,-1.38690917912
0.75018159210,-0.16455243695,-0.31284038767,1.84251666133,0.34825065592,-0.49700684928,0.08259463807,0.44721091695,0.62546093822,-0.42737652487,-0.07099596968,1.25134668809
-0.17410260436,-0.46874616174,0.79868238239,-0.30572930470,-0.89419425312,-0.55333132709,-0.43305324956,-0.31774218069,0.73271423797,0.79785967695,1.05235977403,-1.31096031213
0.30287918316,0.00577111276,-0.00923741769,-1.51415504350,0.10484776100,0.79957993949,-2.04389419250,0.74089314512,1.00221493802,0.80031144046,-0.68332477128,-0.36513746418
0.53221920062,-0.29434459760,1.08281499743,1.52015767070,0.44716577314,-0.00380034739,-0.30350349099,-0.71922187929,0.56786458966,0.65352228495,0.51249379518,0.26150264058
1.05378977812,-0.46203323047,0.54428963063,-0.74925433357,-0.11725163016,-0.82430338344,0.26720055462,-0.24344813339,-0.34560119484,-1.09042517767,0.58554961287,-0.14601035786
1.19562147391,0.04224932066,1.95519910851,0.18523616232,0.82855087878,-0.42791485236,0.54787101602,-1.04887540832,1.04784986105,0.87406622470,0.35491225037,0.24772570641
-0.25769847011,1.39093406072,0.34418386632,-0.25993878704,0.14034971237,1.06495407158,1.26449055707,-1.50592321445,0.99617603378,-0.82556444844,-0.02534156003,-0.87520464486
0.07869013301,-0.03357579923,0.09073598569,-0.56982786989,-0.48372618933,-0.76404346852,0.64601798106,0.44105682632,1.01278322481,0.65056421263,-0.10289370367,-0.47875969206
-0.34993029244,0.22088347113,0.18061200917,-0.34826046548,-0.65308176677,-0.03333904346,0.07780169504,-0.22940343022,0.83186845754,0.67886800173,0.42335289335,-0.83599575461
0.34251432762,-0.29994222034,0.25953207285,-0.81430276857,0.02402970699,-0.84791164790,-0.03156492590,1.39852471627,-0.27019885087,-0.06798107677,-1.03869310166,-0.08480580205
0.24446667002,0.81867637227,0.15206309573,0.21863749389,-0.52802525123,0.88172275422,0.55318466115,-1.42580311895,0.75991962623,-0.92533779744,0.53094600290,-0.70484269848
0.05516025688,0.24051851314,0.44336277208,-0.56010750959,1.08369330398,-0.56908409545,-0.17931693667,-0.21437073770,0.84540316399,-0.67340180017,0.93575737066,0.20694274198
-0.40245226880,0.48966832300,0.90729012351,1.56201767125,1.19694271241,-0.97154304483,-0.13887722579,0.36563883221,0.86061491387,0.75541806497,0.85925186482,0.99315589878
0.19910531785,0.51199892240,-0.27240449447,-0.97892665915,0.12372437362,-0.04162245643,-0.25601317799,0.49604042938,1.03061284754,-0.24434299207,0.12134694254,-0.05277816061
0.17365614598,-0.49339275010,0.90692354808,1.36385904537,0.80450783537,-0.85460603721,-0.69930641041,-0.24527014004,1.11213948400,0.49371685664,1.41087530696,0.39046924334
0.22641017965,-0.16567302207,-0.26491271914,-0.88771709205,-0.35547675556,-0.27816819581,-0.10363853371,0.54696683954,0.69941351960,-0.14068633991,-0.08585759738,-0.46889450128
-0.12462619547,0.67629507253,-0.51668430177,-1.87405208793,-0.63368620474,1.20572475951,-0.66618280431,-0.05545335324,1.60680348572,0.53167167796,-0.49411698245,-1.10870671324
-0.08941380927,0.47867664372,0.55695233649,-0.96127674420,0.47962482987,-0.60636777328,0.09102444175,0.17605968639,1.17726768998,0.54326396630,0.13287342747,-0.21906475865
0.29049554549,0.39438068707,-1.78263003190,0.49934939042,-0.46415532303,-0.75173106148,0.60802134749,2.14367845132,0.12605162898,-1.33649498328,-0.55986872518,0.03769940903
-0.90023863916,-0.42279965380,0.05216423422,-0.77077585841,1.34861062657,0.93112212383,-1.52243965438,-0.14156672040,0.85542304137,1.10776182103,-0.27962149085,-0.67562278650
1.39853286536,-2.42517846777,-0.87101639557,-0.09023083508,0.64933073843,-0.27498426291,-1.07403648566,0.85694804647,-0.07215317173,-0.61749760130,-0.48239703029,0.27527338613
-0.35323204324,-1.11080767872,-0.72537841318,0.04559550576,0.82263574723,-0.28572907302,-0.52447061542,0.75763098339,0.26261713424,-0.70228506692,-0.54947101136,0.02111762382
-0.07455256350,0.61265542651,0.15974678140,-0.37046546668,0.25241956572,-0.70690250751,0.87708097032,-0.19613243921,1.32507664143,0.06385013088,0.63903631638,-0.16968495708
1.06991821813,0.38815363375,-0.16318483182,1.09614712854,0.05738426058,0.72508477815,-1.47371967205,0.81627073438,0.74933348454,-0.93191411226,-0.10846689684,0.69191690328
-0.45031409450,-0.33990898043,-1.18099174168,-1.35767670346,0.51884888131,-1.28530686730,0.80968648211,-0.03566744649,0.99345916679,-0.67090855476,1.73194182784,-0.90660154415
-0.04169917763,-0.86332208459,-0.19387116138,0.28739497598,-0.65046006253,-1.28036751391,0.37322149816,0.66572085234,1.26194691864,1.03917823289,0.72014306929,-0.62768403195
0.16183164676,1.56646469900,0.99874004120,0.35746569540,-0.06012974507,0.61228471635,-0.08306784380,-0.21459201557,1.90233220890,2.15716889265,0.15645576226,-0.43262985711
0.40286235927,-0.19800510936,0.47032042644,-0.54291059500,-0.50535573975,0.24497250328,-0.70413568700,0.06032563822,1.05965883102,-0.05571105953,-0.25467429048,-0.71187287224
1.29230083076,-1.02384768441,2.10715599569,0.04024351247,1.21201031565,0.63719847815,-0.63980020631,-1.04229897057,-0.23620066257,1.19025858903,-1.29887310642,-0.22324704406
-0.34473073311,-0.51167753114,0.58877988666,0.04714140754,-0.95402272966,-0.57611204064,0.11155980102,-0.54911442564,0.18802646380,0.39752480644,0.97761540953,-1.24249404604
1.03768653509,-0.84441929382,-0.08742084621,-1.20001326104,-0.27165677844,-1.08056969268,0.38900040500,0.45175220308,0.10031936979,-0.47079459811,0.33728759962,-0.55025776636
0.62046129800,-1.02341663387,-0.32205666716,0.31339528087,-0.54315166067,0.19432697369,-0.98428453245,-0.46757824958,-0.05359785933,-0.78574087498,1.02106467293,-0.62676275259
0.33046095272,0.38711641186,0.45744669636,0.22336117591,-0.52876667226,0.08343049804,-1.08355595849,0.35338528641,1.15037433257,0.07013398260,0.47919688577,-0.33784797295
-1.38125430786,1.52748844815,0.07135473312,-0.02645592903,0.97456023786,0.25197098826,0.56729202484,-0.30054311477,1.23866711871,0.31797495079,0.33986661566,-0.46333718376
0.17885008197,0.12274090745,0.48472353208,0.07288159870,-0.57474479418,0.31562999862,-0.18460472164,-0.68146384287,0.68504922056,-0.26879647875,0.43689833031,-0.75704824838
-0.82547593791,1.01754783777,-0.88587470856,-0.65467183598,0.24366411114,0.49217032344,-0.18456274789,0.24458863888,0.63803182703,-0.98202155614,0.40102974279,-0.41718789986
0.78782181179,0.01612732904,0.52125782517,0.70591023072,-0.26609361571,0.33786185740,-0.15316394723,-0.19630269227,0.60308096214,0.42790317037,-0.40667427352,0.20580077722
-0.11874519923,0.27714739903,0.11258478304,-0.15614885741,-0.79714362071,1.23706502374,-1.65492610211,-0.55034644100,-0.14043970804,-1.70374373792,0.63543523427,-1.24270776783
1.27558226378,-2.38649320435,-0.29629126984,-1.38518593268,-0.10636207667,-0.53496602585,0.33514033002,0.28859737288,0.27228345200,-0.10572327401,-0.65371683928,-1.48058998503
-0.51397260116,0.05418615122,0.13287393680,1.40131769364,-0.01466488265,-0.84168325662,-0.56239867754,0.48035434828,0.02198241650,-0.55286087302,0.94873413256,-0.08613958741
0.02195898317,-0.83988820914,-0.33597214593,-0.71367747193,0.57495565297,-0.28588292698,0.98475041264,-0.46825468934,-0.04980025940,-1.20129543178,-0.64200377765,-0.69999873886
-0.72243051958,-0.72591168874,0.38910103074,-0.36058288675,1.90261203805,-0.10646465094,-0.63193782930,-0.71807771123,0.28309517390,-0.64862616667,0.37517684961,-0.11637012956
1.29719282869,-1.14019814512,0.13449141186,-0.36082712176,-0.73384478054,-0.79984216032,-0.80373528469,1.20051854919,0.93705591039,0.11727332306,-0.10354300176,-0.09115628119
0.21980089819,-0.86964658103,-1.02455272266,0.02486389154,-0.68195612475,0.90068656200,-1.47163854364,0.08942503539,0.32071109630,-1.00821967560,0.44743688159,-0.86771207177
-0.49859875088,1.99570556116,-0.22406561668,-0.66744652830,-0.58229030822,-0.01873636684,-0.24202438081,0.86129190915,1.46671567319,0.09128639703,0.41621273919,-0.59960125268
0.75019436847,-0.85423018321,-0.09528223864,0.55601455777,-0.31931850628,-0.36509115895,0.21045916363,-0.48916649903,1.26675771057,0.63242745438,0.92346769507,-0.14586359924
-0.71721749483,0.61947492906,-0.82514486494,0.64161971477,0.39932410743,0.76148523142,1.21446897492,-0.05338273704,0.57558743649,0.07237158625,-1.18922531467,-0.09387700520
0.03212583243,-0.75918718807,-0.76679463438,0.01650232992,-0.39292460132,-0.44830171278,-0.83055113698,0.93841029525,0.71741408357,-0.14009524278,0.67270056660,-0.47785924835
-0.24229666366,-0.94360239797,0.43276775717,1.04811582063,0.60245020440,-0.67633392545,-0.52713863142,-0.06199804470,0.15674221477,0.05044077198,0.50345849942,-0.00087917454
-0.51775552870,-0.01502313981,0.52125247764,1.22945287946,1.43801668322,-0.22218649629,0.00246485734,-1.03776178899,0.45504283165,-1.27989655667,0.58202473311,0.23118681587
0.10397230096,0.34951129776,-0.31668229743,-0.36388296057,-0.32914730199,0.60143341863,0.40795066531,-0.73282462365,0.96493088919,-0.17046417930,0.20361395460,-0.51544513215
-1.55035974551,0.64714536989,0.51025616040,0.88158257089,1.13040965692,-1.46573308844,-1.07559664644,0.73936171420,0.55924770968,0.23899340227,2.01060085398,-0.47878990684
