0.67103627664,0.21561591750,0.60419581142,-0.37890938670,0.24728582738,-0.65823695710,1.77161670068,-0.29478236712,-0.43421837776,-0.83787072789,-1.04623472051,0.06638654531
0.72228726207,0.26166508336,0.33668962261,0.29226316064,-0.81014332261,0.34372773816,2.36631263174,-1.77914684587,-0.54979961131,0.93543951015,0.02064224033,-0.22331592173
1.17076622593,1.09244986418,-0.27065833557,-1.08600664085,1.50119297970,1.84267017991,-1.89649495880,0.51249039289,1.08170159616,2.42138386265,0.18788863015,1.76503792874
0.16806598919,-0.37708494156,1.21150814322,0.11028574339,-1.75637922561,0.00975013478,0.43486744088,-0.75901798208,-1.03889855225,0.61756600864,-0.62240936558,-1.37394261021
0.73951376795,1.58334299457,0.59478295465,1.04410372330,0.24477732886,0.04878298655,1.21281749493,-0.97093778113,1.37000191772,-1.43611311061,0.85578716111,0.36063058347
-1.75123465612,-0.09666767513,-0.56346468955,-0.08076541094,0.34591500438,-0.40146260521,0.74203060215,0.70409160763,-1.11460345685,1.51581729412,-0.12704821292,-0.06657084547
0.71097233214,-0.77409006112,0.59444316937,0.25520695488,1.33843106550,0.00054097398,-0.11592863293,-0.23321637192,0.32095349866,1.29724547192,-0.36242744858,1.40816750382
-0.82998266687,-0.94414547290,0.91970329510,0.41686594560,0.20437558839,-0.56012769367,1.15407452318,-0.59082356393,1.10903107070,1.22845578868,-0.66134602264,-1.72255867660
-0.09703715191,-0.07775729334,0.27347098409,0.25570902481,-0.46197273851,-0.36178628211,-0.02433422842,-0.77030723010,-1.29592605365,-0.22966289331,1.27661618661,0.61678337395
-0.54781255134,1.18872456401,0.82105874031,0.59962006148,0.40051965772,0.76041008531,-1.80063570102,-0.02725693274,0.18088372040,-0.40516657286,1.03534697696,-0.00445244343
0.91907363257,0.40703438014,-0.17781218113,0.60840453874,-1.03278994713,2.15295580408,-1.19116679035,-0.91631506396,0.63143258200,-0.43412065374,-0.92226606799,-0.29269958978
-0.33918538606,0.66749582138,-0.97984302280,0.71567552007,-0.74207666398,0.24129745568,0.21390612810,0.37866262182,0.49558284382,0.44472864925,0.37916639258,0.52214648944
0.74557592763,-0.20289114666,0.03377632043,-0.11044713609,-0.66556260281,-0.38045958172,0.86208058285,0.06086759678,0.03312733043,-0.15462353813,-0.63562198401,-0.01262837767
0.72183843643,0.14359788919,-0.65492039947,1.37667986358,-0.04714827038,0.00720206793,1.32955306963,-1.40228003531,-0.32495700136,-1.38052449285,-0.18146719865,0.47621533730
1.88317908012,-2.70669512786,-0.85299147470,-0.14411309041,1.06237333425,0.15907018734,-2.10359300625,0.11319548071,0.15594185239,-1.51435880295,0.77220689491,0.29401340409
-1.69183413643,2.02591282551,-1.06491823409,-1.69555901956,0.70943696580,0.53773373674,0.31178571010,0.19250766471,1.24194100859,-0.32188587143,-0.11075431086,-0.31822430858
-0.03163073364,-0.67619637439,0.11644587983,1.14772704017,-0.93019251624,-0.55322668749,-0.41461529209,-0.38824738853,-0.53715429762,0.18294871372,1.13104048051,-0.10065681401
-2.23277972361,1.53667276330,0.08809636415,-0.15191787674,2.02004589518,0.03095230802,0.70353382736,0.80561877183,0.72090089614,0.97880278433,-1.13411382336,0.35007662559
-0.54592984054,0.29395804715,0.05871963299,-1.37287195460,0.15064737833,-0.19337088217,1.07567498128,-1.10874130743,-1.62170997713,-1.51623267403,0.16496016205,-0.35736576094
-0.60721035937,0.05817036776,1.28400526533,-1.45722079659,0.80015461262,-1.25320439006,0.39594741839,0.25082907948,-0.45912076572,-0.83537152986,-0.59815314091,-0.59352379435
-0.35416195175,0.30751895894,0.34720768600,0.08430503501,-1.87381744293,-0.98291819754,-0.00406128102,0.37500345373,0.15486351722,1.29233450041,1.24736932203,-0.13486965166
1.19938409228,0.29060947201,-0.79222352966,0.83903527211,0.24815710653,1.63245782199,-2.24667661903,0.75414892476,-0.26606965526,-0.52700763478,0.55748145942,1.13330569979
0.00476353025,-0.68552036181,-0.13519291402,-0.74427442964,0.79620028255,-0.77272239295,2.11721075786,0.41729000086,1.20397730047,1.81366070859,-1.48910348895,0.25012501124
1.18934880588,0.00287838632,1.87315977100,-0.08781781902,0.28298050504,-0.41530044197,-0.20737247831,0.01471404909,-0.12837057184,2.80701924687,-0.01807233327,1.56627144377
0.59626625736,-1.72812043439,-0.60524329578,0.38895057061,-0.71024102971,0.79185456027,-0.27221828125,-1.74843677974,-0.18517310891,-0.79744012416,0.92561595026,-1.48505352568
-0.78497568189,0.21971564983,-0.40440049824,0.16592232570,-0.78866446193,0.07026163709,0.56783101482,0.93689571455,-0.27973102875,0.86772892487,-1.17108212322,-0.34527591455
-0.69433822661,1.67924682664,-0.61038386876,-0.35281693581,0.18349572433,0.79177257389,-0.87014123160,-0.18569371150,-0.08343573226,-0.83253416742,1.36916421998,0.25326615116
-0.38152599834,-0.44859350210,0.92230801368,0.47281689488,1.54841375718,1.72313104092,-0.99827918089,-1.50805788351,-1.25929173201,-0.79200356494,-1.23500995289,-0.12713322629
-0.01208652195,0.27008522314,-0.10175710523,-0.11272602253,-0.51586791266,1.01289154505,-1.00396001788,0.05272212466,2.52379097429,0.73352014847,-0.79749178916,-0.32459850020
-0.93041583321,-0.21093327041,-0.32507980851,0.92524619420,0.51679449736,-0.10543589637,1.16022906338,-0.72596015877,-0.51770219006,-0.42981152030,-0.90960649055,-0.20501781922
-0.38386443947,1.29591031722,-1.36269510603,-2.29324733032,-0.81341847798,1.68193564529,-0.10268308722,-1.18366809479,0.78829846988,-1.11134357204,0.46666326877,-1.04002893943
-1.65718622277,-0.53938824427,0.48212905538,0.22711093494,0.77215047001,-0.68266595924,0.40980254424,-1.18353088272,0.22898533132,0.42879465703,0.93367860924,-1.02469512421
-0.85098198637,1.09804489784,-0.18610511957,1.48750424998,0.75888694333,0.19211397978,-0.48576087574,1.16437130285,0.53259537103,-0.84718072512,-0.61759777526,0.75232457020
-0.56253592011,-0.50098415205,0.76681029062,0.48570267610,0.95524982602,0.16746503923,-0.27720766442,-0.73409236520,0.07586496926,-0.47712799678,-0.78727476955,-0.13038545084
-0.61980094253,1.22146692472,0.40505524558,0.33979144145,-1.04544684241,-0.70611043232,1.51720294970,0.01291676320,0.17167998351,0.55520215364,0.22396648219,0.06912176192
0.68238100452,-0.63563056215,-0.26338223727,-1.32847625619,0.66122900007,1.58239994133,-0.06974873951,-2.72750260742,0.45006918145,-2.57678287866,0.73543953583,-1.30062254121
-1.53386164343,1.88295600400,-1.23883933127,0.79902133251,0.19676402812,1.02239113128,1.10117664591,-1.13873736457,-1.40781963644,-1.17240820119,0.81864845303,0.20777856135
-0.73495556386,0.94995697777,0.63381231028,-0.29987379189,0.54193813693,0.34041218032,1.43377258769,-1.55096197140,-1.37677915773,0.01571011539,0.37973053261,0.70010459480
0.25061344312,-0.25411842889,0.34368390038,-0.29335913131,-0.96607419408,-0.29907939849,-1.40358105073,0.94701606835,1.13795874521,1.55565174011,0.27933755585,-0.07127484048
1.64588228356,-0.12232469815,-1.71612005296,-0.34832849650,-0.68534222031,-0.28726566603,0.58786166370,0.29039953648,1.63811385185,-1.71241373831,0.74765380239,0.30432543947
1.95275926530,-1.21730862294,-1.85600549513,-0.30405164762,-0.39898024729,0.89628390698,0.78990737237,-2.90764627808,0.62221940524,-2.04558106697,2.01744311742,-0.86574432422
-0.12647795117,-0.70394128692,0.05975944847,0.14391393234,0.08134115454,0.62071898890,-1.01139086094,0.28581441151,-0.79783728734,2.47313719142,0.15519507255,0.36756424908
1.41145902463,-0.52924329434,-0.03669271518,0.52602557709,-2.49870639519,-1.08797456214,0.60327507590,0.84042996601,-0.98208430087,-0.98761389396,-0.73755612038,-0.70160068167
0.44936740801,-2.29122540948,1.26985594765,-0.12462174450,2.36647400862,0.93611169496,-0.58728968460,-1.79503405815,-0.52573542176,-0.20136389490,-1.90380505405,-0.51235372954
1.00777785245,-1.10809658645,-1.70060274146,0.64981820298,-1.06207739300,1.13313869675,-0.18933638799,-1.36289478749,0.82735933099,1.09898309082,1.36234152728,-0.29404468209
-0.15249091699,-0.57299998088,-1.37243984361,-0.38028760831,1.00252579954,-1.23445312626,1.66973888488,0.26522473742,0.43344034600,-0.10543973817,0.41091847476,0.69146414507
-0.97260512341,-0.00838554492,-2.10535066655,-0.22427568351,-0.28083616006,1.29224239784,-1.06454440339,0.23811045771,1.28335566472,0.06373784248,0.72691565349,-0.43957742681
0.43095053234,-2.76510536462,-0.98125621069,1.44498956224,1.07795753587,-0.08599612635,0.66358784824,-2.13868909458,-0.34996700881,0.13849020868,0.91901223941,-0.53863533773
0.35094539527,0.62982509430,-2.38287289824,-0.49753250558,-1.26203783950,1.06747069466,1.13035526506,1.36235076360,-0.28077378685,0.78876917111,-1.11001000821,-0.26460654274
0.46109760443,-0.57366940874,-0.55881672414,0.74215458444,0.80907037471,-0.09140883776,0.59613010815,-0.90180071616,0.93807812572,0.11294576404,0.41815333786,0.90320960222
0.51042603179,0.62230497797,0.56781635023,-0.99236767547,-0.89089989170,0.25702190837,1.20586722984,-0.72304212617,0.72620890826,0.92287039835,-0.51342926566,-0.56948632521
-1.60413872382,0.45207077638,0.28678399551,0.71011212917,0.95143401101,-0.02692385632,-0.90727738107,-0.06037116077,0.94064439913,-0.94317139120,0.25425277859,-0.33221785705
-0.36756183467,0.59969333254,0.48444581136,-0.33587332210,-0.43937628868,1.16584276935,0.00479711719,-1.31664702005,-0.98075591593,0.92103116486,-0.03228251449,-0.61816285755
-0.70128447440,2.96161217754,0.95336864940,-1.23220349023,0.12505131708,0.61381181207,-1.76438442413,0.10561585010,0.68950651293,0.54559413683,0.99621004042,-0.38846483968
-0.90131019779,0.68967694276,0.79087308996,-1.53520863564,-0.96892625227,-1.45928325794,0.50528474442,0.81226741052,-1.37160275040,1.46974561563,0.26961060276,-0.10889860538
0.72041844230,0.07313968406,1.44589158149,-0.46078408060,-0.49134193263,-0.24022589444,-0.64081243209,0.34743136796,-1.55656805369,1.58974885429,0.15373947865,0.87260397902
-0.25391558516,1.07274561563,-0.15845348437,3.14109775776,0.54137207469,1.04444781870,0.55304553828,-1.46400688270,0.82725306831,-0.56302942367,-0.15657817145,-0.18961680943
0.11116173507,1.26766636706,0.87216875597,1.12522901387,-0.84235034599,0.44202671402,-1.47076570842,1.02506835598,-0.01910674760,-0.24247791009,0.08144125672,0.10421911831
0.57899034448,-0.39670481422,-0.01000029651,-0.05241559248,-0.03560406503,0.11731173028,-0.98191058435,1.43224260023,0.40561957901,1.62375627085,-0.96306147810,0.99253818693
2.32541884080,-0.52438502584,-0.40776881581,-1.18281752863,1.15765554474,0.20134463609,0.53824872779,0.11112661526,0.62831611436,-0.71629516418,-0.81853620081,1.36154927332
0.88161144735,0.38461763477,1.73458828386,1.08103240186,-0.33494101049,0.55685467071,0.20446546116,-0.74686898390,1.33806967645,0.29270466486,-1.44581668310,-0.54369421826
0.73510711290,0.11043913115,1.54017957670,-0.23187279085,0.29809618020,-0.42366021524,-1.08994506454,0.92853879674,0.11979529601,-1.16576025999,-1.17722375065,0.61287802718
0.60830700659,-1.18776089108,-2.74422047435,-0.62316605238,0.38901996931,0.71891543366,0.73416355530,-0.19633133805,-0.87748044439,0.01549265778,0.21641132480,0.17393531103
-1.78574064587,0.38819834222,-0.36862751435,-1.53821285682,0.44406246680,2.03848880304,0.23093528622,-0.74740469777,-0.13639704026,0.40018802654,-2.01289858860,-1.86251326385
-0.06906831215,-0.38547712391,-0.04378916542,-0.46618223780,0.43314777133,1.21969930024,-1.34868846678,-0.87604527370,0.77702356977,0.85645976471,0.29249041854,-0.51717212781
0.87006940460,-0.05228402206,0.31984666717,-0.19265573383,-0.41466040484,-1.29432326575,0.10841630459,1.22447014902,1.61452910625,-0.24891403858,-0.19273709304,0.34137805861
0.97812853875,-1.23455578296,0.34624037892,-0.85706266163,0.18486207307,-1.79199425007,0.72665939513,-0.66874706093,-0.04563909382,-0.44906906069,1.57561582887,-0.24750952611
0.27427307928,0.12863968526,0.82494332716,0.33759161518,0.69919393426,-0.21731399111,1.04537249974,-1.28371473230,0.15206580254,-0.52879174574,0.13997773767,0.28994427907
0.09286533498,-0.86880935912,-0.79764360013,0.32528398212,-0.01165806257,-0.66390696192,-1.39476492055,2.43346317298,-0.60616157466,0.60045894457,-0.34644382281,0.32873458597
-0.33444533066,0.65693540506,0.87984239175,-2.72471653816,-0.80530089023,-0.26567236812,-0.34985541498,-1.34864102728,0.67508927629,-1.35695429542,1.19937267579,-2.18087346882
-1.27676847225,0.45261857248,-1.36237115048,0.87551645216,1.12162992595,-0.78453216121,-0.22918208022,1.42354939034,-0.26858616772,-1.76225298304,0.36138637699,0.46435681615
-1.50116441428,-0.88802395339,-0.54734108540,0.82843865416,1.16057802998,0.67814724394,-0.47954684256,-0.77134695795,0.39964777031,-1.55786526549,-0.87169696734,-0.50015391280
0.17238883390,0.18419700725,0.78617022652,1.11760367076,0.94289187796,0.32736584978,0.46101090281,-1.47413000770,0.28600479073,0.25393221790,0.54502717063,0.58623328799
-0.06559441421,-1.39175531473,0.31740453707,-0.59330550885,0.12578813709,0.10129099642,-0.42645034970,-0.14761141489,-0.26309952847,1.25012267676,-0.62412381532,-0.85705394834
-0.88893012770,0.33592774234,-0.47342628865,-0.09369907190,0.92497458112,0.81875352967,0.33315395417,-1.13976907191,-0.36652204130,0.57406525335,0.38613050464,0.38479975470
-0.21962710864,0.16175097649,-2.15170277360,0.15471598175,0.14133288140,0.20932112647,-0.07659737690,1.56913080634,1.26392758075,-1.31036448287,-0.50011623402,0.46090973108
-0.05633136006,-0.68191046990,-1.36975256858,1.56515583598,-2.63465436974,-1.12998478369,0.91373619724,0.39224647441,-0.74256463380,0.19715529443,0.64785085420,-0.96420332475
-1.59268520763,0.29442197918,0.18339884653,-0.22461735093,2.03402403771,0.80333117528,-0.33501226970,-1.14332597527,-0.59715779494,0.21824583808,0.10736514715,0.42666178736
0.89167212769,0.77007862811,0.48910109845,0.21325261470,0.81441738811,1.23092964626,-1.46017846347,-0.66310212945,1.89780345246,-1.91501138151,0.68924954351,0.16239086169
-2.07223987190,2.56331983480,0.49577772877,0.18929214467,-0.48160837774,0.91372146157,1.03765426224,-0.59399799174,0.32287995767,1.07496297645,0.19102035243,-1.05043090868
0.60470753202,-1.51198124424,0.08865710333,0.27737997654,0.22456422236,-0.37739997655,0.58561385704,-0.34562035981,0.40701491284,1.17027928922,-0.21599950639,-0.14308822947
-1.77321925539,0.12061316428,0.31988510344,-0.23928934408,-1.22830271182,-0.59319015926,-1.90636154673,1.25320892752,0.93819219630,-0.13161871371,1.36438194037,-2.58444643768
2.37414208902,-0.75534980035,-0.05124300126,0.02948782378,-0.87232590630,-0.39208642987,0.42754070580,1.27849379824,0.02723672292,0.75157857399,-1.21240537649,1.14187046822
-1.01285100350,-0.45571149872,-2.66607836909,0.22264814504,0.90224148822,0.42607735692,0.16530303911,-0.02345462044,1.11098832928,-0.78527768143,0.81783456599,0.04260095550
-1.64759640672,-0.09373404947,0.67838325242,0.71426965276,0.16039633073,-1.29631462566,-0.65622027114,1.14815347840,1.32154288346,0.58552326269,-0.04344966256,-0.89596111809
1.13071036891,0.98164686309,0.16312276672,-0.49422205916,0.10236492344,-0.90067583099,-0.85821497506,1.49600886137,0.82428743587,-1.58210031236,0.86469673268,0.79575702012
-1.20774439373,0.48329752903,0.29449513783,0.77049613258,-0.21264952567,0.82345633942,-0.32684397619,-0.80532955951,-0.87760598748,0.80823585507,0.30739802629,-0.60662375458
0.99145409317,-0.32438780177,1.58575663818,0.01059025020,-0.95996412744,0.20372128961,0.28964531672,-1.49470035783,-0.80764669174,-0.88439801937,-0.20498733394,-0.85521196762
-1.83773238109,-0.14623432734,-0.10410920048,1.40266656105,1.87489600562,-1.00097673409,1.12304831770,0.01758031664,-0.63726382637,0.21599922699,-0.20639193052,0.88570087346
0.42435309927,1.92383271263,0.95490725694,1.98397436086,-0.32337522269,-0.07038898391,-0.10661029690,0.42987250517,0.95416087068,1.23268414135,1.14314176712,0.85561361528
-0.30789333422,-1.31030728917,-0.38879843080,-0.77148296029,-1.16000021363,-0.48671921163,-0.73062962359,-0.02380952798,-0.59910707028,0.02026586971,1.32416977531,-1.58240974518
-0.00749496351,-0.07673842352,0.74486433404,1.16989796131,0.00595325137,0.14856853091,0.13511271991,-0.95470407321,-0.63418517619,-0.81754978887,-0.65048744609,0.04750581281
-0.49596247179,-0.44821624715,1.19369410150,0.13449217898,0.21913400958,-0.22969033422,-2.08228931275,0.72465145932,-0.18593681530,-1.01824401752,-0.07716308976,-0.35380300993
-0.29220733873,-0.77144165533,0.27504262470,0.76159760222,-1.38857878733,-0.02597217758,-0.66092708939,-0.36775417802,-1.92342231157,-0.03977005139,0.26112497912,-0.91190649579
-0.42414623155,0.94013803665,-0.12616425652,-0.04193151919,-0.72291727333,-0.20611804267,0.27587457609,0.58525964399,-1.25842572601,-0.71890128377,-0.12825173403,0.08222279590
-1.19690275580,-0.61790175737,0.34036041922,-1.81108821830,-0.19322891677,-0.28844592945,0.45041441527,-0.39750815759,-1.60883770134,-0.38246950994,-0.69786702643,-1.86975569163
-1.23199428498,0.59755617860,-0.99250714477,-0.18397610756,0.12806706326,1.02072641876,-0.91603545150,0.09428124232,-0.53455635748,-0.50631138300,0.25365665930,-0.28023995141
0.53060656638,-0.13937010648,1.43258295527,-1.05501957543,-0.71539111308,0.04107631662,-0.70196730172,0.20002693998,-0.47883908497,1.26691660918,-1.11449302098,-0.57331525570
-0.04623602827,-1.00372519192,-0.68075011491,-0.50131886551,-0.51703471013,-0.03809763785,0.09272926163,0.45951693668,0.09481538815,2.20016327678,0.20026730286,0.12377486630
-0.27709024051,2.09880666250,-0.90538438777,-1.06460892893,-0.48457921170,0.71850375303,1.57754945265,0.53218441731,-0.04283299693,0.63855387007,-0.66071177300,0.40491401321
-1.08189570298,-0.30559540492,-0.64156956616,3.18367453738,-0.53192867595,-0.32854893923,1.29018798463,-0.24030276511,-0.89997940444,0.12746334455,-1.46340703538,-0.95604497012
-0.05934030249,1.07918024816,0.05496660144,-0.26160582072,-0.02788650573,0.64206568110,1.02615669219,-0.72243342587,0.64999501783,-0.07648475086,-0.36554996270,-0.01580844120
0.39032353931,0.56457628329,-1.19051710485,-0.24678940324,-0.38913787418,-0.43612926924,1.23819179280,0.23391407564,0.34378162495,-1.99247293435,-0.01945792045,0.00190156965
-0.52082122101,-0.27401303726,1.33594668875,1.55507926305,0.68778327226,0.78151299920,-2.14829779406,0.36055428983,-0.43348707502,0.36119103310,-0.89817245822,0.23803036011
0.36002890176,-0.07941917487,-0.10135100224,-1.03904344542,0.85004362240,0.22914635265,-0.27086748661,-0.44853239080,0.94395020450,-0.91979694155,0.35117476892,0.19641585329
-1.18143286547,0.06572013479,1.40029971640,-0.79288079002,-0.26148124732,-0.80261027423,-0.42932250953,-0.26686149428,1.27613094081,-0.17284070673,0.68030480170,-1.98994469920
-0.94249417320,-1.10526492043,0.72033714112,0.57319114750,0.59155312134,-1.25742434898,0.00823547489,0.31470586664,-0.01184758919,0.96279107177,0.01844316027,-0.31119057092
1.56618315475,-1.14363317555,-0.72980453008,-0.81494744335,-1.40963343217,-0.62647266323,1.79530642524,0.26951712088,1.95625781207,1.05426346461,-1.38693434219,-0.61336604666
0.98504366753,-0.67910510874,0.43292885132,-0.07600017722,0.02023198433,-1.03149364886,-0.58579695981,0.43269668749,0.57920726479,-1.76268747782,0.80671627109,0.08088698128
0.59796107977,1.71260735841,1.00710715019,-0.18441499000,-0.23646069972,0.49819387471,1.31316721392,0.37201844549,0.24827461702,-1.13682009787,-2.24439456337,-0.10065069542
0.08405008168,0.84741961983,-0.60989540279,-0.32318173968,-1.21134309592,-0.60994781137,0.71005524852,-0.41494097528,-1.15704648336,0.09725786162,2.27188969889,1.25743734965
0.08970810293,-0.08559912932,1.98361280417,-1.29083900105,1.24252155908,-2.46697237202,0.92175268530,0.07576880760,-0.65951950515,1.39333215831,0.36126940695,1.10493353201
-1.02863726179,-0.07609906264,-0.39830281152,0.72555608399,1.03189198004,-0.48993013131,-0.34207693820,0.54454536221,1.61758407904,0.13367790745,0.16675819715,0.60283516474
0.22223928194,-0.07013840669,1.52975523922,-0.34996371836,-0.14928330336,-0.30828979352,-0.97407875447,-0.53867000443,-0.23785561127,-0.77566974234,0.89369183585,-0.25666496261
-0.57139793255,-1.52437649155,-1.91238457978,0.68523286592,0.20337710279,-0.82385827070,1.35746090949,0.14547656317,0.11775422775,0.60937201978,0.29948970264,-0.44098415562
0.00122334416,0.52527032444,-0.68123753947,0.07105813046,0.33849955925,0.72121083935,1.31061187280,-2.00957157822,-2.24909074967,-2.32221696674,0.04998690455,0.17734042761
0.12062827679,0.29229264518,0.81306340998,0.08895981453,-0.12105046436,0.13361277579,-0.25684775444,0.96726593544,-0.50934593032,-0.24661491354,-2.23665081751,0.09220172188
0.44618139342,0.07271222150,1.96504223852,-0.94355315299,0.06169580612,-0.02308919240,-2.25613783334,0.45981895525,0.22376751329,0.10644601616,-0.28232496514,-0.30270038025
-0.40129387934,0.15513965111,0.48739254663,-1.26847037176,0.27664437988,-1.04364475759,1.09456975671,0.86718687325,-0.79871487811,0.10230490267,-1.20267781808,-0.26490007375
-0.30512748254,-0.24025065325,0.93811595896,-1.09254048034,2.22754572048,-0.08193277544,1.63484980218,-1.85279112993,0.51592887163,0.69838933287,-0.45251403666,-0.18764867012
-0.49194369369,-1.14549151136,1.10127642457,-0.69282139879,0.52853627026,-0.70162636379,-0.44359697482,-0.46857448120,-1.10229954090,1.05891511954,0.43360073544,-0.21707068707
-0.08095067150,1.04202893857,1.12825126051,0.82855821029,-1.13457978000,-0.47138930349,0.11594491961,0.85757974879,1.03645264741,0.72744201578,-1.06667336845,-0.01253752263
0.85216860326,-0.83096807218,-0.17393513620,0.73520963104,0.43943149915,0.39922546176,0.56371535207,-0.95632151450,-1.11423665986,-0.80123609730,-1.53680811733,0.16384039447
-0.23727739326,-0.07965123505,-1.08069934810,2.43134440229,-0.08482882743,0.20267532401,-0.17660891945,0.05774610726,-0.97412534776,0.10151161138,0.39466649593,0.57892636889
0.17784893246,1.01546804199,1.50361972291,-1.32588254947,0.92539987836,0.34471163386,-0.26764224999,-0.71862468189,-1.38362950323,0.36781340491,0.10612326490,0.96378479667
1.80652267362,-1.06309447941,0.40638878123,-1.38543779258,-0.77650715695,-0.24963617603,0.12118620130,0.40808655939,0.38749917946,-0.99703978960,-1.53257209805,-0.77735505209
-0.71753020005,-2.03134875729,0.60184821082,1.15581563168,0.39503540266,-0.55745847731,0.49846291818,-0.65655324941,2.28239205460,-0.57838300826,-0.62426534765,-1.87876927608
-0.50616291706,0.77608926670,-0.27028109950,0.54491907603,1.12334101442,-2.13707027824,1.72652174859,-0.44926712310,0.36301605456,-0.49065100728,2.01294955059,1.23677005838
0.34393445643,-0.00441586956,-1.61898935578,-0.28737325632,0.31087110328,1.08652722438,-0.42182782731,0.49897437958,-0.67276964344,0.16532363071,0.01356284118,0.60198662040
-0.31952923971,-0.92396253283,0.08266654557,0.47191893304,0.16933894785,-0.26765160261,-0.38772325800,0.05780876503,-1.13577949193,1.18415623189,0.38192105745,0.43494704196
0.15832617525,-0.44577080786,0.03611717970,2.58280724016,0.49887923029,0.52790001649,-0.14164894613,-0.20423529684,-0.61285537107,0.09857291904,-1.54382927838,0.63226866237
0.56863671414,0.71894197035,-0.78735201749,-1.08212993130,0.99395152992,0.08519593343,0.30411557952,0.14093382911,0.69404043274,-1.74884036034,0.28986178770,0.81628767938
0.55828418361,-0.76203631386,-0.10951161249,0.53363882675,-1.39888122652,-0.09827946745,0.85577398220,-0.55151208578,-0.71530011443,0.51756096610,-0.56472611602,-0.75433682665
-0.61076168269,0.13487002813,0.76705365541,0.36042460395,-0.39795367666,-0.67430286362,0.18075852684,-0.03150605632,0.53474604719,2.15457647774,0.76761729774,-0.09618048329
-0.76855837416,0.39966180741,0.16909156955,-1.34130680841,-0.30785450417,-0.70405773982,0.27292562361,1.29094802515,-0.31502819869,0.68882052809,-0.94989251987,-0.50307139804
0.66369153886,0.79268966591,-0.70397262445,-0.78526724321,0.12578626901,0.06761584467,0.74721309152,-0.76430638599,0.26825443197,-1.22702507050,1.02354210937,0.65817409609
-1.04214978458,-0.38447513710,-2.07201407508,-0.10568113982,-0.15479028778,0.59189501048,-0.83509599125,1.97002281229,-0.91594707431,1.38548667879,0.17262446285,-0.46978506270
-0.04057068224,-1.19073457931,0.50663409102,-0.27126220688,0.56653648722,-0.23031936085,0.26195268909,-0.27277296983,0.21205714397,1.14502177552,-0.61002498701,-0.43455590625
-1.09968360031,0.12501816606,-0.36923061324,-0.09738319402,-0.04802814721,-0.39877814977,0.23057009118,0.38254239823,0.59921736180,0.89083057122,0.33533386296,-0.14367311306
0.07891457927,-0.25117989855,0.44271169998,-1.70854733199,0.89417977083,-0.16727898600,-1.36910308635,0.38210520769,-1.29754694458,1.08293736839,0.58436469411,0.91897649472
-0.81145845888,1.04895669864,0.41088411174,1.05024066369,-0.99507144908,-0.86301507647,1.10642732779,0.78938561402,0.30177071689,1.66433282539,0.08795896585,0.01623127827
-0.05855855118,-0.08343023159,-0.31592448068,0.96535532675,-0.32629906848,-0.65149940185,-1.26551421735,-0.14775890050,0.13334118359,0.65604423272,3.02167762989,0.83728760318
0.13467603845,-0.56368986154,-1.08964249290,1.16134158856,-0.88134945430,0.46618674287,0.73391592500,-0.64328323833,-0.39220897074,0.01999284876,-0.82412066592,-0.50468970413
-0.33593733976,0.28852838002,-1.05310967444,0.31657389993,0.37983314280,1.16444245807,0.72573168120,-1.59297874507,-0.24299647449,-0.80108357533,-0.02255259437,0.00775028853
-0.19076240943,0.31299746050,-1.01127384006,0.12888997310,1.17354361461,1.39662022998,-1.96265111345,0.33640573945,1.77592284777,0.08169768697,0.67780869733,0.82225627858
0.25686926270,-0.77609410326,-0.63924884184,1.73568661451,-0.87871650723,-2.12887467746,0.43504301337,1.15851071049,2.15728405682,-0.25091394901,1.27004312546,-0.41368676569
-0.13905011390,0.53108455131,1.39360021683,-0.59062711159,-0.79429346088,-0.79649066471,0.31692158064,-0.45496458625,0.05820639118,0.52966798698,0.63932524282,-0.32446613730
-0.34808139722,0.33060269864,0.21676738085,-1.22586656308,2.15099892734,-0.50910291960,-0.22736304117,0.73769894597,-0.63048364075,-1.14161579436,-0.48539816838,1.09237939047
-0.83149605110,0.31555701987,0.03272114183,-0.01640280057,0.07717266011,-0.48214705180,-1.45368905432,1.51001047259,-0.33789987769,1.54703293254,0.85238618821,0.53912099063
-1.85079418373,1.20701108579,0.76569157749,-0.27466627817,1.32322472318,-0.24127375172,0.31481264248,0.36317666877,0.13847713628,-0.07385727558,-0.78106635348,0.06325766960
1.90202822404,0.16404399366,-1.36112615773,0.27547703480,0.60604235210,1.03667518171,1.15955924048,0.70634213893,0.00990479454,0.55268812977,-0.61025532060,1.86622315818
0.68859760359,-0.60320681025,0.60111152531,0.66510439882,-0.37410115154,-1.25168715806,0.36145244120,-0.81048101684,0.71031290361,-0.20997359374,1.71847631935,0.30655715726
-1.28974847526,-0.17937734954,-0.70891930059,0.78667026693,0.43413245786,0.46784848975,0.63379715000,0.04393487937,-0.74102124277,1.04046495860,-0.71973740713,-0.26477465054
0.05739872801,-0.28880298238,1.09740159421,-0.19671862330,0.03203434328,-0.98312768600,0.37023260765,1.07906242961,-0.80892793801,0.78597812247,-1.32127368520,0.19743014320
0.52512149160,-1.67566077892,1.45643337281,1.42907325683,0.31809888760,0.33253777500,-0.69871650307,-0.84422766779,-0.90065096210,-0.31096127681,-2.03652570395,-0.35025853076
-0.01668986602,-0.44826234837,-0.01055100998,-1.35037150093,-0.72300979992,-0.62300217785,-1.28940349774,1.33314266712,0.11811187813,0.27609994323,0.09172910457,-0.79524151222
1.43698824177,-1.74075889616,-0.74629802550,-0.10502506279,-1.58377984992,0.93331322462,-0.94838834956,-0.99770284906,-2.01812267723,-0.62435323825,0.93636063402,-1.10903327326
0.44545345345,-1.30466066865,1.64697830390,-0.25286897614,0.31341361010,0.41006079856,-0.97880782887,-1.37962210116,-0.34163762736,0.10266099630,0.22862831874,-1.07257564719
0.55980208175,-0.21243745815,0.95566738457,-0.51854420814,0.12346590801,-1.31815489402,-0.15140671574,0.13717782611,-0.11075763794,-0.72711257743,1.03121684095,0.29628436725
0.01340305600,0.07718618561,-0.29802075326,0.18694938370,0.19764046657,0.54482724934,-1.06567400610,1.64626855582,0.76988759924,1.62420056610,-1.24617836546,0.80569713048
0.72066815545,0.17299263452,-0.04506645996,0.58614797014,-0.78390927520,-0.13690564335,1.12480079915,0.57313558002,-0.47106706492,1.19399106163,-0.67180187927,0.86289671602
-0.71321013401,0.28066283452,1.15763442474,-0.34568110776,0.50941636188,0.17392513252,-2.01020547257,0.39994445991,-0.35501894858,1.51993212868,0.51088925549,-0.01940403860
0.01921814625,-1.04983701209,-0.39346384926,-0.24116386778,0.14772503705,-0.44769651625,0.17634130351,0.37244045840,-0.03587831651,0.07247983658,-0.39377916182,-0.24938796029
-1.72638713328,0.85235526904,2.41802948298,-0.16694447622,1.14905765368,-0.05502331243,-0.12608802950,-0.03023838904,0.14961825187,1.69082511160,-1.37116724562,-1.05048747017
0.42520810686,-0.85549699994,1.39207283418,-0.48269133178,-0.31031077021,-0.45508165446,-1.66377491949,0.94928754158,0.73163221277,0.47796542525,-0.94813755386,-0.30334704363
-0.02506704653,-0.60085947491,1.66295375903,0.70179016210,0.45788657633,-1.30224284079,-0.63576491467,0.52741331826,0.91996819356,-0.87929784585,-0.28153706442,0.02166421641
0.65852619175,-0.60343345191,-0.95338008214,0.20758249845,0.15655727428,0.76920876619,-0.15109182330,-0.10302656405,0.71834151691,0.46028369300,-0.40310504319,0.57915683931
0.05068797271,0.00747698425,0.83038371100,-0.25602353383,1.18431983983,-0.26254299921,-1.60765289490,0.10651469410,1.10849900093,0.00385445761,1.02703630723,0.66991063680
0.58979749212,-0.31762346857,1.23307216122,-0.71875128578,-0.64157358675,-0.40273995492,-0.74892478301,0.00365966225,-0.48641716959,0.01984126596,0.13863277308,-0.28199119314
-2.74229778226,1.08871926391,-0.04066433594,0.66625414906,0.71433840156,-0.78970710414,0.35160151535,0.93359640475,0.33169355727,1.60117781456,0.28488625112,-0.54989727926
0.81973779322,-1.06305535021,-0.71222460410,0.43306753318,-1.01582295300,-1.02285858206,1.77568514920,-1.07202582244,0.30158921962,0.79653411594,1.44893942809,0.19130509462
-0.71930945273,0.12381944642,0.67957941490,-0.90805421784,0.08026944660,-0.78075399909,1.38270937900,-1.00907046200,-1.34353734947,-0.86429779562,0.16557526414,-0.39175478829
-0.43535459225,-0.72773638111,0.77316465933,1.84357743018,-0.47779521880,-0.90571170564,-1.29502109809,0.56430660750,-0.65391369976,-0.43366870237,0.32711773657,-0.38304240906
-1.81209182183,0.48240716726,1.04375428726,0.79579781607,1.55467741402,-1.34696561478,-0.16033764107,0.25933891631,0.75236472346,-0.94764517677,0.09973421332,0.03567344028
0.53240850661,0.64845162080,-0.80165122821,-1.53870267453,-0.00091806951,0.16766390801,0.63043050392,-0.78215261865,1.57556964834,1.16357337947,1.12919119345,0.90934628196
-2.10386909372,0.78992194348,0.09118016951,-0.80310015398,1.35065308164,1.05520786232,-0.89665511138,-0.72271108463,-0.31649505355,-0.38046151393,-0.21067218172,-0.67703947575
-0.18897547480,0.04472808678,0.06225112553,-1.54177028767,-0.46364933161,-0.20514387906,-0.02576847510,0.10602751278,0.78841328245,-0.06161600308,-0.02847883698,-0.88301586405
0.70345011332,-1.52685961134,-0.97223863220,0.75257452576,-0.82992711340,0.32719818326,1.00014522450,-1.60135360887,-1.20438456372,0.68334237763,0.16498880413,-0.75496731297
0.00031125178,-0.21717260489,2.25471567245,0.21510462507,-0.60988606537,-1.03547770251,-1.39243877356,0.60299414706,-0.60722157345,-1.38779473291,0.18302132724,-0.69725998837
-0.54156279709,0.66879218297,0.72591815637,-0.53347424408,0.84830013322,-0.21865210173,-0.08443995863,-0.43093766091,-1.86350855203,-1.35137241364,0.39506526272,0.82758217377
-1.38868548134,1.33824949784,0.26230485106,2.78805118857,0.99965966744,0.42581317083,-0.07926001109,0.77148847915,0.09409732403,1.58969868622,0.23026483626,0.52580861659
-0.25241868378,-0.74509520906,0.31277751986,-0.20736802964,1.90871395127,0.44612098386,-0.56738234333,-0.37382142213,1.73000907550,1.40411582989,-0.91298039050,0.61255351445
0.30913947534,1.07958608523,0.24360890593,0.95027839934,-0.33364220734,0.57294432163,-0.63501620553,0.45199184525,0.63870903016,1.95367501696,0.64272497265,1.06428990672
1.73689508006,-0.23232663609,0.67646694489,0.34242058729,0.84110809650,1.83859862959,-0.07051114931,-2.04440205899,0.84672548235,-1.27075523420,-1.58401134747,0.00881276441
0.37206273493,-0.90909054002,-0.06002674745,-0.67743361587,-0.37572774508,-0.88182417178,1.06876580128,0.23543608005,-0.63087001828,1.85277307797,0.26127862098,0.50441241061
-0.30639167733,0.32454205520,0.18247970472,0.94959861822,-0.80531105942,-0.10010117871,0.87279696416,1.10686426799,0.90255630811,2.12271881447,-1.42263177689,0.30033027799
0.89525345356,-1.29021881939,-0.54012605030,0.09235885974,0.08952967059,-0.13282978191,-0.75925089798,0.16976802608,0.87362221553,-0.74285453151,0.34916226491,0.28068559062
0.77235459815,-0.76356220359,-1.17427980772,-0.43395394419,-0.22280544782,0.01288829247,0.33730259280,0.30455269711,-0.54693186484,-0.90780428430,-0.68932977033,-0.06508111063
0.06500991108,-0.50057790034,0.56867974762,-0.02679110250,0.21045472972,0.24806100011,-0.58546521702,-0.04131973704,-0.30068160306,-0.44077650848,-1.22537146803,-0.06134491871
-0.40881753677,-0.71398173166,-0.25308954751,-1.01441476237,1.81769549874,0.83406437891,-0.76768486808,-0.39452491386,2.19637292627,-1.54083941603,-1.38942163734,0.71296273255
0.45109672023,-2.93174626896,-0.33013996538,-0.71618836507,0.37189057194,0.27499434956,-0.14456281573,-0.38651525319,-1.33281400288,1.82059220863,-0.73717680348,-1.54555081180
0.88126082511,1.37563676684,-0.41127333231,1.57988637720,-1.92956904145,1.91144926523,-0.59139454876,-0.14369521364,0.46819078923,0.01695062726,-0.71614502541,-0.27433989563
-0.06198954252,-0.28882628246,0.51595656978,3.02032752445,1.28263966374,-1.39870009494,-0.41668037895,0.50605688658,1.26953670527,0.40634921802,0.87803508387,1.40564642112
-0.27344476418,-0.53262304175,-0.19220180639,0.68046068213,0.82208633813,-0.56155476272,-1.04134546907,0.39261949865,1.27257540254,0.62989692957,1.20805020745,0.82459641666
1.56028247775,-0.31236853123,0.80305387332,-1.43726854238,-0.95846921018,-1.46312885746,-0.58443515846,1.75888665257,0.24622104892,0.61299574862,-0.37520951585,0.11102559124
0.45650739174,-0.06537009190,-0.97871799995,-0.07974264928,0.54050322485,0.75675294798,-1.72349572750,-0.32521785627,0.85778435807,-0.92296865415,1.79491629326,0.37168779682
-0.03679435543,1.09824391802,-1.74409458215,-0.97615974007,0.40704480862,0.59773145301,0.55908771078,0.50892766850,1.87950644402,0.17181298852,0.30594999631,0.89850893314
-0.08065313716,0.84942427158,0.08701907492,0.75369185478,-1.13557945753,-0.20164663232,0.10721326817,0.83125316121,-1.47418003368,-0.44432547435,-0.47916493202,0.15017840056
-0.58046833833,0.47038207569,0.06360324105,0.45017499053,0.79965149848,0.40540594389,-0.49282651368,-0.67056666187,-0.06243056796,-0.82741138445,0.48505209001,0.49987042673
-0.81946537131,-0.24943515408,-1.69610262017,0.56497588982,-0.36460662707,-0.22636370140,1.31755137634,0.17295604196,0.82102248672,-0.52439718541,-0.51829505025,-0.44066552151
-0.85254903587,1.15616988057,0.45127245512,-0.37098931641,1.12012369771,-0.52981185135,0.56047155616,0.28233676595,-1.57226814408,-0.89865415558,0.14577255868,1.20080858237
-0.39229433939,0.89906197690,0.39726454683,-0.91946932371,0.78822706765,-0.31780913487,0.31502352947,0.72036053237,-0.86555913914,1.12265571858,-0.01051098093,1.27658611858
-1.47819346239,-0.27090227745,-0.74843180744,0.39450274849,0.72238742122,-0.45878632764,0.82288318038,-1.27580675473,-0.88370078007,0.13078372070,1.53049127008,0.49035540086
0.36273292797,-0.55488586997,-1.36050655894,0.85061052708,-1.16992202332,-0.07390672833,0.67150077733,-0.24415461467,-2.27480935983,-1.21217918313,-0.48153266008,-0.63597746817
0.96406563896,-1.15582220604,1.17595844258,1.34318603558,-0.36734084965,-1.59437963744,-0.66482011158,0.81545150042,1.54043175320,0.25627270058,0.09477147134,0.35454511588
0.66591437114,-1.37434943750,1.70035782210,0.60634820838,0.72295603135,-0.68419347173,-0.56087696578,-0.04914760654,-0.86499166393,-0.58314898664,-1.45645003833,0.33684232548
-0.13422802577,0.26785483330,0.65578526227,-0.05131521655,-0.38055821996,-1.40193958957,-1.76270941361,2.05080435619,1.18192198282,-1.87331026226,0.87673359459,-0.82739833889
1.82310248475,0.01972978633,1.85777736949,0.16669303948,-1.82814273172,-1.51380486694,0.69943946101,0.37912122621,-0.76452493444,0.43129341110,0.03631734475,0.60621882871
0.42731921324,0.59031727204,0.14383376585,-0.10439279679,-0.02187921848,-0.03492230242,0.06637964910,0.47032246323,0.97950286361,0.14960165788,-0.34677243116,0.70331570478
0.99168846503,0.70138752055,-0.19975838271,-1.46872110959,-1.83173361865,1.19100581090,0.25167436032,-0.77051790222,0.63787750747,-0.30888111366,-0.82041293440,-1.13747652452
-0.11262717982,1.41597058747,-0.58127228427,0.97942741543,0.01396993425,0.72439740285,0.56308328404,-0.73049653382,-0.58546022390,-0.70933439019,0.73320210514,0.95895214549
-0.99227765030,-0.01157417300,1.37932171424,-1.01490858889,-1.25480700408,-0.58744292466,-1.30849465454,-0.18316815352,-1.28433493615,-0.41010026630,0.81045808443,-1.37165295894
-0.22774471123,-0.90682436769,0.17271847856,-0.11618464011,-0.38073880193,1.13832317535,0.41471028164,-1.25208383037,0.04753880630,1.03050995680,-1.16193102390,-1.75665667459
-0.74775486334,-0.15318347706,-0.11031260626,1.10045472617,0.39357701092,-0.04757981715,-0.49147249165,-0.11397108083,-0.69802715786,0.16438983037,0.42510921756,0.50923973995
0.13190917659,-0.16703600761,0.23405229027,1.35951293754,-0.38839088099,-0.31961285435,0.87073767850,-0.90088633199,-1.81802897440,0.74947433480,1.15655502886,1.37443683687
0.81613886733,0.22747486508,0.32646271064,-1.55250114427,0.64752824211,0.42276910757,0.51251942234,-0.54237452642,0.51226262222,-0.36233494492,-0.77879450473,-0.05246375809
-0.42278609830,-1.00070793794,1.14845936567,0.45544089175,1.53004099439,-0.08160238336,-1.30670723401,-0.02090765845,-0.00775147330,0.36858233961,-0.78011623620,0.52886648589
-0.96359439473,-0.54676379446,0.98471821559,-0.37965972189,2.42363102728,-1.32206259142,-0.36999800210,0.75949340208,-1.70370382898,-0.96128790900,-0.49125740447,1.20484752377
-0.82975630041,0.36171508994,0.76963664655,-0.66538315651,-0.34241097699,0.26920720384,-0.35081220077,-0.66334489941,0.14595678479,0.85478403687,0.26735323657,-0.93457590807
-0.87395031730,0.30460721732,0.01248736141,1.49946671960,0.52216703837,-1.77452697376,-0.51598455708,1.15994545584,2.12281029388,-0.43923656767,1.53590082565,-0.30439064288
0.23539213805,0.45164255895,0.54852254824,-0.38308319505,0.07013980364,0.24427969856,-0.28978471320,-0.57806536406,0.80971862857,0.02239451015,0.48632922983,0.03589561274
1.29533242324,-0.98096071479,-0.28308849020,-1.69057813731,-0.19758616609,-0.37398554305,1.25624763009,-1.06414898797,-0.54512009451,1.87689868934,1.15157927695,1.45291471696
0.32352984138,1.14614013451,-0.16504446950,1.14396042984,1.15269503622,-0.34956870699,0.49263426892,1.04547374189,0.60923694391,0.27626569637,0.67279895446,2.29425557764
1.13384188190,1.38670757507,1.77534863875,1.29658364456,-1.44343843197,1.71360220899,-1.45754954500,-0.01757268641,1.09246914190,1.38409700119,-1.10665427751,-0.66127349312
-0.72921299260,0.55039358160,-0.51051316717,-0.49205535813,-0.63950673897,-0.13122954704,-0.17046409348,1.03249512005,-0.31430560048,0.20980673197,-0.23211130983,-0.21691632153
-0.40930123196,0.57873727571,0.28344896517,-0.17336987283,0.10785173933,-0.26392595828,-0.82230466931,0.46938917668,-0.42415888097,-0.39820646850,0.58783862070,0.36555682325
-1.42829128965,1.41284797239,-0.11221457202,0.17580651809,1.79994986993,0.42947250070,-0.87479751810,1.43622157513,0.02249230417,-1.26003565043,-0.75411913360,0.64790882675
0.05842698949,1.09039070541,-0.54206858333,-0.88602754108,-1.39113983449,-0.31878654489,1.79440401576,-0.31634604890,0.36820123280,-0.60018861670,-0.03950783084,-0.41625872995
0.56000723442,-0.50673288947,-0.44147507415,-0.40050098423,0.32748934872,0.13748995744,0.73628202651,-0.86194727414,-1.30566935978,0.36042742754,0.45475358998,0.94216350227
0.16918175742,0.63199181145,0.40477156206,-0.82684876330,-0.27130230802,-1.31640554739,0.90125790432,1.40542733987,1.64507467529,-0.29649594385,-1.30784253881,-0.07253665302
-0.57530350112,0.91798576531,0.07801153444,-0.97094412541,-0.54339583822,-0.10381975131,-0.14037512347,0.13921902982,-0.90834647055,-0.16897286365,0.45635329504,-0.05893730950
0.41623046914,-1.09585378268,-0.39771325577,0.97830086727,-1.01412595547,-0.82344278605,-0.61629421311,1.26354058818,0.72000812964,-1.19010916020,-0.68955509247,-0.12355597090
-0.15025388100,-0.45547481762,-0.99840131723,0.56871458257,-0.45665959618,1.54621729277,-1.12192591636,-0.32435713497,-0.62905135488,0.01294237907,-0.57412529089,-0.31167678396
-0.04471124108,-0.56271696262,-1.46763031467,-0.06426980204,-2.07548988085,-1.13460538762,1.33099207723,0.12963610757,-1.62131703552,-1.06844667386,0.47315445264,-1.46828025165
-0.04349045774,-0.22745432946,0.52708999090,0.73188514725,0.32619123022,1.29699284319,-1.24119529131,-1.26442244227,-1.45594709728,-0.87958776264,0.14588964580,0.12990715541
-0.50060581401,-0.72038386402,-0.67926398147,0.41634636781,0.51695171391,0.16832249942,-3.16901662367,3.32481036147,0.29184947443,0.31059464258,-0.87525559222,0.19846254961
0.49069467069,1.18464342496,-1.05745147425,1.61133014098,0.06269113402,1.04519897605,0.94440798421,-0.01069971828,-0.35901652876,-0.80645333769,-0.93106878083,0.68027038994
0.33916476618,-0.31374497245,0.85481576589,-0.91902714473,-0.57575095859,-0.25738146875,-1.86121370174,0.66610593393,1.12105201725,0.36590038249,0.43539394468,-0.63383884905
0.41690777985,-0.05068631684,-0.66183111524,0.29740130618,-1.95841031505,0.00437274921,-0.24229908003,-0.31979266475,2.11563865508,-0.16186529217,1.30831075576,-1.06627238839
-0.95593630714,-2.17332710525,-0.11407693950,-0.56179584031,0.73549250812,-1.50100499355,0.08585402805,0.56952327142,-0.42420534478,-0.28474625492,0.13132608286,-1.66389617819
-1.34942224354,-0.67439744776,0.44727041110,0.01978854861,-0.05176130156,-1.26514687805,0.21448497926,-0.00107426664,-1.98118055840,0.28202546363,0.56642344282,-0.20813862841
0.48323559144,-0.60498992269,0.27022758394,-0.49577034108,1.35635367050,-0.08020103803,0.99619259410,-0.56705287545,0.26532471167,-0.23603313438,-1.16087514078,0.36811676865
-1.88233811689,-0.45351551065,-2.29461638011,1.69852512751,-0.40894337517,-0.33460466860,0.81734894974,0.78897731073,-1.00259884261,0.57128706055,0.20348277422,-1.02959746812
1.99533012229,-0.14587815355,-0.39457681139,-2.21545164051,0.74290077481,0.43062813972,0.27651073564,-0.14365329608,1.15245303363,-0.88519630928,-0.70537138134,0.54124757875
1.28068308508,0.25928957081,1.48866407195,0.32833599582,-0.27699806250,0.24580747414,-0.49145573210,0.21245885724,-0.54562540055,0.63962367711,-1.21152332589,0.69010368760
0.49596626649,-0.86357447042,-0.35794907406,0.92637751234,1.03455934633,-0.54058805745,0.88247071442,-0.12461709045,-1.53448725884,-0.38635784379,-0.69445823172,1.05834243988
-1.00466900853,0.96642674257,-0.35785854080,-0.24056163745,0.47644363860,0.08112920854,1.10389781656,-0.44273986977,0.90727275208,-0.61587180951,0.01936261892,-0.10003004354
-0.97296985156,-0.61262050234,0.87252998565,-0.18893588558,0.49062294066,0.40411636929,-0.62981969786,-1.63556283414,0.72420960085,-0.82002909308,0.93804093895,-1.86617562425
0.17447455570,0.19546962161,-0.54023299893,0.25310399133,-0.30492822492,0.43786045704,-1.67670022252,1.25935661583,-1.57623278534,-1.53999067966,0.01246317914,0.11949348150
0.69104214409,0.11052462055,-1.16824517563,-0.26014552120,-0.84987891520,0.08886050588,1.51236725869,-1.30843989404,0.84442898421,-0.00115351007,0.99280113336,0.22942793997
0.59221348937,0.02997304367,1.49736905597,1.07338350076,0.63804453818,0.50899137862,-1.42416789033,-0.66272021785,0.53316648126,-0.37346196731,0.41569604637,0.42554035709
-1.05250551059,0.47345209334,0.98126369318,-0.09926947470,-0.30187539704,-1.80783236514,1.27917809850,0.47920861361,0.71395572508,-0.01421739657,0.04928356994,-1.00339801671
-0.44955374170,0.66822880917,-0.79910922204,-1.37929696850,0.35063598857,-0.64966069699,0.68679964077,1.13957547563,-1.72491013427,0.28887318184,0.23443037682,0.60765062328
1.21683233087,-0.55131312314,0.17413880179,-0.34830455980,-1.18820610227,-0.01903011951,0.22896141454,0.18796203986,-0.44392235754,1.48607548293,-0.30597090300,0.27873260241
0.50811454677,-0.46111021099,-1.16817287823,0.85414936329,0.77919808087,1.38600880367,0.54664609480,-1.39187878709,0.04063103578,-0.04141888561,-0.61985811300,0.32356080772
-0.65047598988,0.12271633346,0.33704922598,-2.16329720790,1.76488451482,-0.07351655373,-0.71162339256,-0.00566166308,0.90751631385,1.87222352707,-0.02576539058,0.48930671619
1.05121067376,-0.37749573801,-0.43737247449,0.42961862802,-0.94253930820,1.74167446233,-1.36748103986,-0.69772595229,0.62105373604,2.92926215276,0.98218670818,-0.14855351980
0.32901703278,-0.98578948906,2.36299009362,0.88329561803,0.59834667321,-1.16322301954,0.15507720557,-0.07152344466,-0.30835952576,0.89754206981,-1.11371671500,-0.00802401837
0.54788417818,-0.64170937204,0.99257743924,-0.37655655043,-2.35620555937,-0.27659467774,-0.65569688784,-0.52261903328,-0.34373644713,0.73438475460,0.71659599197,-1.39068414512
1.24192498538,-1.13102708130,-0.97080484572,1.24115507934,1.03599536207,-1.21137305583,0.09156560842,-0.74532448616,-0.30721011268,-0.82503234999,1.80871367495,2.21238477269
0.88119036262,1.15189432296,1.33087375623,0.36957884749,-1.02175134581,0.62754059347,1.21714660813,-1.44153829149,0.47752021370,-1.08486493733,-0.35039490541,-0.75086542679
0.10197411190,0.05945433419,0.84659234355,0.96953362380,-1.46166658912,-0.46040823331,0.42952592260,0.18733889913,1.44330629586,0.42620259521,-0.81138237640,-0.69783017907
-0.39723372524,-0.12085037582,-0.25499228226,0.64528720961,0.14262785930,-0.20415941252,-0.32719483655,-0.59467263312,-0.32557037995,-2.09960295217,0.63893956387,-0.08080424652
1.13903883155,0.66982342235,0.90154127916,0.11564333510,0.60881397387,-0.04144731393,-0.57497810931,0.18017158161,1.29250082612,0.02793683680,0.26172469798,1.25300098557
-0.33992424428,-0.59525233699,0.94340051344,-0.70819973792,-0.70299204733,-0.61782965095,0.87622671546,-1.73894724244,0.76328597319,1.58916518510,1.67886109217,-0.79164110957
-0.41721875437,-0.40868301370,-0.98408060540,0.29530009485,-0.26823469696,0.07394183354,0.87040057653,0.45343330647,0.83115845017,0.86524440505,-0.79194902687,0.04635360586
0.35243683399,-1.21165167556,-0.43867862046,-0.66001599668,1.99592359436,-0.32966768129,0.87482818956,-1.33712823885,-0.07938244765,-1.19485888825,-0.05122075576,0.60600923412
-0.80498871973,0.78848702447,-0.06278225963,-0.17696678554,-0.02294741600,-0.88093923171,0.87259796303,0.73046606047,0.49618724802,-0.34051306914,-0.15394797408,0.07186230516
1.33381662903,0.58373969655,-1.86878406988,0.55246899797,-0.61581722702,1.43294314885,0.37589616378,-0.26281055246,-0.21050201697,-0.04687261213,0.18441937531,0.80952768874
0.87505185406,-0.79649008250,-0.86891068413,-0.19121293133,-0.25933964794,1.47021936116,-0.34046988620,-2.09913534833,-0.13240148152,0.65077463577,1.13293021423,-0.45217348935
-0.29864557744,-0.01577522184,1.73688965272,-0.74722376348,1.52218417707,-0.80358262623,-0.47661925518,-0.47704666867,0.14636840384,-1.41037924496,0.07457640023,0.06554944384
0.81693043282,0.12056298142,2.10822100670,-0.90012670798,-1.10802263763,-0.51204489433,1.57836888561,-1.21739457426,-0.54337674178,1.35546097465,-0.15968677469,-0.55158580329
-0.31025289231,-0.77755320446,-0.17191619455,0.26774845667,-0.28609243861,-0.87497953379,0.67278869429,1.20077649561,-0.71112503193,1.81211169112,-0.38644100341,0.39989231418
0.43916834730,0.42112563793,0.62034453608,-0.00349958564,-0.18454979623,-1.15366586609,1.71276077212,0.46508239724,0.76220700255,-0.96391119081,-1.19811391665,-0.11962896159
-0.69853482015,-0.02062002510,-0.60105207399,0.43143313223,0.32043680462,-0.49900879902,-0.00460876039,-0.24147259642,1.71949447343,1.16510682816,1.78409960955,0.20299439231
-0.56397693901,1.29972916020,0.17633343314,1.05950473938,0.15691321684,0.32121274863,-0.61798648319,0.53536677889,0.33177762056,0.60887599575,0.56850659057,0.63890469741
-1.33538654238,-0.68660618208,1.18414655545,-0.49311675383,1.51454084471,-1.42409549172,-0.05787911011,-1.00154469847,-0.30975403585,-0.66874389259,1.12363501132,-0.52536948942
-0.00274629594,-0.15574020243,-0.31149501949,0.66978343619,-0.60329154271,1.44316550550,-1.31102989716,-0.90398649740,-0.46861409102,1.63361574466,0.99591577759,-0.44812485678
0.32979149662,-0.82127078546,0.26525047154,-0.38620239900,-0.48662559141,-1.07336030525,-0.39847711300,0.36153817658,0.69358733678,0.91243057656,1.12338073521,-0.08523224388
-0.82612942517,-0.06983614181,1.16626631136,1.24862965015,1.56518916326,-1.08138836882,-0.31283102808,1.19502357532,-1.06717120020,0.85107056305,-0.49962363280,1.73552902435
-1.03386562876,-1.32014873687,-0.83770290317,-0.82873709875,-1.25976670630,0.19333899148,-1.42540620222,0.75703641579,-0.07053414677,-0.29039987959,0.74106117481,-2.39468707956
-1.57803478509,0.56088969569,0.71557347184,1.34814262542,1.62593234142,0.28270604279,0.15356711662,-0.32919849654,-0.55587948509,-0.58421055885,-1.07743328431,0.50054284933
-0.12666294212,-0.38417323618,-0.64976965271,-0.11983744295,-0.68718515548,0.43216913611,0.87183681829,-0.41298593500,1.16487141665,0.84947197632,-0.40346853664,-0.67382814982
-0.21429899572,-0.50151541821,1.35644892557,-0.94330988160,1.12337900837,-1.07291652957,1.16207905208,-1.16641755092,-0.70539535643,1.48799454023,0.65611955413,0.96883436302
-0.28573423155,-0.38311003946,0.18673644798,0.25809482417,-1.20633230669,0.60314092682,1.55182703595,-1.81248058815,-0.71633326507,0.87894730554,-0.27283594266,-1.64821959372
0.48852998736,0.31262696107,-0.07845759240,-1.46307639056,-1.50813421908,-0.04822493195,-0.15517189295,0.07249110786,2.11999395075,-0.56726851473,0.38935411438,-1.26798622391
1.54226977668,0.54627735508,0.61305558672,-0.32308684523,0.07368136461,0.95242666782,-0.81698827671,-0.43010209599,-0.66344946524,-0.30407794615,-0.15750748441,0.90315541916
-0.21094360202,0.13451977818,-1.10621788662,-0.60959469081,0.81662362882,0.10138836394,0.62110044111,1.18563715453,0.70212730709,-0.50339802564,-1.29169968004,0.55912170995
-1.46665770588,1.02872929813,-0.51921975353,0.83562006366,0.19516614142,-0.71827832074,0.17191620746,0.42944699118,-1.05794452456,-1.13991089274,0.99850680107,0.18431350721
0.73733556938,1.18662319555,-1.21303842031,0.17341295848,-0.35615828640,-0.05976136249,0.08884059728,1.78143305013,-1.28754957631,-1.61278436310,0.08915152378,0.53369006423
-0.66905614133,1.46285163758,-0.57823725017,1.04070912097,-0.54833352835,1.35546591415,-0.16992198437,-0.41144617023,-0.36117483878,0.05454480049,0.31794684759,-0.02686163673
-0.16581073286,-0.43237251775,1.81660822068,0.11538257279,-0.86364093308,-0.85223189879,1.84333873633,-0.35341453349,1.84314606653,0.20944393426,-1.23326537982,-2.25924626040
-0.27518532046,0.45671892234,0.27977892077,-0.54913586264,0.15156153458,0.17038701102,0.58969930759,-1.05893115389,0.11798537355,-0.67603559248,0.28783599470,-0.29778503582
-0.74943916783,0.22426071388,-0.62779644764,0.20834283189,-0.12238886814,0.96860427253,-0.35315144272,-0.59816275264,-0.54722797797,-1.18722316830,-0.32530673928,-0.32278097982
0.04580314557,0.82549585053,2.31322148671,-0.60054945432,1.65323130134,0.15016643813,-0.44049029179,-0.03507103700,-0.22056851553,-1.55701269035,-1.79587656759,0.29160056820
-0.02018108816,-0.77297136839,-2.65175132809,-0.55963864309,-0.31707018860,1.46977796363,-0.52994273278,-0.01661741849,-0.00130911743,-0.31120356047,0.10191860765,-0.47633552309
-0.52743126950,-0.74231284036,-0.43050574767,-2.08410817922,0.84116470105,0.18776004892,-1.15727267498,-0.19993722697,0.06680976703,-1.19914160011,0.66688693476,-1.17549453198
-2.78985078386,1.54000216522,-0.26032091231,0.49846920784,0.58019613827,0.54998344316,-0.66330619795,0.35072970016,0.32140407313,-0.01477490767,0.22869357157,-1.02248747580
0.44312468326,0.57254532286,0.57123835714,0.30879752505,0.77733727352,0.85080915835,0.17387959121,-0.24583766015,-0.02469485424,1.56973932734,-0.35639693249,0.99015973009
-0.63960660064,0.93891895409,-0.21578075963,-0.72472493138,0.49520767897,0.66047805515,-1.19699711860,0.85929563322,0.28126286078,0.90307213406,-0.16851290928,0.43077213451
-1.38302384250,-0.58301508719,-1.29625935850,1.53318355011,2.03645349295,-0.13672244739,0.59974771301,-0.72860090145,-0.43172791117,-0.30830082281,0.29567860543,1.06139899422
0.14901720029,0.46143637798,-0.04136653004,-1.25497801813,0.06756574981,-2.16458328216,1.87002098989,0.34261468637,1.02397263413,-1.92667438021,0.96959530986,-1.18404278477
-0.76304641673,0.69121143002,-1.23172042846,0.34485126642,-0.79980553996,-1.09314127644,1.30405889111,0.32774302486,1.05593214229,-0.16590741201,1.15663924832,-0.40942317141
0.07486845826,0.12022180333,-0.04092010531,0.14962726465,1.04180176890,1.65101570859,-0.71898706676,-0.18433556816,-0.73888066221,2.78835697030,0.06196489381,1.03909723747
-1.92224327742,-0.04361744532,0.72684111840,0.56774200651,0.66307295525,-0.85192398848,0.95849858366,-1.00421153183,-0.53681649779,0.25396501385,0.54234569303,-0.52090583212
-2.35422416040,0.95720052494,-1.71455409224,-0.97644297922,0.74538357470,0.33140580802,-1.80788369302,1.40372589895,1.17292986006,0.38430448536,1.45311083609,-1.01554561917
-1.14101378067,-1.53784332044,-1.01012298922,1.60437556033,0.54037178010,-0.03814644875,-2.13371710838,0.28332174585,-0.59136765228,-1.83234682410,0.97369764492,-1.02430356457
0.47022088835,-1.55757755569,0.63726505716,0.18397304934,0.04630174739,-0.18686509913,-0.84545071083,0.33037007419,-0.57359792006,0.29212835861,-1.27080734557,-0.21991975021
-0.32618546738,0.92304601882,-1.78862884076,-0.52202401424,-1.50709545327,0.25376962064,0.35682915527,1.21792919748,0.25908929397,-0.59056344233,-0.25621310156,-0.55639166132
0.94056418819,0.01844669823,-0.29056712887,-0.48974638171,-0.50434414325,0.36423465681,-1.00244472576,0.20848463345,0.90611526111,-0.87716025461,0.44994010519,0.20547193051
1.61042921798,-0.74388292324,-0.45088255227,-0.35582430452,0.84734198900,-0.70159390883,1.33667101589,-1.22416242248,-0.71377067910,-1.54934876564,0.41541774368,0.94370775442
-1.24093898239,-1.78686244795,-1.37022671679,1.43105040133,-0.00244436559,-0.28838016461,-1.24926376287,1.00966737920,-0.59517843291,-1.37576452772,-0.65955315516,-1.13897764011
0.54664193821,-0.14146718424,-1.56269057538,0.12690319144,-1.09567084446,0.70366472830,0.40253553110,0.27068093589,-0.91909564175,0.47781009440,-0.46726953163,-0.06779146116
-0.22657948915,-1.18373387539,0.69394903670,0.76694245857,0.84854878214,-0.93344597873,0.15380016240,-0.30960091061,0.60550761760,1.80072225701,0.49068413058,0.28384281019
-1.22026070531,-0.40340523999,0.01627091615,1.17756712952,1.31557549167,-1.07805872589,-0.75344177879,-0.01059057359,0.21683154823,-2.32836028616,0.77619384867,0.10794742008
0.34326356577,-1.08235104223,-1.30458483268,-1.69651971865,0.77792336214,-0.08044671986,-1.64425874879,0.53997539409,-0.59505853109,-1.54033895650,2.01666191730,-0.80663975940
-0.66744495727,0.30922321758,1.26087767815,-0.97897381127,0.23746786192,-0.51561142691,-0.18955943666,0.01880021033,-0.49627554494,-2.03460105563,-0.45365864174,-0.81588450603
-0.27646457380,-0.56068617534,-1.71461952328,-0.33251840838,-0.32347198619,-1.15139019353,-0.45676994470,2.94290899387,0.55901621286,0.53638063904,-0.26407395338,-0.20071222661
-0.84904454586,1.67386508366,0.22427670181,-0.66379368074,0.08195581946,1.39719287779,-0.56868158518,-0.27374791573,-0.65347845441,-1.27307443960,-0.49708072875,-0.41508341804
-1.92775511792,-0.31243126918,-1.67933846926,0.88113496076,0.24264298255,1.26228558330,0.50728559605,-0.88367819381,0.48440937719,0.17532273907,-0.38400086336,-1.30939875290
1.49318828916,-1.63939503879,-0.72602388347,0.60815529093,0.68638232154,-0.17625241988,1.17970195086,-1.34809224734,-0.15850726555,0.00329926431,-0.06490417123,0.50837674686
-0.40714912440,2.07117559064,0.01091856937,-1.22775479603,0.87070312295,1.21062310734,0.12531717388,0.29347255284,0.31960782212,-0.34070115234,-0.99433665856,0.24556734522
0.20032028314,0.16049939459,-0.12957596108,-2.18707694744,0.02695014315,-0.14026126450,0.51372730979,0.00865029291,1.03299580257,0.13991651772,-0.42990240649,-0.52693603977
1.25894037160,1.61177617671,0.23302930825,-1.50545647610,0.48187814979,0.06866411830,-1.03051573021,1.41501254298,0.10897628450,-1.20041705624,-0.03653687062,0.79785876865
1.23952665229,0.88344834574,0.18607779648,1.47886282034,1.41341949448,2.21626725522,0.28928047835,-0.50246406043,-1.07782943640,-0.83211402861,-2.61740422451,0.53378316584
0.20879537334,-1.26800725875,-0.11676406421,-1.10501124970,1.22453092553,0.50270768975,-0.04416199510,-0.21775744096,0.65572162972,0.71076561067,-1.59239575830,-0.10708394123
-1.64201723517,1.49905362053,1.32637693117,0.49334043020,-0.42246799059,0.12473505330,0.90905183513,0.55626729393,-1.19078432338,0.38447557907,-1.67243587131,-0.66666554109
-1.22756202155,0.44798063581,0.18831441525,0.71974761208,-1.06215388870,-1.35495615015,0.77564040475,-0.03560344903,-0.59767549570,-0.88265248673,0.86256234158,-0.70178113394
-1.37017229813,-0.39171087219,-0.63103998279,1.48133920132,-0.31499351155,-1.19078046369,0.46046392201,0.32128272440,-0.10799288810,0.89919729441,1.20198134275,-0.14484947878
-1.70617673057,-0.97917128562,0.19980575386,-1.14558269379,1.77394382444,0.30374215693,-0.14950127807,-1.16985345596,0.00619783739,-0.49160298464,-0.45811727672,-1.25597804739
-0.53674743488,0.35094368483,-1.69076034832,0.88669340086,-0.50386900398,0.51108747487,-0.69784887816,1.94776955809,0.21742193268,-0.47477848210,-0.68443603975,-0.03952637355
-0.37597786880,0.43247216202,-1.34902608306,1.39476955725,-0.39651024141,0.40271383689,0.40303564352,0.16621726408,-0.09460038828,-0.20940068504,-0.12736958570,0.26815160013
0.00124964647,-1.47327392908,-0.33307389718,-0.31057320639,1.20129989754,-0.33097647918,-0.07478872433,0.01163302753,0.69323408036,-1.29962313475,-0.83375476562,0.06572858404
0.71865406199,-1.92369525496,0.51100674296,0.31661387247,0.68625272509,-1.25493589287,-0.65921773693,-0.04782262260,0.68256249972,0.14770153095,1.05312758213,0.21286902585
-0.64526814155,1.02569000045,-1.70909978099,1.94159418279,-0.77777605623,0.34887619794,1.93255026747,0.25721295888,0.85092091282,0.28882706638,-0.95261068061,-0.15761465505
0.32363880462,0.45530787345,1.23405496263,0.28776464256,-0.16904503804,-0.37864181418,-0.87785135039,-0.27900549442,0.12749207358,0.50512941638,1.42482188413,0.68165224828
1.48934171601,-1.78861535706,-0.39772792793,-0.18179115639,0.51378190599,-0.65969542613,0.24202663361,-1.10289812029,0.32749960804,-0.11429464067,1.37192575251,0.34840812758
-0.15011359947,0.91973819249,1.54449710074,-0.48114327300,0.10809910911,-0.80172035234,-0.31399829219,0.59814503430,-1.50649829659,0.02878424635,0.18763339728,0.78345341694
0.39264957273,0.70819583314,1.75589580421,0.38583209809,-0.28922851826,-0.54537374921,1.35078597436,-0.09265731430,-1.61017239635,-0.24667377769,-1.40280354333,0.28115296913
-0.60028385333,-0.85678938214,-0.66922849562,-0.35446107574,0.88986402491,-0.18281809595,-0.73188589850,-0.41694459134,-0.27622584108,-0.21827859715,1.37068254884,0.03565927419
-0.22277821892,-2.16760660030,-0.35719090178,0.06251542605,1.26172989437,-0.47767315107,-0.88872646206,-0.83573257922,0.04497758787,-0.01097526403,1.58161012040,-0.45660405031
0.10869969595,-0.65209341376,-0.28957873005,-0.21104239180,1.33568778021,-1.17591966875,-0.45458262562,0.25505726423,0.20379303586,-1.49142929679,1.22384478047,0.54054222021
-1.90243800113,-0.08882554835,0.16762050558,0.19628754878,0.05240315528,-0.56462658594,-0.73578819132,0.62726372519,0.23497667047,0.37950713643,0.20833642886,-1.05338412706
0.14407778799,-0.26358556793,-1.23665122219,-0.07405009742,-0.18676499372,0.01704195278,-0.33055312250,0.58589156817,-1.52108918768,-0.53130049235,0.44284188302,0.24387416964
0.22492122859,-0.55361425327,0.48955020216,-0.13824515747,0.97196507989,-0.26249199154,0.04248667611,-0.35870143062,-0.37656312253,-0.48084938839,-0.37166965376,0.57479722789
0.19477774685,1.02969781319,-0.26357023457,0.27350971361,0.11679513870,-0.10184497356,-0.59129899575,1.37878984340,1.97467335439,0.85646312006,0.07409974036,1.17949290622
-0.29178651271,-0.27008542165,1.02537960313,0.75906911867,-0.74015770675,-0.51882377119,0.76406734789,-1.07841063039,-0.20935654116,1.20645324860,0.96120688277,-0.29999893305
0.39519831538,0.98733409800,0.39987446807,-0.55188169653,0.68418829963,0.72695598085,0.36626995295,0.07782459811,-1.85145980766,-1.52644665550,-1.27858217555,0.43934689030
-0.59553853721,1.93717992800,-0.14221745175,1.92685614205,-0.25067969172,-0.89216392320,1.05754544882,-0.67904399063,1.86629912120,0.49903015641,2.99549773070,0.08971232870
-0.60574910540,-0.06972239684,-0.28777631443,0.34245315413,-0.79550006594,0.15604535459,-0.31657002450,0.26334049653,-0.25382108836,0.78455143701,0.03296912295,-0.33687534915
0.54106652227,0.22500424499,0.14164800585,-1.45117928939,-1.00706679479,-0.33952536300,-0.35460955629,0.21421122553,-0.72740619637,-0.39828693108,0.52119535551,-0.48892023297
-0.58048579555,0.64813351529,-0.51299200012,-1.05435319071,0.55817997778,0.10460824746,-0.32074890220,-0.40526894381,0.41855556512,0.09683816852,1.19079527815,0.40375171339
-0.32572114279,-0.99097957940,0.42118760978,1.94622397014,0.39526151867,-0.96105067432,0.73704976673,0.75921385138,-0.27931962260,2.53818546845,-0.46643166423,0.68456556319
-0.31543484687,0.54275741715,2.47623790432,0.72192960445,1.08690255543,-0.74685472158,-0.87141648685,0.01609003402,-0.44390040618,0.16506426401,0.12291955899,0.94618916609
0.81360991303,-1.25366907927,0.00994987699,0.48280338216,-2.04096537037,0.37299037662,-2.22775493645,0.82057208934,0.16872085083,0.16068611212,-0.06978845926,-0.99796574085
0.77944446341,0.12019649216,-0.57166292012,-0.35767289969,-0.46962590666,0.42373470530,-0.85756071629,0.13555249352,-0.58704196630,0.33079375458,0.94265254303,0.88059702258
0.98739740267,-0.02037487054,-0.64764825178,2.33357666809,-1.03166662047,0.53099757339,-0.07644288116,-0.37133930980,0.94027118048,0.57550727796,0.52295036224,0.59001332458
-0.74555705827,0.85759759405,-0.49567972964,0.59003552303,-0.10970671964,1.15973972439,-0.12928872418,-0.86361265292,-1.82241148234,-0.97938333972,0.25583851412,0.20504950691
1.11520856154,-0.22199253130,1.33952377999,-2.11094740440,-0.73367815944,-0.37808386155,-0.25898236107,0.30273100023,-0.25874486495,1.88113641462,-1.05411341744,-0.53184307477
0.26257156859,-0.22831273659,0.93669943892,-0.64709911499,-0.59251992829,-1.14888198302,0.62837169417,-0.16923105587,-2.36734735555,-0.27352271376,0.39002584177,0.51843710180
1.02795761548,-0.11875692764,0.60758666793,-0.93637643642,-0.49155726864,-0.94015298289,0.63824111977,-0.16017444193,0.69362569082,-0.60710771455,0.51339405829,-0.45068185422
0.23118518662,-0.61478180123,-0.29062698236,0.53577717000,-0.74283211397,-0.22372915958,0.21812937689,0.56419933847,1.19353328276,-1.69858775489,-2.65529706997,0.39352683013
-0.80448353943,1.71329388417,1.25936597508,1.85088426072,0.58994004031,0.65458183447,-0.70735291878,0.70226354142,0.90066708297,1.46873042585,-0.44903536726,0.14181691493
-0.31130582646,-1.08233827521,-0.45876542743,-1.14551274951,1.97380359888,0.30568669531,0.78629134650,-1.70723477846,0.14351048787,0.04464505381,0.17212236111,0.17996634608
-0.30626087395,-0.26423277908,0.71401479609,1.78246347599,0.20219324091,-0.20266290888,-0.36612185399,-0.12285349910,0.71983806918,-0.16795718767,-0.66553542160,0.18578379663
-0.96956762338,0.49441861403,-0.48292005100,-1.29527282959,-0.46582894031,0.79751105303,-0.90204434165,0.77221068214,1.28136457095,1.33275726130,-1.27098792928,-0.61394911233
-0.83891623448,1.06485188047,0.59686052755,1.78074397950,0.59151907115,0.87312865608,-1.11748847305,0.55702863299,-0.05586008879,-0.42635952040,-0.86093321784,0.25402332461
0.35702312084,0.00982470930,1.32522391826,0.74148297193,0.99952710640,0.68696362557,-0.97200486079,-0.80742451786,-0.65391688731,1.54699537485,0.67038692020,1.16825062714
-0.67803439503,-1.07842062281,0.33923881207,-0.03643051248,-0.15254344865,0.80480388075,-1.68156871178,-0.02293105738,1.26860025372,-0.93756557017,-1.08584631445,-0.86674157624
-1.30164247914,1.80071167383,1.44445820828,0.55274395240,-0.21938106687,0.46910028822,-1.33825255125,0.57443084158,-1.30315392918,0.81978592370,0.31884228511,-0.32850491314
0.26275236161,0.64518460357,0.38388950458,1.11756363174,-0.57048660564,0.22099416581,1.40029489283,-0.69439526905,0.45288063264,1.05385641343,-0.32125763027,0.13186502959
-1.12460028605,-0.07248106609,1.59325168939,1.56143530934,-0.28397939206,-1.52268897676,0.33600695640,-0.79240881225,-0.31510665692,-0.51717568486,1.20774689214,-0.56259976633
0.13909625946,-1.25403574962,-1.98700849804,0.95268874336,0.18420975816,-0.02006899558,-0.41256462955,2.23606633137,-0.41150624044,0.40589781285,-0.83770177598,0.15361512611
0.66504270461,0.13279530294,0.41328951289,0.39845911306,-0.69439958710,0.39042774947,-0.55744222055,-0.52555086271,-0.39382787241,0.33223183534,0.62936530669,0.47244698887
-1.88217229002,-0.90635612683,0.87555093887,0.15571269286,0.09487558068,-1.70392632026,2.06278641224,-1.60680339465,-2.01635750523,1.16129507926,1.36729958639,-0.17034768912
1.45375483644,0.18658987202,0.04929868992,0.18597711305,-1.25828363450,0.56246609796,0.30912545207,-0.33788956638,-0.69352809978,0.74750159743,-0.33544046548,0.47513868757
-0.64636008170,0.59127013525,-1.79956251291,-0.56938452809,-2.31594086847,-0.20228121508,1.15315049298,-0.48902612862,-1.62967188122,0.04769714426,1.64772617677,-0.42871521337
-1.07865127405,-0.74400568022,-0.57094021835,0.01990337919,-0.17432104859,-0.45219550036,-0.10068442235,0.39865532101,-0.33484264103,-0.60133124153,0.01968777927,-1.02330783711
0.53410116568,-0.75271558835,-0.74471990585,-0.13087880403,-0.58660115004,0.29285810632,0.74285369543,0.90617391994,-0.24845708096,1.97762920463,-1.14165075459,0.21049864905
-0.05064876677,-0.37699382278,0.31087206343,0.08315829274,-1.10846031955,0.35424503089,0.09257032824,-0.95123459486,-1.07799708421,-0.75474718480,-0.29539786527,-0.92094656785
-1.21110254818,-0.68723817544,0.84983965403,0.76580716862,0.48472102673,0.49296282819,0.17962509433,-1.29684945412,-0.37215517785,2.06057125395,0.06968695851,-1.38173700513
1.01725876658,0.05023782170,0.63538577731,0.30957666014,0.80724763583,-1.18150254490,1.20559699169,0.09005406716,1.23826793092,-1.10926274565,-0.30246778605,0.76190310859
1.37540198520,0.31604439790,0.27118654541,-1.56939939557,-1.04707320284,-0.92253061202,1.20090771619,1.39451758397,-0.79078342696,-0.21800363032,-1.66569669806,-0.48884846681
-1.30403640439,0.40657507787,1.59298711966,0.58543594942,-1.07059940010,-0.79481650472,0.02827649354,-0.25097574599,-0.32097773417,0.39420881287,0.53988543018,-1.29332368810
-0.70431468310,1.31462621364,-0.36538276494,0.96846591507,0.06227304581,1.35300359414,-0.93069304835,0.33790829969,-0.32280908952,-0.86800416461,-0.23808339542,0.06315277844
0.68061216186,0.82241728004,-0.46256602550,-1.57222001639,1.27468135371,-0.05090229413,-0.40029001918,1.05064145042,0.48921040561,-0.15231261974,0.15029378248,1.34332292580
-0.56694919197,-0.70037079117,-0.20508023453,0.09886063987,0.22248861404,0.05430920906,-0.65765130204,0.36313378731,-3.14589852482,0.52280550117,0.20702919855,0.30341747323
0.37759642481,-0.39287645825,-0.61216551161,0.41778512647,-1.01040687592,0.19881275624,1.02889216859,-1.62736348969,-0.75943945418,0.35394957546,0.97082412519,-0.00518322071
-1.64487089168,-0.55144933044,-0.30153362396,-1.34210284425,1.01320982872,-1.04905426299,-0.48458887528,0.50162689204,-0.22713968435,1.32245630092,1.20398331707,-0.21392690820
-0.50586636717,-1.08509036268,0.26480427865,-1.63402073929,1.12546177686,-0.51335475856,-0.78809759660,-0.63578763701,-0.89662824369,1.54435460297,1.58908400650,0.86436640104
0.22555413680,1.09797432138,0.82886253050,-0.02965552599,-0.71540995111,-0.38236496855,-0.65062445875,0.78640353762,0.37759212982,0.06874501188,0.28856531112,0.37903051398
0.52423722157,0.27156007738,1.12858993411,1.06720315739,-0.51459786036,-1.28478584802,-0.59697430237,0.89783359241,1.66476053571,0.17998328338,0.31883870504,0.34484004838
-2.37971666097,1.70067025584,-1.81603349387,-0.90065605366,0.36549816944,0.18331106924,0.68536701064,2.17524539452,0.63829114342,1.26416263427,-0.99862171726,-0.51709900130
0.09008761216,-0.38005426656,0.39363474643,0.04192194408,1.07354821869,0.47092399982,-0.25560263082,-0.81218911839,0.71844030393,0.01955278606,-0.26624015039,0.25878883277
-0.41290329955,0.15325773841,-0.22073095349,0.55398886719,-0.37663818729,0.17744950393,0.60420131298,-0.64712600551,-0.79263913083,0.15792449809,-0.00952785920,0.03051252492
0.58347522571,-0.12955282006,-1.53770755806,0.04810851353,-0.92692347738,1.92043081608,-1.36377029357,0.63207746877,-0.97666864486,0.53368835028,-0.85974643470,-0.29675263593
0.48186171695,-0.74909912400,0.05521064977,-0.55131794695,0.83687477374,-0.35720979458,-0.29441799046,0.09776056358,-0.63902561088,0.35299337420,0.41347290954,1.08326940134
0.42036158070,-0.08225233194,0.12471003102,-1.01393022708,-0.09286333548,-0.13133524336,-0.70666291792,0.17293090629,-0.81262161898,-0.94618599711,0.33103875227,-0.06818519751
1.08993111171,1.53728991695,0.59048260657,-1.73501311858,-0.67771027217,-0.66145503458,0.38116202123,1.41764950892,-0.36302437660,0.52490134912,-0.83932572295,0.60346757255
0.23277351770,0.03650053248,-1.05238511688,1.34869629582,0.42827049488,-0.14997422559,-0.91716612474,1.06509986478,-0.67760354561,-2.40907651186,-0.33526249948,0.82098131232
0.95055100320,-0.91774521211,-2.55223089185,-0.19944530481,0.63752673902,0.51751314544,0.82979070386,0.50163437457,-1.00858748428,-0.57295020816,-0.64255661958,0.27695905857
-0.18651995491,0.24436985564,1.08599274120,-0.19770423775,-0.69428730563,0.08303457348,-0.28115747229,-0.32244437605,0.60343384976,-0.37119135659,-0.37029824233,-0.85765550932
-0.07082894071,-0.08027592380,-0.96823991387,0.09182432577,0.28691523296,0.89589659577,-1.74772936661,0.74106815476,2.29970851387,1.30773156706,0.19212438650,0.73460563217
0.73299932778,0.51549160791,0.13747329349,0.33273127393,-0.09288089828,-0.81445413648,-0.26994014001,0.63076589358,0.33781689157,-1.06622737278,0.87440289269,0.94752149375
-2.15270360377,-1.96715482088,-1.84276529262,-0.17465366213,1.50613736618,-0.18557756065,-1.26720818037,1.24672864235,0.09596603799,-0.36703154943,0.61310708443,-1.36991147684
-1.69908723636,1.19132744630,0.65391785348,0.71342580624,-0.21951921001,-0.02585940499,0.57656716768,0.61820138705,0.03982949232,1.24635020064,-0.99383973631,-0.59634396043
-0.25346435164,-0.75022198528,0.25009858292,0.08079610290,0.44537948147,0.29617610018,0.47784885775,-1.69136150455,-0.94255077147,-0.15222725201,0.38586600319,-0.29933037168
-0.74346816076,0.58058619294,-0.21670602204,-0.65165412819,0.76868755456,0.12772539496,0.20352612736,0.92291045106,0.03552461134,0.45296171733,-0.93276351478,0.41579050024
0.70828949353,-1.06043455364,0.27413174416,-0.29347816158,-0.58112522655,-0.06091505746,-0.68553727433,0.55696985680,-0.05737754710,-0.02970058170,-1.09146408836,-0.26743920924
1.03975678874,0.03751875433,1.32732367847,-1.91709090303,1.24456707564,-0.95902050267,-0.86893958373,0.30350062474,0.66245226751,0.73425846556,0.18160094333,0.65024890811
1.39218894747,1.77300897436,1.60073308767,0.76349699561,-1.98470868424,0.31046737808,0.12094457094,-0.38639654306,-0.65237186356,0.37179800512,0.76499526781,0.69827200299
0.08927551689,1.03126085243,1.77160709509,0.25231666943,0.20873022891,0.66298527345,-0.06614306833,0.65352452036,-0.58902519345,0.94887580125,-2.33190983519,0.02563377428
-0.25518103082,-0.60693165402,1.23157521791,0.87666239579,0.53184310001,-0.68637573678,0.38405302052,-0.27429378282,-0.25940506167,0.90189136866,-0.39685234127,0.13807181516
0.01207868529,0.77856115043,-0.82177005254,-0.41452005284,-1.53901552275,0.94054381542,-0.32655345640,0.79386966362,-0.47499935498,1.68570723236,-0.22944678036,0.09567096831
1.47661196036,-1.03430857066,-0.26317270442,0.08149963729,-0.10787118845,0.92545982442,0.06160754883,-0.74790129382,0.49918755543,2.16194495619,-0.15712955886,0.37352527188
-1.24234504275,-0.06313877969,-0.25830646149,0.65504276840,0.88958785492,0.06427748043,-0.17463805483,0.54672774340,0.69760797194,0.59546955475,-0.82593603458,0.29616622738
-0.02282678482,0.91142186782,-0.03174623976,-0.03865357302,-0.77211956368,-0.07814482907,-0.08550487811,-0.67124641905,0.15376770171,-0.71792092852,1.54015849816,0.05542939959
-0.35910381470,0.22877841233,1.47727508837,-0.01389969709,-0.91404226705,-0.78770754100,-0.39775900599,0.61418779610,1.05590317608,0.65206305976,-0.43712168326,-0.94343563636
-0.36138601019,-1.74139078672,2.47348726499,1.46390708006,0.00359639513,-0.78709452847,0.27821567060,-1.04829795081,-0.24998271960,0.39812411215,-0.34716170582,-1.93252042904
-0.45283335267,-0.33626236557,-0.15535159947,2.49077004067,0.49409686378,-0.48882460054,-0.24700472672,-0.79566788539,0.14544887243,-1.18905243659,0.48806725302,0.37200477094
0.42315132539,-1.26796089057,0.08070404605,-0.87661731217,1.27290726646,-0.22948563398,0.29033975649,-0.20839868146,-1.33835722693,0.83905224921,-0.45712504874,0.60975809878
-0.41763610587,-2.22433338695,0.64666037705,1.17935021974,1.46894025396,-1.51218522503,0.16437968099,-1.06302226876,-0.98534602565,0.79576101765,1.37527800480,1.19717152232
-0.21064920742,-0.89469011946,0.76836469730,-1.01043476683,-1.38375779555,-0.67775940171,0.04721950033,1.44600603751,-1.30479563001,-0.38484211501,-2.47808953595,-1.93621417669
0.90258740840,0.67434637440,-0.98528432999,-0.29615581712,-0.24719247868,0.51783861053,1.22969813073,0.39349581258,-1.60557932268,-1.05691076844,-1.24695849077,0.11011070386
0.60245433347,-0.22897280101,-0.41758319177,-1.61613442042,0.43663180258,0.58789284472,0.24830963684,0.24175369426,1.42821010445,1.46435709615,-1.35414474454,0.41715944938
0.18823812181,-0.31035408580,-0.91784474065,-0.46342483287,0.40625060045,0.43896043319,0.67471607161,-0.07518290802,0.25278508080,1.52655691724,0.10169711448,0.95938087943
-0.87398811080,0.51988537278,-0.01963131923,-0.11643966107,-0.51542343596,0.48586006631,-0.99560816515,0.80432431865,-0.57947214226,-0.21429116243,-0.76082865793,-0.41133473972
0.04893005887,0.78760849884,-0.39744159830,0.81071231941,0.68472969005,0.11515941769,2.76500967624,-1.94341200761,1.30937148059,-0.50906199887,0.38336289527,-0.18585861531
-0.65335411443,-0.19265739745,-0.52997909924,-0.19837553949,-0.23782305652,-0.50282678092,1.23739105427,0.17312078489,0.72218090952,-1.75985033635,-1.25313508944,-0.81736933309
-2.01228063856,1.54373543221,-0.84913529316,-1.06521335958,0.98337225105,0.83553746652,-1.36502238090,1.30154687655,1.90566188865,-0.23291065400,-0.88361510298,-0.45157204061
0.60580383629,-1.04830097656,-2.09797097084,0.38766408836,-1.03769915635,1.07252464176,-0.31110761243,1.18851258841,-0.59291714622,1.89258735165,-0.42840362291,-0.02242841681
1.58607774108,1.27673316058,-0.77843491919,-1.08649488396,-1.18541829605,0.34369661201,-0.24947721846,0.71353950758,-0.25392457003,-0.99539264310,0.43096753866,0.39269800706
-0.94195279932,-1.07793238045,0.80323196856,0.90954149360,1.20488698354,-1.07461633353,-1.18832715608,0.89919530714,-0.32294827889,0.71837777716,0.03214154920,0.58713774096
0.23669999128,-0.43919094277,-0.98072133139,-0.03545619115,-0.00354336853,-1.15652121808,0.06327191661,1.10387985291,-0.90613815884,0.88550714833,1.60169986625,1.45539603458
0.42423294916,0.08745992466,-0.54321589999,0.96493383134,-1.10629077629,1.12204347979,-0.17561356936,-1.09249400407,0.69845234555,-0.23667032612,0.03360283940,-0.49367648865
-0.98495515601,-0.29723272614,0.54712360630,-0.04033508148,1.44894049398,0.36231662087,-1.25120942364,0.76518300908,0.44909317703,-0.69401513583,-2.38005422370,0.56496223950
-0.62879898031,-0.30392103997,-0.60477664257,0.60651660597,0.10849490263,1.33801584434,-0.42822579355,-0.64306633962,-0.18017820979,0.95323799051,-0.53671527481,-0.47495201126
-0.10442287303,-0.00919163893,1.29304887292,2.09529309598,0.06369336253,-0.62670868843,-0.90862805106,0.20097296337,0.90846533376,-1.07197546088,-0.18306312402,0.17131570971
0.24116381159,0.50495730699,-0.25359923037,-2.88409951467,0.86847539282,-0.51554818744,-0.17312625304,0.37369080400,0.78353651203,1.86850225809,0.12614821769,0.80454370851
0.43998310623,-0.00827623882,2.22802739194,0.34509503648,-0.68706856331,-0.70847172169,0.00457261481,-0.71206228198,-0.21903210520,0.50932808516,0.53753271893,-0.23587580091
0.88552429221,-1.19087809671,-0.82865918094,-1.03593074070,0.34566388072,-0.82303363523,1.49426984067,-0.50137651311,0.97823385035,-0.90714289517,0.24427718911,-0.47836059290
-0.39139341552,-0.12717312043,0.93682932937,-1.04346036814,0.13814590515,-0.33283625671,0.74500222800,-0.19075093378,-1.48545519704,-0.40286843408,-1.35374016535,-0.80825199928
-0.12293268370,-1.04566143625,0.32472469563,1.05823794371,-0.28067017716,0.05873600510,-0.78127383787,-0.10464841872,1.51512498665,-0.18124245507,-0.25117019536,-0.58175025866
0.34789538926,1.28461839587,1.02056386507,-1.09041343697,1.30315998832,-0.82919746249,-0.02267491293,0.97145032130,1.58908483664,-0.35066478324,-0.60541121374,0.70381691668
-0.36290940339,0.33130144956,0.51476464406,-0.67121904818,0.71086065322,-0.37173011816,1.35181756990,-1.25621432697,-0.55981128198,0.45913947469,0.72810112314,0.81965810578
0.19643425880,-0.26106412358,-0.50278912370,-0.70199423958,0.96783950256,0.42829191397,1.29272043566,-0.31519759280,-0.15694082860,0.27092777771,-1.20096243274,0.31967095893
-0.82013686205,0.77296201956,0.75956090907,0.24346503729,-0.32000856921,0.85597928983,-0.76703957505,-1.42057953170,0.37738294170,0.05675519658,1.12015287283,-1.13258674899
-0.68543412261,0.71177870717,-0.42870823463,-0.69246737637,-0.69958553409,1.66783123098,1.04665205865,-2.47190032745,0.35270208618,-0.80065233302,0.35610019081,-1.56220757095
1.07725847644,-0.49388199095,-1.05030608218,1.71995286768,0.46777456667,-0.24600988868,0.17291852937,0.48147056436,0.11878395873,-0.02366766214,0.11546484599,1.88185996109
-0.51052574587,-0.48239796067,1.05021110774,-0.65827086502,-1.54153602467,-0.60621539604,-0.01996625462,-0.61569073627,-0.37014016014,1.13420911069,0.80009400265,-1.22127466970
0.18819216422,-0.08788157848,-0.33784340087,-1.74853736840,-0.08050730736,0.89756634787,-1.96304052993,0.75930542763,0.26166368084,1.23039466128,-0.63152184658,-0.09068112360
0.40597780817,-0.38662435807,0.87759732699,1.41846440517,0.21185943107,0.14629524916,0.05164484345,-0.99691936261,-0.30600437910,1.04144128515,0.50409883212,0.55032706382
1.44255122502,-0.25278725796,0.38765535166,-1.32597811626,-0.56875606203,-0.86928323153,1.05936784265,-0.51742990368,-2.42530013030,-0.49010373535,0.77976451930,0.94292764108
1.24564095767,0.25677234212,2.33416345193,-0.19482668902,0.49863561422,-0.49660286804,1.14799054297,-1.33438485623,-0.18197728776,0.92187177785,0.08971835490,0.39291542018
-0.38920671368,1.84434440655,0.99624214212,-0.50605426918,-0.29519272487,1.17003315370,1.77026723539,-1.90353351617,-0.06820644006,-0.99203584382,-0.23904162761,-0.76334799072
-0.04643562722,-0.27791351508,0.33895556728,-0.65593266037,-0.84204057210,-0.89724209029,1.01370226959,0.36866534719,0.70494009760,0.69416462987,-0.50178099998,-0.76720237173
-0.59774825305,0.35312629871,0.35514953271,-0.70488150604,-1.24926934323,-0.05893392265,0.55180330637,-0.48655726548,-0.38779219973,1.06157303668,0.26026438241,-0.66550102910
0.47289346378,0.27738622420,0.23726876864,-0.86973842592,-0.29892799035,-0.66487098267,0.51591062376,1.53282695123,-2.09020741276,0.28880169564,-1.25231949539,0.16461606508
0.08652703521,1.10823234898,0.46741727555,-0.11863258017,-0.98976514659,0.85406130533,1.01880635436,-1.86476819073,-0.36363676910,-0.81450053450,0.34529954841,-0.45911505409
0.35618546264,0.07467979991,0.25052247186,-1.08328212180,1.08835447264,-0.66167954259,0.10474906669,-0.43199323868,0.17493869542,-0.56451066562,1.03255364295,0.82247716754
-0.27581167835,-0.14481847493,-0.01110376698,1.40130667013,1.33257043793,-0.65898706612,-0.28645295907,0.22683121445,0.91344693691,1.23571549821,1.22140100492,1.76409679191
0.34174484249,0.43524010501,-0.52336524880,-1.37093820953,-0.00071026336,-0.01335310820,0.06472814780,0.35850994608,0.20711784415,0.09980282677,0.19368130273,0.42501982296
0.38543200904,-1.44570950085,0.02878466318,1.46643406183,1.07806496175,-0.70033917166,-0.92274931721,-0.42950607490,1.93489197311,0.80342940531,1.63967127988,0.73310901340
0.22759689002,-0.25966754160,-0.28060789329,-1.10973194737,-0.62067496128,-0.36130377859,0.22679178825,0.51064783315,-0.07644683559,0.13509335745,-0.26544049116,-0.41227831492
-0.37988432399,0.72017004685,-0.71123584301,-2.14790819895,-1.01481496798,1.22215793253,-0.50526718538,-0.22763625131,0.84216405052,0.94986380955,-0.59343130458,-1.05180935918
-0.10449873376,0.37722782794,0.76226820922,-1.29144468251,0.21594258674,-0.69458615554,0.45469476912,0.03012315255,0.55422956798,0.61477166032,-0.14141580827,-0.13424041347
0.18595307683,0.63755480330,-1.81907332461,0.90168847466,-0.79055350428,-0.63380281073,0.56227906710,2.62683747585,-0.87715633283,-1.47146780688,-1.15078626794,-0.14666143316
-1.09175236191,-0.91827573819,-0.53968109717,-0.84089461298,1.33315881562,1.26874938559,-1.58994809428,-0.23286834896,0.70997305697,1.70792747973,0.01338337336,-0.42590442997
1.79816829669,-2.63698840339,-1.27828100717,-0.17774740560,0.81449889138,-0.40561036660,-0.88217134349,0.88940152482,-0.66990615482,-0.22924022500,-0.41041551242,0.51119829254
-0.57742188240,-2.09595412299,-0.46605442661,0.32940688150,0.55552809054,-0.59310194841,-0.80114695965,0.77834725752,1.26325196676,-1.34627407980,-1.27003258997,-0.18528634097
-0.12156084119,0.30179191670,0.52847903068,-0.38229345225,-0.00479560979,-0.90489776701,1.28542523696,-0.30501810925,1.36735659700,-0.19898764518,0.29210977391,-0.59050912188
1.05399934682,0.33922789960,-0.72754091950,1.18180660123,0.07727106456,1.06415954178,-1.67895416686,0.88426334010,0.54492532049,-0.84844783527,0.15918929541,1.22785219381
0.04488478544,-0.98035386659,-1.54099262129,-1.58415207084,0.62731657015,-1.53953305608,1.04166192445,-0.11098638556,1.21247711226,-0.46928956081,1.93028732658,-0.81468975338
0.08639886552,-2.03473463932,-0.38316558728,0.57658745330,-0.74942168496,-1.42568686123,0.65636766062,0.64091032347,2.31268723930,1.04181577698,0.45359166255,-1.16295609052
-0.11790906286,1.53562416553,1.02636293066,0.26192854023,-0.33756502570,0.88735669955,0.16704774495,-0.38182003270,1.54355135482,2.29584632876,0.15423562490,-0.36243545295
0.16589746864,-0.44096485455,0.85651759783,-0.52187329011,-0.89497511919,0.09766582567,-0.53301663170,-0.03236394887,0.85712607916,-0.25617816800,-0.86306520988,-1.03252161275
1.34141218548,-0.70132583876,2.37887089537,-0.20302088707,0.96782061928,0.60212938305,-0.11843639057,-1.14647743529,-1.66728243819,1.36578613195,-1.58393478922,-0.13527569183
-0.69837520848,-0.38736394463,0.93262422838,-0.33778023886,-1.74696756106,-0.66490352448,0.63649591838,-0.93711265714,-1.28062801939,0.79530807029,0.66175765541,-1.03357152229
1.44508942017,-0.85856457305,-0.35886705144,-1.64859963255,-0.46595194439,-1.18628331790,0.95081419958,0.24080857258,-1.33125431329,0.20595320000,0.41806757807,0.07233548014
0.63052328582,-1.06349790274,-0.69291929556,0.03178066678,-0.90551267818,0.12013030928,-0.60802629115,-0.70386731403,-1.39408727622,-0.13289912798,1.17912303668,-0.17555048709
0.04024153552,0.12944606241,0.56117435524,0.21778459366,-0.81640021515,0.07116136858,-1.05289051071,0.27291445225,1.03948774863,-0.05044699488,0.18575117847,-0.38088026124
-1.87176378898,1.85543125375,0.43684440275,0.00155919958,0.49000651393,0.38326914031,0.76690474922,-0.58617188515,0.70080085850,0.21005660368,0.14871492490,-0.62893879604
-0.07034629540,0.23151497127,0.84395836689,-0.11669807725,-1.04772842342,0.22292696935,0.18793261635,-0.94343668943,-0.17973013506,-0.23300720570,0.04828195243,-0.82937523708
-1.02948180233,1.43387068215,-1.29675803729,-0.82627233756,-0.01875757480,0.79663229307,-0.03738265147,0.04116766881,-0.53676514481,-0.58394036099,0.66985595729,0.09996468565
0.77823609104,0.25043660590,0.46999932199,0.51087328256,-0.56915000117,0.41955965034,0.33174033392,-0.27961778766,-0.68509668041,0.77393691627,-0.51022823935,0.48828118364
-0.38789833048,0.51448143496,0.17362135590,-0.33148172662,-1.16965347260,1.29356056092,-1.42684234643,-0.70700010696,-1.29653156957,-1.48492710008,0.59476054918,-1.11655253648
1.50196192446,-2.62466864210,-0.42253304347,-1.51713294600,-0.25522971612,-0.65045107273,0.79640623756,0.24769918225,-0.45307679015,0.47608452600,-0.80794307746,-1.61212251644
-0.83919740743,0.13193861122,0.21793158745,1.41719110478,-0.42865143069,-0.88762339251,-0.39667177517,0.32833422194,-0.78682966657,-0.56026695885,0.74054353959,0.07425570860
0.08485974722,-0.87634344963,-0.16704184616,-0.82442049172,0.39569617375,-0.44620799233,1.36156206480,-0.62212455987,-0.71576844557,-1.08844489539,-0.93851176367,-0.77399340294
-0.65742561023,-1.02869925151,0.32634321229,-0.56408719367,1.89663733656,-0.15452486087,-0.43630824540,-0.91625293264,-0.09616396875,-0.60374651875,0.29731655977,0.13216773272
1.43068940617,-1.66684237379,0.03578203265,-0.42870590140,-0.77466387436,-0.93365491779,-0.65636801209,1.25177894717,0.97706320145,0.12690634591,-0.33236492741,-0.11345253137
0.03126106716,-1.01656811632,-1.35899694742,0.13572415963,-0.90017481388,0.98442981850,-1.48110953258,0.06735102006,-0.20350330949,-0.68190775361,0.50669452830,-0.89479383101
-1.06493133534,2.17511228888,0.18673234925,-0.61821309031,-1.17478886153,-0.13420552733,-0.24841739906,0.73503255664,1.14881481010,-0.15477756717,-0.00657223434,-0.84809621203
1.03405763849,-1.59638775830,-0.65997982183,0.30118361389,-0.30975733479,-0.36811528483,0.53842683706,-0.68157815185,1.04633707778,1.22277682943,1.01229405059,0.11276665429
-0.90473862570,1.01753479977,-0.77616129897,0.87018322367,0.07118373069,1.02568687815,1.47274318575,0.07125821907,-0.47657205116,0.28793044856,-1.50722665386,-0.28166495190
0.04414816947,-1.22027643952,-1.22136840070,-0.00828243340,-0.49285922723,-0.44722201925,-0.84150257598,0.92786381862,0.57435707401,0.21322664068,0.77545441478,-0.34754893081
-0.38869403590,-1.33689421664,0.31095068844,1.12068372344,0.42927801869,-0.67754371429,-0.32936416318,-0.23816471393,-0.16739313112,0.24233927837,0.28667379481,-0.01231853149
-0.74891088957,-0.52617641697,0.99961307723,1.65417497507,1.21760064683,-0.55669181158,-0.00322174834,-1.18618305598,1.07356478155,-1.98376785314,-0.10738685423,-0.44272194002
0.14504499299,0.43021207534,-0.42836243829,-0.77298142326,-0.63560735462,0.59355085246,0.87274771220,-1.04183640555,-0.15218753008,0.29835014399,0.19478845918,-0.16095065655
-1.57442091575,0.22422921700,-0.22905741030,0.90740615493,1.18195307080,-1.11655987966,-1.59625879418,0.88650977314,0.88916829797,0.56528476966,2.76832510488,0.02862365673
