1.009222507476806641e+00
1.877389788627624512e+00
2.100320339202880859e+00
1.996280670166015625e+00
1.701608896255493164e+00
1.307622790336608887e+00
8.922999501228332520e-01
5.119845271110534668e-01
2.172067165374755859e-01
4.189506173133850098e-02
1.152374267578125000e+00
2.404730319976806641e+00
2.999913454055786133e+00
3.150801658630371094e+00
2.938282966613769531e+00
2.440389633178710938e+00
1.779001355171203613e+00
1.071465730667114258e+00
4.700306653976440430e-01
8.964590728282928467e-02
6.321794986724853516e-01
1.437210321426391602e+00
1.737198591232299805e+00
1.708944320678710938e+00
1.482347726821899414e+00
1.151406168937683105e+00
7.898623943328857422e-01
4.553390145301818848e-01
1.935306340456008911e-01
3.772648796439170837e-02
7.526752352714538574e-01
1.887637615203857422e+00
2.521349191665649414e+00
2.729602575302124023e+00
2.585534334182739258e+00
2.165840387344360352e+00
1.587964653968811035e+00
9.589983224868774414e-01
4.217207133769989014e-01
7.985726743936538696e-02
4.980682432651519775e-01
1.162301898002624512e+00
1.443351387977600098e+00
1.445602536201477051e+00
1.269037604331970215e+00
9.935511946678161621e-01
6.859214901924133301e-01
3.967791497707366943e-01
1.695691794157028198e-01
3.269334509968757629e-02
6.016678810119628906e-01
1.549797177314758301e+00
2.120473384857177734e+00
2.333196401596069336e+00
2.234260559082031250e+00
1.885258674621582031e+00
1.391215562820434570e+00
8.427321314811706543e-01
3.724898099899291992e-01
6.937196105718612671e-02
4.103726446628570557e-01
9.549765586853027344e-01
1.192047595977783203e+00
1.202203750610351562e+00
1.062854409217834473e+00
8.379718661308288574e-01
5.820792913436889648e-01
3.391978740692138672e-01
1.449753344058990479e-01
2.869617938995361328e-02
4.982176721096038818e-01
1.281333804130554199e+00
1.764072656631469727e+00
1.954625606536865234e+00
1.885754942893981934e+00
1.603629827499389648e+00
1.190951943397521973e+00
7.263010740280151367e-01
3.211679458618164062e-01
6.083367764949798584e-02
3.354158401489257812e-01
7.707195281982421875e-01
9.567948579788208008e-01
9.655858278274536133e-01
8.577251434326171875e-01
6.803965568542480469e-01
4.766395092010498047e-01
2.795240283012390137e-01
1.202286407351493835e-01
2.366481348872184753e-02
4.070754647254943848e-01
1.034942507743835449e+00
1.420610189437866211e+00
1.578079223632812500e+00
1.531445860862731934e+00
1.313004374504089355e+00
9.837591648101806641e-01
6.051303744316101074e-01
2.685816287994384766e-01
5.122483149170875549e-02
2.627834677696228027e-01
5.886496305465698242e-01
7.243029475212097168e-01
7.296592593193054199e-01
6.503311395645141602e-01
5.212610960006713867e-01
3.681022524833679199e-01
2.190828174352645874e-01
9.508937597274780273e-02
1.931668259203433990e-02
3.178435564041137695e-01
7.920516133308410645e-01
1.078220486640930176e+00
1.196340560913085938e+00
1.167192101478576660e+00
1.009477019309997559e+00
7.664729952812194824e-01
4.764237105846405029e-01
2.139909416437149048e-01
3.970135748386383057e-02
1.903019547462463379e-01
4.120992124080657959e-01
4.985418617725372314e-01
5.000168085098266602e-01
4.471342861652374268e-01
3.607164025306701660e-01
2.592663466930389404e-01
1.561248898506164551e-01
6.891739368438720703e-02
1.337950211018323898e-02
2.277289181947708130e-01
5.502577424049377441e-01
7.406269907951354980e-01
8.217442631721496582e-01
8.064231872558593750e-01
7.062571048736572266e-01
5.446275472640991211e-01
3.459113240242004395e-01
1.582642495632171631e-01
3.018471598625183105e-02
1.168178692460060120e-01
2.428897917270660400e-01
2.906224429607391357e-01
2.907231152057647705e-01
2.608958482742309570e-01
2.132153064012527466e-01
1.550337821245193481e-01
9.764672070741653442e-02
4.356631636619567871e-02
1.056601479649543762e-02
1.404129564762115479e-01
3.256603777408599854e-01
4.326285719871520996e-01
4.781150221824645996e-01
4.713906049728393555e-01
4.168931841850280762e-01
3.281380534172058105e-01
2.129897922277450562e-01
9.806150943040847778e-02
1.801528781652450562e-02
5.406357347965240479e-02
1.065109968185424805e-01
1.253371238708496094e-01
1.249599680304527283e-01
1.123299598693847656e-01
9.244681149721145630e-02
6.830281019210815430e-02
4.346904158592224121e-02
2.247818559408187866e-02
4.287119023501873016e-03
6.624666601419448853e-02
1.427350342273712158e-01
1.863355189561843872e-01
2.059952765703201294e-01
2.034220248460769653e-01
1.814516186714172363e-01
1.452775001525878906e-01
9.513167291879653931e-02
4.736330360174179077e-02
4.284003749489784241e-03
8.455694653093814850e-03
1.918271370232105255e-02
2.380773425102233887e-02
2.411522157490253448e-02
2.189661376178264618e-02
1.865639537572860718e-02
1.325015071779489517e-02
1.052073109894990921e-02
4.287119023501873016e-03
4.287119023501873016e-03
1.263479702174663544e-02
2.792741172015666962e-02
3.655073419213294983e-02
3.937208279967308044e-02
3.879736363887786865e-02
3.403290733695030212e-02
2.770783565938472748e-02
1.754517853260040283e-02
4.284003749489784241e-03
0.000000000000000000e+00
2.299867868423461914e+00
2.516186714172363281e+00
2.511453866958618164e+00
2.284818410873413086e+00
1.908316254615783691e+00
1.451834678649902344e+00
9.853587746620178223e-01
5.635793209075927734e-01
2.393412590026855469e-01
4.564800858497619629e-02
2.493110895156860352e+00
3.140434980392456055e+00
3.527870416641235352e+00
3.563965797424316406e+00
3.265524387359619141e+00
2.689157247543334961e+00
1.951470136642456055e+00
1.172411561012268066e+00
5.150169134140014648e-01
9.738480299711227417e-02
3.217509508132934570e+00
3.073909997940063477e+00
2.858103275299072266e+00
2.513608694076538086e+00
2.065410137176513672e+00
1.559584379196166992e+00
1.054774641990661621e+00
6.027399301528930664e-01
2.556525468826293945e-01
4.891267418861389160e-02
3.455782413482666016e+00
3.776201725006103516e+00
3.964771270751953125e+00
3.886001825332641602e+00
3.512213468551635742e+00
2.874267101287841797e+00
2.081325769424438477e+00
1.249653458595275879e+00
5.489271283149719238e-01
1.037575379014015198e-01
3.620544433593750000e+00
3.352242469787597656e+00
3.025048971176147461e+00
2.614203691482543945e+00
2.128938674926757812e+00
1.601964473724365234e+00
1.083398103713989258e+00
6.195892691612243652e-01
2.629835307598114014e-01
5.020451173186302185e-02
3.875468969345092773e+00
4.092491149902343750e+00
4.172064781188964844e+00
4.024934768676757812e+00
3.611860036849975586e+00
2.951440572738647461e+00
2.138407468795776367e+00
1.287137627601623535e+00
5.661543011665344238e-01
1.079032123088836670e-01
3.619129896163940430e+00
3.319437265396118164e+00
2.963401317596435547e+00
2.543064355850219727e+00
2.066469192504882812e+00
1.556878924369812012e+00
1.056699991226196289e+00
6.065435409545898438e-01
2.581021189689636230e-01
4.914088919758796692e-02
3.869327783584594727e+00
4.043532371520996094e+00
4.080385208129882812e+00
3.914573907852172852e+00
3.511014461517333984e+00
2.878259181976318359e+00
2.094832420349121094e+00
1.268085002899169922e+00
5.597403049468994141e-01
1.075321957468986511e-01
3.280839443206787109e+00
3.000477075576782227e+00
2.670214176177978516e+00
2.289911508560180664e+00
1.865635633468627930e+00
1.413462877273559570e+00
9.665915966033935547e-01
5.589751005172729492e-01
2.387808710336685181e-01
4.554113000631332397e-02
3.506810188293457031e+00
3.654761791229248047e+00
3.679923772811889648e+00
3.533531665802001953e+00
3.183987617492675781e+00
2.629465103149414062e+00
1.931634187698364258e+00
1.179891109466552734e+00
5.243324041366577148e-01
1.013836264610290527e-01
2.678322553634643555e+00
2.447567939758300781e+00
2.177671432495117188e+00
1.873140096664428711e+00
1.535224437713623047e+00
1.172674655914306641e+00
8.125075101852416992e-01
4.747501313686370850e-01
2.049227803945541382e-01
3.829920291900634766e-02
2.863608598709106445e+00
2.984785318374633789e+00
3.010580539703369141e+00
2.904028177261352539e+00
2.637080192565917969e+00
2.206995010375976562e+00
1.641358733177185059e+00
1.019797682762145996e+00
4.582056105136871338e-01
9.107616543769836426e-02
1.930617928504943848e+00
1.765135169029235840e+00
1.573955297470092773e+00
1.358829498291015625e+00
1.121915459632873535e+00
8.680500388145446777e-01
6.105723381042480469e-01
3.641982972621917725e-01
1.599366813898086548e-01
3.050368651747703552e-02
2.065051794052124023e+00
2.155442237854003906e+00
2.180282115936279297e+00
2.114943027496337891e+00
1.939390540122985840e+00
1.643407225608825684e+00
1.248607873916625977e+00
7.897577881813049316e-01
3.619629740715026855e-01
6.997163593769073486e-02
1.154991626739501953e+00
1.056077361106872559e+00
9.424324035644531250e-01
8.177180886268615723e-01
6.803037524223327637e-01
5.314818024635314941e-01
3.817749619483947754e-01
2.324635535478591919e-01
1.028275564312934875e-01
1.893968507647514343e-02
1.235685586929321289e+00
1.291727662086486816e+00
1.311350584030151367e+00
1.280263543128967285e+00
1.184936046600341797e+00
1.021477937698364258e+00
7.900868058204650879e-01
5.237385034561157227e-01
2.444837093353271484e-01
5.765319615602493286e-02
5.047984719276428223e-01
4.619059860706329346e-01
4.136660695075988770e-01
3.587921559810638428e-01
2.993650436401367188e-01
2.365609705448150635e-01
1.729827076196670532e-01
1.058270409703254700e-01
5.063034221529960632e-02
4.579506814479827881e-03
5.412753224372863770e-01
5.664530396461486816e-01
5.764306187629699707e-01
5.648887753486633301e-01
5.265244841575622559e-01
4.589819610118865967e-01
3.621527850627899170e-01
2.445146888494491577e-01
1.327521055936813354e-01
2.531894855201244354e-02
9.627693891525268555e-02
8.756478130817413330e-02
7.717513293027877808e-02
6.796751171350479126e-02
5.709595605731010437e-02
4.383914917707443237e-02
3.299187123775482178e-02
1.942213065922260284e-02
4.579506814479827881e-03
0.000000000000000000e+00
1.025748476386070251e-01
1.073822602629661560e-01
1.099518612027168274e-01
1.086890175938606262e-01
1.018687561154365540e-01
9.126811474561691284e-02
7.001143693923950195e-02
5.766747891902923584e-02
2.531894855201244354e-02
2.531894855201244354e-02
