5.149068832397460938e-01 4.511449038982391357e-01
5.217167735099792480e-01 4.984822273254394531e-01
5.279736518859863281e-01 4.929168820381164551e-01
4.384577870368957520e-01 5.655612945556640625e-01
4.937972724437713623e-01 5.524175167083740234e-01
4.990546405315399170e-01 5.530865788459777832e-01
5.960101485252380371e-01 4.470751285552978516e-01
5.126833915710449219e-01 5.560110211372375488e-01
4.367636740207672119e-01 4.814191460609436035e-01
4.342937767505645752e-01 5.140810012817382812e-01
4.107403159141540527e-01 4.680478274822235107e-01
4.868462681770324707e-01 4.150243103504180908e-01
4.737809300422668457e-01 4.617269635200500488e-01
5.212568640708923340e-01 4.061722159385681152e-01
4.681672155857086182e-01 4.837725162506103516e-01
4.286368787288665771e-01 5.233283638954162598e-01
5.669498443603515625e-01 5.264216065406799316e-01
4.320624768733978271e-01 4.649250805377960205e-01
4.121724963188171387e-01 4.880353212356567383e-01
5.506469011306762695e-01 4.977671802043914795e-01
5.934471487998962402e-01 5.004398226737976074e-01
5.374640822410583496e-01 4.659630954265594482e-01
4.108364880084991455e-01 4.133408069610595703e-01
5.856450796127319336e-01 5.332740545272827148e-01
4.951463639736175537e-01 5.851669311523437500e-01
5.858453512191772461e-01 4.736240506172180176e-01
5.446659326553344727e-01 5.782664418220520020e-01
4.093119800090789795e-01 4.117649793624877930e-01
4.650921523571014404e-01 5.067234635353088379e-01
5.926696658134460449e-01 5.910331010818481445e-01
5.240229964256286621e-01 5.577186942100524902e-01
4.803273677825927734e-01 5.406289100646972656e-01
4.876120686531066895e-01 4.008876383304595947e-01
5.956018567085266113e-01 5.672621726989746094e-01
4.603618681430816650e-01 5.773473381996154785e-01
5.611090660095214844e-01 5.318790078163146973e-01
5.066588521003723145e-01 5.976917147636413574e-01
4.205108284950256348e-01 5.288774967193603516e-01
5.163468718528747559e-01 4.617317020893096924e-01
5.220670104026794434e-01 4.943441152572631836e-01
4.166840612888336182e-01 4.118789732456207275e-01
5.648998022079467773e-01 4.812332987785339355e-01
4.026230871677398682e-01 5.180392265319824219e-01
5.358750224113464355e-01 5.337980985641479492e-01
4.628330767154693604e-01 5.557926893234252930e-01
5.609219670295715332e-01 5.663033723831176758e-01
4.134650528430938721e-01 4.137957990169525146e-01
5.133883357048034668e-01 4.515994787216186523e-01
5.944514274597167969e-01 4.744540154933929443e-01
5.108762383460998535e-01 4.413047134876251221e-01
5.974897742271423340e-01 4.075441956520080566e-01
5.955489277839660645e-01 5.973977446556091309e-01
5.623446106910705566e-01 4.552004039287567139e-01
4.404172301292419434e-01 5.482849478721618652e-01
5.535616874694824219e-01 4.266811907291412354e-01
4.551708996295928955e-01 4.334663748741149902e-01
5.172237753868103027e-01 5.540999770164489746e-01
5.138646364212036133e-01 4.591614305973052979e-01
5.925424695014953613e-01 4.758231937885284424e-01
4.369762837886810303e-01 4.201544225215911865e-01
5.229512453079223633e-01 4.694756567478179932e-01
5.070831179618835449e-01 5.682950019836425781e-01
5.216494202613830566e-01 4.331451654434204102e-01
4.996500909328460693e-01 5.775030851364135742e-01
4.407002329826354980e-01 4.091924726963043213e-01
5.902164578437805176e-01 5.569064021110534668e-01
5.368785858154296875e-01 4.670027792453765869e-01
5.862436890602111816e-01 5.554205775260925293e-01
4.935131072998046875e-01 4.852120578289031982e-01
5.468750596046447754e-01 4.534192085266113281e-01
5.217654705047607422e-01 4.728227555751800537e-01
5.053389668464660645e-01 4.311135411262512207e-01
4.032056927680969238e-01 4.665357768535614014e-01
5.303813815116882324e-01 4.137029647827148438e-01
4.018631577491760254e-01 4.103381037712097168e-01
4.932342469692230225e-01 5.052325129508972168e-01
5.073781609535217285e-01 5.898235440254211426e-01
5.378625392913818359e-01 5.499696135520935059e-01
4.035886526107788086e-01 4.544887244701385498e-01
4.049246609210968018e-01 4.773754775524139404e-01
4.582338035106658936e-01 5.959867238998413086e-01
5.606065392494201660e-01 5.112068057060241699e-01
5.187774896621704102e-01 5.504820346832275391e-01
4.144648611545562744e-01 5.573899745941162109e-01
4.502103030681610107e-01 5.173711776733398438e-01
5.121268033981323242e-01 5.400983095169067383e-01
4.926314353942871094e-01 5.537799596786499023e-01
4.314723312854766846e-01 5.509908795356750488e-01
4.868080914020538330e-01 4.306794703006744385e-01
4.042391180992126465e-01 4.638162851333618164e-01
4.265396893024444580e-01 4.596539735794067383e-01
4.849182069301605225e-01 5.466498136520385742e-01
5.443871021270751953e-01 4.687496125698089600e-01
5.911139845848083496e-01 4.670518338680267334e-01
4.527367651462554932e-01 4.327818155288696289e-01
5.758436322212219238e-01 5.611534714698791504e-01
4.599398970603942871e-01 4.926351904869079590e-01
5.038850307464599609e-01 5.975932478904724121e-01
4.349074363708496094e-01 4.767546355724334717e-01
4.350076019763946533e-01 5.121693611145019531e-01
4.890514910221099854e-01 5.968551039695739746e-01
5.119440555572509766e-01 4.997968673706054688e-01
5.838208794593811035e-01 5.746498107910156250e-01
4.188205301761627197e-01 5.302215218544006348e-01
5.424360036849975586e-01 5.469427704811096191e-01
4.148583710193634033e-01 5.082010626792907715e-01
5.089027881622314453e-01 5.851322412490844727e-01
4.079031348228454590e-01 5.310991406440734863e-01
5.296667218208312988e-01 5.636742711067199707e-01
4.981026649475097656e-01 4.986355006694793701e-01
5.603892207145690918e-01 4.352647662162780762e-01
5.029658079147338867e-01 4.702088832855224609e-01
5.377098917961120605e-01 5.727933645248413086e-01
5.534654259681701660e-01 4.610404670238494873e-01
4.075441360473632812e-01 4.390804171562194824e-01
5.350654125213623047e-01 5.098299384117126465e-01
5.709147453308105469e-01 5.834739208221435547e-01
5.647381544113159180e-01 4.544712007045745850e-01
5.034056305885314941e-01 5.936948657035827637e-01
5.172513127326965332e-01 5.768703222274780273e-01
4.848659932613372803e-01 4.339199364185333252e-01
4.515253901481628418e-01 5.834850668907165527e-01
4.922949969768524170e-01 5.420579910278320312e-01
4.978245496749877930e-01 5.877255797386169434e-01
4.148240387439727783e-01 5.651821494102478027e-01
5.731087327003479004e-01 5.483903288841247559e-01
5.038686990737915039e-01 5.547969341278076172e-01
4.271946549415588379e-01 4.546896219253540039e-01
5.820118784904479980e-01 4.130467176437377930e-01
4.317269623279571533e-01 4.655118286609649658e-01
4.301243126392364502e-01 5.652824044227600098e-01
5.494415163993835449e-01 4.787848293781280518e-01
4.125813543796539307e-01 5.293560028076171875e-01
5.544446110725402832e-01 4.351594448089599609e-01
5.640084147453308105e-01 5.630988478660583496e-01
5.822196006774902344e-01 5.031998753547668457e-01
5.861946940422058105e-01 5.075948238372802734e-01
4.264323115348815918e-01 4.648381173610687256e-01
5.885624289512634277e-01 4.150502383708953857e-01
5.984357595443725586e-01 5.440764427185058594e-01
4.338223636150360107e-01 4.099309742450714111e-01
4.370999932289123535e-01 5.279285907745361328e-01
5.564883947372436523e-01 4.676814675331115723e-01
4.269352853298187256e-01 5.828987956047058105e-01
4.418154656887054443e-01 5.043532252311706543e-01
5.484894514083862305e-01 5.402876138687133789e-01
5.479599237442016602e-01 4.092230200767517090e-01
4.563409686088562012e-01 4.921966493129730225e-01
4.767679870128631592e-01 5.166055560111999512e-01
4.490472078323364258e-01 5.505480766296386719e-01
4.170692861080169678e-01 4.427662491798400879e-01
5.160262584686279297e-01 4.283472299575805664e-01
4.654307663440704346e-01 5.030796527862548828e-01
4.576968848705291748e-01 5.765668749809265137e-01
5.422173142433166504e-01 4.660016000270843506e-01
4.376661181449890137e-01 4.590474963188171387e-01
5.626361966133117676e-01 5.182922482490539551e-01
4.572261273860931396e-01 4.642974138259887695e-01
5.109204053878784180e-01 4.982104897499084473e-01
5.733261704444885254e-01 4.730182588100433350e-01
4.711644947528839111e-01 5.757866501808166504e-01
5.030828118324279785e-01 4.409720003604888916e-01
4.860816895961761475e-01 4.314395487308502197e-01
4.829047322273254395e-01 5.956687331199645996e-01
5.724952220916748047e-01 5.998826622962951660e-01
5.204230546951293945e-01 4.972805976867675781e-01
4.099277853965759277e-01 4.418722987174987793e-01
4.021837413311004639e-01 4.083380699157714844e-01
4.362632334232330322e-01 4.487763345241546631e-01
5.494571328163146973e-01 4.073848724365234375e-01
5.047815442085266113e-01 5.755546689033508301e-01
4.236949384212493896e-01 5.940306782722473145e-01
5.250344276428222656e-01 5.181761980056762695e-01
5.214453339576721191e-01 4.157816171646118164e-01
4.272040128707885742e-01 5.913487076759338379e-01
4.663823843002319336e-01 4.403258562088012695e-01
5.442174077033996582e-01 5.924304127693176270e-01
4.586181342601776123e-01 5.429062247276306152e-01
5.764487385749816895e-01 5.664209723472595215e-01
4.619341492652893066e-01 5.902564525604248047e-01
5.762851238250732422e-01 4.756495952606201172e-01
4.752567410469055176e-01 4.656533598899841309e-01
4.863062798976898193e-01 4.487600028514862061e-01
5.732685327529907227e-01 4.701968431472778320e-01
5.875868797302246094e-01 5.458794832229614258e-01
5.134897828102111816e-01 4.784222543239593506e-01
5.373769998550415039e-01 4.645238518714904785e-01
4.351385235786437988e-01 5.358083844184875488e-01
5.123858451843261719e-01 5.572813153266906738e-01
4.952791035175323486e-01 5.589687824249267578e-01
4.570761024951934814e-01 5.233259797096252441e-01
4.660044014453887939e-01 5.052449107170104980e-01
4.338163435459136963e-01 5.474079847335815430e-01
5.482581853866577148e-01 5.807521343231201172e-01
5.099074840545654297e-01 4.448246359825134277e-01
5.819371938705444336e-01 5.255035161972045898e-01
5.323010683059692383e-01 4.366058409214019775e-01
4.913083910942077637e-01 5.870442986488342285e-01
5.424844622611999512e-01 5.752195715904235840e-01
4.969802498817443848e-01 4.508724212646484375e-01
5.590831041336059570e-01 4.767273962497711182e-01
5.284826755523681641e-01 5.920598506927490234e-01
5.830854177474975586e-01 5.801764726638793945e-01
4.944337010383605957e-01 4.928892254829406738e-01
4.816043674945831299e-01 5.328616499900817871e-01
4.487363696098327637e-01 4.500063657760620117e-01
4.601247608661651611e-01 4.461885392665863037e-01
5.117796063423156738e-01 5.938346982002258301e-01
5.085180997848510742e-01 4.827542006969451904e-01
4.693636298179626465e-01 5.404488444328308105e-01
5.360522866249084473e-01 5.216277241706848145e-01
4.791090786457061768e-01 5.918105244636535645e-01
5.933956503868103027e-01 5.799213051795959473e-01
5.202478170394897461e-01 4.055372476577758789e-01
5.057492256164550781e-01 4.031801819801330566e-01
5.359537005424499512e-01 4.356737136840820312e-01
4.653018116950988770e-01 4.669459462165832520e-01
5.482069849967956543e-01 5.343520045280456543e-01
4.619710743427276611e-01 5.725893974304199219e-01
5.257620215415954590e-01 4.247359335422515869e-01
5.635824203491210938e-01 5.703970193862915039e-01
4.361453354358673096e-01 4.107962548732757568e-01
4.378335177898406982e-01 4.534118473529815674e-01
4.967069327831268311e-01 4.889349341392517090e-01
5.205464959144592285e-01 5.253174304962158203e-01
5.506972670555114746e-01 4.509395360946655273e-01
4.873264431953430176e-01 5.787165164947509766e-01
5.155819058418273926e-01 4.932538866996765137e-01
5.809870958328247070e-01 4.363389611244201660e-01
4.287073314189910889e-01 5.521447658538818359e-01
5.515578389167785645e-01 5.512361526489257812e-01
4.889524579048156738e-01 5.301637649536132812e-01
5.260086655616760254e-01 4.315983653068542480e-01
5.370134115219116211e-01 5.959972739219665527e-01
5.254328250885009766e-01 5.514665842056274414e-01
5.184708833694458008e-01 4.750124216079711914e-01
5.329706072807312012e-01 5.528132915496826172e-01
4.100152254104614258e-01 4.790313243865966797e-01
5.560883879661560059e-01 5.740914344787597656e-01
4.579472243785858154e-01 5.673666000366210938e-01
5.961160659790039062e-01 4.784136414527893066e-01
5.303225517272949219e-01 5.963669419288635254e-01
4.217785298824310303e-01 4.549833536148071289e-01
4.033742845058441162e-01 4.156272709369659424e-01
4.516499042510986328e-01 5.671540498733520508e-01
5.284321308135986328e-01 4.198027253150939941e-01
5.829269289970397949e-01 5.959381461143493652e-01
5.298351049423217773e-01 4.005870819091796875e-01
4.184135198593139648e-01 5.614263415336608887e-01
4.259547889232635498e-01 4.548916518688201904e-01
4.991661310195922852e-01 4.751034975051879883e-01
5.933301448822021484e-01 4.477547407150268555e-01
5.768432617187500000e-01 5.343742370605468750e-01
5.876887440681457520e-01 5.875995755195617676e-01
5.937535166740417480e-01 4.485913217067718506e-01
5.668845176696777344e-01 5.907467007637023926e-01
5.738333463668823242e-01 4.225302338600158691e-01
4.229593276977539062e-01 4.829510748386383057e-01
4.837027490139007568e-01 4.349899888038635254e-01
5.273709893226623535e-01 4.529833495616912842e-01
5.880811214447021484e-01 5.359994173049926758e-01
4.179799258708953857e-01 5.832741856575012207e-01
4.587447643280029297e-01 5.858140587806701660e-01
4.786739349365234375e-01 4.230519235134124756e-01
5.873301029205322266e-01 4.279371798038482666e-01
5.898985862731933594e-01 5.122317671775817871e-01
4.436851143836975098e-01 4.597846567630767822e-01
4.840009808540344238e-01 5.931170582771301270e-01
4.767577946186065674e-01 5.625581741333007812e-01
5.313386321067810059e-01 4.139841794967651367e-01
5.010830163955688477e-01 4.754858613014221191e-01
5.105143785476684570e-01 5.968997478485107422e-01
4.062750339508056641e-01 4.380849301815032959e-01
5.581214427947998047e-01 5.725588798522949219e-01
4.599614739418029785e-01 5.620264410972595215e-01
4.681280255317687988e-01 5.466207861900329590e-01
4.879226088523864746e-01 5.982269048690795898e-01
4.698745310306549072e-01 4.049551188945770264e-01
5.586385130882263184e-01 4.871849119663238525e-01
5.616140365600585938e-01 4.706184267997741699e-01
5.963237881660461426e-01 4.294014871120452881e-01
4.078079760074615479e-01 5.932176113128662109e-01
4.552846252918243408e-01 4.802113175392150879e-01
5.645644664764404297e-01 5.512329339981079102e-01
4.779652059078216553e-01 4.402998089790344238e-01
4.068528413772583008e-01 5.500441193580627441e-01
4.592807292938232422e-01 4.447810947895050049e-01
4.872626960277557373e-01 5.361729264259338379e-01
5.021890401840209961e-01 5.085622668266296387e-01
4.195138514041900635e-01 5.865433216094970703e-01
4.986445307731628418e-01 5.548605322837829590e-01
5.526858568191528320e-01 5.979778766632080078e-01
4.385304450988769531e-01 5.769714117050170898e-01
5.267948508262634277e-01 5.634341239929199219e-01
5.923632383346557617e-01 4.342971742153167725e-01
4.462789297103881836e-01 5.400245189666748047e-01
4.849238991737365723e-01 4.726549088954925537e-01
5.566202998161315918e-01 4.527768492698669434e-01
5.943630337715148926e-01 4.747505486011505127e-01
4.427511096000671387e-01 5.949131846427917480e-01
4.460702538490295410e-01 4.286400973796844482e-01
4.740960896015167236e-01 5.755609869956970215e-01
5.803446173667907715e-01 5.794806480407714844e-01
4.350731372833251953e-01 5.587543845176696777e-01
4.927563369274139404e-01 5.442956686019897461e-01
5.065035820007324219e-01 4.375801980495452881e-01
4.317064583301544189e-01 4.966359436511993408e-01
4.109007716178894043e-01 5.320609807968139648e-01
5.300873517990112305e-01 4.489064812660217285e-01
5.937917232513427734e-01 5.391908288002014160e-01
4.808575212955474854e-01 4.279427230358123779e-01
4.124677181243896484e-01 5.094355940818786621e-01
4.874064922332763672e-01 4.211692214012145996e-01
5.607869029045104980e-01 5.222128033638000488e-01
4.920144081115722656e-01 5.649166703224182129e-01
5.768359303474426270e-01 4.873511195182800293e-01
4.424920380115509033e-01 5.645155906677246094e-01
4.102474153041839600e-01 4.643770754337310791e-01
5.622448921203613281e-01 5.727455615997314453e-01
5.393900275230407715e-01 4.409934580326080322e-01
5.600558519363403320e-01 4.825412333011627197e-01
4.953939914703369141e-01 4.001908004283905029e-01
5.652987360954284668e-01 4.956951141357421875e-01
5.140872597694396973e-01 5.507909059524536133e-01
4.017622172832489014e-01 5.979284644126892090e-01
5.793522000312805176e-01 5.075551867485046387e-01
4.450202584266662598e-01 5.928560495376586914e-01
4.223483800888061523e-01 5.258646607398986816e-01
4.390794336795806885e-01 5.282677412033081055e-01
4.406637251377105713e-01 4.394104480743408203e-01
5.508489608764648438e-01 5.324769616127014160e-01
5.109401345252990723e-01 4.038436710834503174e-01
5.360841751098632812e-01 5.370498299598693848e-01
4.494054615497589111e-01 4.897774457931518555e-01
5.412275791168212891e-01 5.960116386413574219e-01
4.675099849700927734e-01 5.244393348693847656e-01
4.585843980312347412e-01 5.733018517494201660e-01
4.089794158935546875e-01 5.248148441314697266e-01
5.670340657234191895e-01 4.698083400726318359e-01
4.303584694862365723e-01 5.626336336135864258e-01
4.038140177726745605e-01 5.024698972702026367e-01
5.804068446159362793e-01 4.567079544067382812e-01
4.925168454647064209e-01 4.888753890991210938e-01
5.804710388183593750e-01 4.678905010223388672e-01
4.802398085594177246e-01 5.843213200569152832e-01
5.809288620948791504e-01 5.765445232391357422e-01
5.846403837203979492e-01 5.699192881584167480e-01
4.320480525493621826e-01 4.806055426597595215e-01
5.258806943893432617e-01 5.701882839202880859e-01
5.830551981925964355e-01 5.479176044464111328e-01
5.315645933151245117e-01 5.198663473129272461e-01
5.183213353157043457e-01 5.383220314979553223e-01
5.054016113281250000e-01 4.906865060329437256e-01
5.676730871200561523e-01 5.297335386276245117e-01
4.353370070457458496e-01 5.786556601524353027e-01
4.899728000164031982e-01 4.948987662792205811e-01
5.722080469131469727e-01 5.980171561241149902e-01
5.533663630485534668e-01 4.884013831615447998e-01
4.817008376121520996e-01 5.582917332649230957e-01
4.194308221340179443e-01 4.203586876392364502e-01
5.369805097579956055e-01 4.920725822448730469e-01
4.623404145240783691e-01 5.213116407394409180e-01
4.276640713214874268e-01 4.729082882404327393e-01
5.388398170471191406e-01 4.011993110179901123e-01
5.556522011756896973e-01 5.793356299400329590e-01
4.058998227119445801e-01 4.875742793083190918e-01
5.715098381042480469e-01 4.758618772029876709e-01
5.542619228363037109e-01 4.263407886028289795e-01
5.859043598175048828e-01 4.121363162994384766e-01
4.874102771282196045e-01 5.632607936859130859e-01
5.780521035194396973e-01 4.255497753620147705e-01
4.838229119777679443e-01 4.562469720840454102e-01
4.539338052272796631e-01 4.760908484458923340e-01
5.357335805892944336e-01 5.199884176254272461e-01
5.417662858963012695e-01 4.042795896530151367e-01
5.678704977035522461e-01 4.710783362388610840e-01
4.220596551895141602e-01 5.759233832359313965e-01
4.584353268146514893e-01 5.181851983070373535e-01
5.848340392112731934e-01 5.120480656623840332e-01
4.900428652763366699e-01 5.466803908348083496e-01
5.332797765731811523e-01 4.019732475280761719e-01
5.400159358978271484e-01 4.107819497585296631e-01
5.260429382324218750e-01 5.697184205055236816e-01
5.654169321060180664e-01 4.830055832862854004e-01
5.071464776992797852e-01 4.517783224582672119e-01
5.747677683830261230e-01 5.345795154571533203e-01
5.508523583412170410e-01 5.554577708244323730e-01
5.517317652702331543e-01 4.995928406715393066e-01
5.937749743461608887e-01 4.343496263027191162e-01
4.649028480052947998e-01 4.289837181568145752e-01
5.029475092887878418e-01 4.714501500129699707e-01
4.902724027633666992e-01 5.830497741699218750e-01
5.114114880561828613e-01 5.755277276039123535e-01
4.342616498470306396e-01 4.198730587959289551e-01
4.478413164615631104e-01 5.397829413414001465e-01
5.088962316513061523e-01 5.144442319869995117e-01
4.512711167335510254e-01 5.875250101089477539e-01
5.389157533645629883e-01 4.890892803668975830e-01
5.046265125274658203e-01 4.203568994998931885e-01
5.397322773933410645e-01 5.446082353591918945e-01
5.757873654365539551e-01 5.098455548286437988e-01
5.550803542137145996e-01 4.463770091533660889e-01
5.689750313758850098e-01 5.620474815368652344e-01
4.311140179634094238e-01 4.099670648574829102e-01
5.150097608566284180e-01 5.324621796607971191e-01
5.556570887565612793e-01 4.387423396110534668e-01
4.499414265155792236e-01 4.232585728168487549e-01
5.908352136611938477e-01 5.532180666923522949e-01
5.232627987861633301e-01 4.894740283489227295e-01
5.842079520225524902e-01 5.312801599502563477e-01
4.156282842159271240e-01 4.275649487972259521e-01
4.865215122699737549e-01 5.495614409446716309e-01
4.199895560741424561e-01 4.645673632621765137e-01
5.814168453216552734e-01 4.289897084236145020e-01
5.490968227386474609e-01 5.202249288558959961e-01
5.868303775787353516e-01 4.369496703147888184e-01
5.179956555366516113e-01 5.758509635925292969e-01
5.092031955718994141e-01 4.519123733043670654e-01
4.018548130989074707e-01 5.759000182151794434e-01
5.386155247688293457e-01 4.191104769706726074e-01
5.255436301231384277e-01 4.318839311599731445e-01
4.212266206741333008e-01 5.456352233886718750e-01
4.456250071525573730e-01 4.493590593338012695e-01
5.756676197052001953e-01 4.923806488513946533e-01
4.921028017997741699e-01 5.215794444084167480e-01
4.235268235206604004e-01 4.423362016677856445e-01
5.814570784568786621e-01 5.426185131072998047e-01
5.836505889892578125e-01 4.427284002304077148e-01
5.853834748268127441e-01 4.019092619419097900e-01
5.041307210922241211e-01 5.708742737770080566e-01
4.634583890438079834e-01 5.367066860198974609e-01
5.512610673904418945e-01 4.307521581649780273e-01
4.771171510219573975e-01 5.283027291297912598e-01
4.706975519657135010e-01 5.081509947776794434e-01
4.020523428916931152e-01 4.159956574440002441e-01
5.179147720336914062e-01 5.768768787384033203e-01
5.080038905143737793e-01 4.652718007564544678e-01
4.065030515193939209e-01 4.517557621002197266e-01
4.622162282466888428e-01 4.135015308856964111e-01
5.652128458023071289e-01 5.536565780639648438e-01
4.778206944465637207e-01 5.245380401611328125e-01
5.949685573577880859e-01 4.616465866565704346e-01
5.227928161621093750e-01 4.712914526462554932e-01
5.313774347305297852e-01 5.665704011917114258e-01
4.869454503059387207e-01 5.375537872314453125e-01
4.850114881992340088e-01 5.439835190773010254e-01
4.913390576839447021e-01 5.430160760879516602e-01
4.206850528717041016e-01 4.043139517307281494e-01
5.694969296455383301e-01 5.979779958724975586e-01
4.486893117427825928e-01 5.082631707191467285e-01
4.685043990612030029e-01 4.690024554729461670e-01
5.491840839385986328e-01 4.987588226795196533e-01
5.158450007438659668e-01 4.588526189327239990e-01
4.769008457660675049e-01 4.407502114772796631e-01
5.387858152389526367e-01 5.372041463851928711e-01
5.625342130661010742e-01 5.148520469665527344e-01
4.284926950931549072e-01 5.172030925750732422e-01
4.498986601829528809e-01 4.679414033889770508e-01
5.665792226791381836e-01 5.734403729438781738e-01
5.809834599494934082e-01 4.093522727489471436e-01
4.912387132644653320e-01 5.349125266075134277e-01
4.806512296199798584e-01 5.431273579597473145e-01
4.937683641910552979e-01 4.750766158103942871e-01
4.032790362834930420e-01 4.444541037082672119e-01
4.296724796295166016e-01 5.561625957489013672e-01
5.195080041885375977e-01 4.150868356227874756e-01
5.226146578788757324e-01 4.967932403087615967e-01
5.696930885314941406e-01 5.335122346878051758e-01
5.809677243232727051e-01 5.507715344429016113e-01
4.527747333049774170e-01 4.758885502815246582e-01
4.840101301670074463e-01 4.789963066577911377e-01
5.768151283264160156e-01 4.099110364913940430e-01
4.966743290424346924e-01 5.146747231483459473e-01
5.147211551666259766e-01 5.890504121780395508e-01
5.849498510360717773e-01 4.724619984626770020e-01
5.899711251258850098e-01 4.186942875385284424e-01
4.636754691600799561e-01 4.439663589000701904e-01
4.191331863403320312e-01 4.809348881244659424e-01
4.557340443134307861e-01 5.529367327690124512e-01
4.905099272727966309e-01 4.623714387416839600e-01
5.753892660140991211e-01 5.501810908317565918e-01
5.096182823181152344e-01 5.620380043983459473e-01
4.144319295883178711e-01 5.623636841773986816e-01
4.924428761005401611e-01 5.014374256134033203e-01
4.647962152957916260e-01 5.643900036811828613e-01
5.454238057136535645e-01 4.706815481185913086e-01
5.087646245956420898e-01 5.723690986633300781e-01
5.920420885086059570e-01 4.888164699077606201e-01
4.046096801757812500e-01 4.331531226634979248e-01
4.039678275585174561e-01 5.298867821693420410e-01
5.413364171981811523e-01 4.041234850883483887e-01
5.642235875129699707e-01 4.394462108612060547e-01
4.543498158454895020e-01 4.938022792339324951e-01
4.182141125202178955e-01 4.561006724834442139e-01
4.350322782993316650e-01 4.417941272258758545e-01
5.179136395454406738e-01 5.768430829048156738e-01
4.003269076347351074e-01 5.168878436088562012e-01
4.772795140743255615e-01 4.811195731163024902e-01
5.442482233047485352e-01 5.569509863853454590e-01
4.925476014614105225e-01 5.765635371208190918e-01
5.460591316223144531e-01 5.359523296356201172e-01
5.754690766334533691e-01 5.781403183937072754e-01
5.815685391426086426e-01 5.438765287399291992e-01
5.915032625198364258e-01 4.233042299747467041e-01
4.993113279342651367e-01 4.870173037052154541e-01
5.058914422988891602e-01 4.387867152690887451e-01
4.581033587455749512e-01 5.950240492820739746e-01
4.909257590770721436e-01 5.198638439178466797e-01
5.614570379257202148e-01 5.682320594787597656e-01
5.433012247085571289e-01 5.563620328903198242e-01
5.789827108383178711e-01 5.354145169258117676e-01
4.476307034492492676e-01 5.815178751945495605e-01
5.319657921791076660e-01 4.586892426013946533e-01
4.390073716640472412e-01 4.494931697845458984e-01
5.896475315093994141e-01 4.275323748588562012e-01
4.700848460197448730e-01 4.534214437007904053e-01
5.437577962875366211e-01 5.230942368507385254e-01
4.277973175048828125e-01 5.055729746818542480e-01
4.555474519729614258e-01 4.597210288047790527e-01
4.026513695716857910e-01 5.444033145904541016e-01
4.411423504352569580e-01 5.539794564247131348e-01
5.120402574539184570e-01 4.553966522216796875e-01
5.179238319396972656e-01 4.246369302272796631e-01
4.197745025157928467e-01 4.636995792388916016e-01
4.536490738391876221e-01 4.791482985019683838e-01
4.133559763431549072e-01 4.774688780307769775e-01
4.768716096878051758e-01 4.698142707347869873e-01
5.388230681419372559e-01 4.218370914459228516e-01
4.313978254795074463e-01 4.114626944065093994e-01
5.799234509468078613e-01 4.342896342277526855e-01
5.692718029022216797e-01 5.584166049957275391e-01
4.004017114639282227e-01 5.641834139823913574e-01
4.261505007743835449e-01 5.269381999969482422e-01
4.841693639755249023e-01 4.192813336849212646e-01
4.681116640567779541e-01 5.872698426246643066e-01
5.528457760810852051e-01 5.555861592292785645e-01
5.127441287040710449e-01 4.753373265266418457e-01
5.409026741981506348e-01 5.803220868110656738e-01
5.693424344062805176e-01 4.165713489055633545e-01
5.661031603813171387e-01 4.651321768760681152e-01
5.731806755065917969e-01 4.319903552532196045e-01
5.379257202148437500e-01 5.702781677246093750e-01
5.441852211952209473e-01 4.778416156768798828e-01
4.937395751476287842e-01 4.068738520145416260e-01
4.449621140956878662e-01 5.004662871360778809e-01
4.403097927570343018e-01 4.720186889171600342e-01
4.273624718189239502e-01 4.310810267925262451e-01
5.486396551132202148e-01 5.707654953002929688e-01
5.618124604225158691e-01 4.417465627193450928e-01
5.683547854423522949e-01 4.511817693710327148e-01
4.859067499637603760e-01 4.853765070438385010e-01
4.162582159042358398e-01 4.716681838035583496e-01
4.937357902526855469e-01 5.937207937240600586e-01
5.901196599006652832e-01 5.127651095390319824e-01
4.295140206813812256e-01 5.954084396362304688e-01
5.081541538238525391e-01 5.520741939544677734e-01
4.793505370616912842e-01 4.417563080787658691e-01
4.873389005661010742e-01 5.019148588180541992e-01
5.242053866386413574e-01 4.263528585433959961e-01
5.929101705551147461e-01 4.175814986228942871e-01
4.331305027008056641e-01 4.255430400371551514e-01
4.443901777267456055e-01 4.098195731639862061e-01
4.903804063796997070e-01 4.748292565345764160e-01
4.728607535362243652e-01 5.897976756095886230e-01
5.964318513870239258e-01 4.573371708393096924e-01
5.597958564758300781e-01 5.411518812179565430e-01
5.723280310630798340e-01 4.566223621368408203e-01
4.712038040161132812e-01 5.708212256431579590e-01
4.952524900436401367e-01 5.936203002929687500e-01
4.272589683532714844e-01 5.137749314308166504e-01
5.115248560905456543e-01 5.503864288330078125e-01
4.294876456260681152e-01 4.486291408538818359e-01
4.256731569766998291e-01 4.918487071990966797e-01
4.599263370037078857e-01 5.475434064865112305e-01
5.906410813331604004e-01 5.416200160980224609e-01
5.063768625259399414e-01 5.791280269622802734e-01
4.350140690803527832e-01 4.306161999702453613e-01
5.192126631736755371e-01 4.046467244625091553e-01
5.699312090873718262e-01 4.319689571857452393e-01
4.174136817455291748e-01 5.760030150413513184e-01
4.997257292270660400e-01 4.655781686305999756e-01
5.451072454452514648e-01 5.951394438743591309e-01
4.852792918682098389e-01 4.444798231124877930e-01
4.214778542518615723e-01 5.599554777145385742e-01
4.265579879283905029e-01 5.872261524200439453e-01
4.533625841140747070e-01 5.433626770973205566e-01
4.871145784854888916e-01 5.491520166397094727e-01
5.642092227935791016e-01 4.027626216411590576e-01
4.781742691993713379e-01 4.546441435813903809e-01
5.334216356277465820e-01 4.404411613941192627e-01
5.599274635314941406e-01 4.088992178440093994e-01
5.940293073654174805e-01 4.612532854080200195e-01
5.134366750717163086e-01 5.909886360168457031e-01
5.513988137245178223e-01 4.829629957675933838e-01
5.940937399864196777e-01 4.671380221843719482e-01
5.966476798057556152e-01 4.990543723106384277e-01
4.008455276489257812e-01 4.972208738327026367e-01
4.488366544246673584e-01 5.756442546844482422e-01
5.226849913597106934e-01 4.416847527027130127e-01
5.987972021102905273e-01 5.110697150230407715e-01
5.953074693679809570e-01 5.878548622131347656e-01
4.202133715152740479e-01 5.392766594886779785e-01
4.637104868888854980e-01 5.046076774597167969e-01
5.686703324317932129e-01 4.471205174922943115e-01
5.520270466804504395e-01 4.116969406604766846e-01
4.056381285190582275e-01 5.734701752662658691e-01
5.733995437622070312e-01 4.137717187404632568e-01
5.291089415550231934e-01 4.572488367557525635e-01
4.732119143009185791e-01 4.867834746837615967e-01
4.914840757846832275e-01 4.982838034629821777e-01
5.542469620704650879e-01 4.608928263187408447e-01
5.531259179115295410e-01 4.140367209911346436e-01
4.882455468177795410e-01 4.584736227989196777e-01
5.877876281738281250e-01 5.275231599807739258e-01
5.407457351684570312e-01 5.871180891990661621e-01
4.348434507846832275e-01 4.271032810211181641e-01
5.090523362159729004e-01 5.703575015068054199e-01
5.843299627304077148e-01 4.892233312129974365e-01
5.482200384140014648e-01 5.068438649177551270e-01
5.989757180213928223e-01 4.192657768726348877e-01
4.125915765762329102e-01 5.345457792282104492e-01
4.540296196937561035e-01 5.133819580078125000e-01
5.905208587646484375e-01 4.010866880416870117e-01
5.391018986701965332e-01 5.739011764526367188e-01
4.297806322574615479e-01 5.402684211730957031e-01
5.121857523918151855e-01 4.650223255157470703e-01
5.547782182693481445e-01 4.402404129505157471e-01
5.008900761604309082e-01 4.929006099700927734e-01
4.295278191566467285e-01 4.951093792915344238e-01
5.459728837013244629e-01 4.884423315525054932e-01
4.793803989887237549e-01 4.116813242435455322e-01
4.310230612754821777e-01 4.307952821254730225e-01
5.043011903762817383e-01 5.008828043937683105e-01
5.747506618499755859e-01 5.589156746864318848e-01
4.417884349822998047e-01 4.425326287746429443e-01
5.725061893463134766e-01 4.326685667037963867e-01
5.047646164894104004e-01 5.107031464576721191e-01
4.278480708599090576e-01 4.651333689689636230e-01
4.978049695491790771e-01 5.415732860565185547e-01
5.883067250251770020e-01 4.160449206829071045e-01
4.876123666763305664e-01 4.567499458789825439e-01
4.428925514221191406e-01 4.532218277454376221e-01
4.685159921646118164e-01 4.674745202064514160e-01
4.656358063220977783e-01 5.335381031036376953e-01
4.241197407245635986e-01 5.943263173103332520e-01
5.677341222763061523e-01 4.236547052860260010e-01
4.173554778099060059e-01 4.615458548069000244e-01
4.261077642440795898e-01 4.900211095809936523e-01
5.950472354888916016e-01 5.573413372039794922e-01
5.236797332763671875e-01 5.575814247131347656e-01
5.167797207832336426e-01 4.603476822376251221e-01
5.038453340530395508e-01 5.427704453468322754e-01
4.092895090579986572e-01 4.642204046249389648e-01
5.664492249488830566e-01 4.188152551651000977e-01
5.241808891296386719e-01 5.036932229995727539e-01
4.928053915500640869e-01 4.597969949245452881e-01
4.391028881072998047e-01 5.006049275398254395e-01
4.781797528266906738e-01 5.348306894302368164e-01
4.466409087181091309e-01 4.915592670440673828e-01
5.789920687675476074e-01 4.573663473129272461e-01
4.604627192020416260e-01 5.926545262336730957e-01
4.444777369499206543e-01 4.163251519203186035e-01
4.212799966335296631e-01 5.636295676231384277e-01
5.492944121360778809e-01 5.242453217506408691e-01
5.284793376922607422e-01 4.583114683628082275e-01
5.447435379028320312e-01 5.424346327781677246e-01
5.175164937973022461e-01 5.909082889556884766e-01
4.356724321842193604e-01 4.884685575962066650e-01
4.683765172958374023e-01 4.923182725906372070e-01
4.657441079616546631e-01 4.975354671478271484e-01
4.056451618671417236e-01 5.562180280685424805e-01
4.697813987731933594e-01 5.512634515762329102e-01
5.274647474288940430e-01 5.209551453590393066e-01
4.847652018070220947e-01 4.872291386127471924e-01
5.933215618133544922e-01 4.252538681030273438e-01
5.888764262199401855e-01 4.749076962471008301e-01
4.793057143688201904e-01 5.584790706634521484e-01
4.827764332294464111e-01 5.059099197387695312e-01
5.417459607124328613e-01 4.864118993282318115e-01
4.934206902980804443e-01 5.154824852943420410e-01
4.873934686183929443e-01 5.127310752868652344e-01
4.164489507675170898e-01 4.219466149806976318e-01
4.356945753097534180e-01 4.995643794536590576e-01
4.082590639591217041e-01 4.014815986156463623e-01
5.796146392822265625e-01 5.982852578163146973e-01
4.749803841114044189e-01 5.437038540840148926e-01
4.035759568214416504e-01 5.800176858901977539e-01
5.681017637252807617e-01 4.589644968509674072e-01
4.232951700687408447e-01 4.680674970149993896e-01
5.240116715431213379e-01 5.767610669136047363e-01
5.307968258857727051e-01 5.891165137290954590e-01
5.926151275634765625e-01 5.953538417816162109e-01
4.127107262611389160e-01 5.580018758773803711e-01
4.921160340309143066e-01 4.844599068164825439e-01
4.302160143852233887e-01 4.193280935287475586e-01
4.365652799606323242e-01 5.440281629562377930e-01
5.949324369430541992e-01 5.385385155677795410e-01
4.287077784538269043e-01 5.340659022331237793e-01
4.045353233814239502e-01 4.536027312278747559e-01
5.613232254981994629e-01 4.499527215957641602e-01
4.692705571651458740e-01 5.453354120254516602e-01
5.296303629875183105e-01 5.362662672996520996e-01
4.132408499717712402e-01 4.851321578025817871e-01
5.649756193161010742e-01 5.556184053421020508e-01
4.746853113174438477e-01 5.011141300201416016e-01
5.624067783355712891e-01 4.277172386646270752e-01
5.188346505165100098e-01 5.960595607757568359e-01
5.575354695320129395e-01 4.689007997512817383e-01
5.638419389724731445e-01 5.584058761596679688e-01
5.660247802734375000e-01 5.047096014022827148e-01
5.391779541969299316e-01 4.944379329681396484e-01
4.743731617927551270e-01 4.853410422801971436e-01
4.038833975791931152e-01 5.826308131217956543e-01
4.857963919639587402e-01 4.652357697486877441e-01
5.812689065933227539e-01 4.566015005111694336e-01
5.006645917892456055e-01 4.977743625640869141e-01
5.082862377166748047e-01 4.388594031333923340e-01
5.849294662475585938e-01 5.954709649085998535e-01
4.817952513694763184e-01 4.069523513317108154e-01
5.166004300117492676e-01 5.092601180076599121e-01
5.258538126945495605e-01 5.189949870109558105e-01
4.274155199527740479e-01 4.677438139915466309e-01
5.692576766014099121e-01 5.075170397758483887e-01
5.739954113960266113e-01 5.224173665046691895e-01
4.641089737415313721e-01 5.420969724655151367e-01
4.064152240753173828e-01 4.856131076812744141e-01
4.042097330093383789e-01 5.210722088813781738e-01
5.937840938568115234e-01 5.414506196975708008e-01
4.817611873149871826e-01 4.641813933849334717e-01
5.809704661369323730e-01 5.115997791290283203e-01
5.785871744155883789e-01 4.193913936614990234e-01
4.858000874519348145e-01 4.519879221916198730e-01
4.800280034542083740e-01 5.689308643341064453e-01
5.959107875823974609e-01 4.657404720783233643e-01
5.547078847885131836e-01 4.092808365821838379e-01
5.430387854576110840e-01 4.800561070442199707e-01
4.659100472927093506e-01 4.595404565334320068e-01
5.312373042106628418e-01 4.710350036621093750e-01
5.595769286155700684e-01 5.390190482139587402e-01
4.086993336677551270e-01 5.496996045112609863e-01
5.903905034065246582e-01 5.713031291961669922e-01
4.990653991699218750e-01 5.985120534896850586e-01
5.011982321739196777e-01 4.995510876178741455e-01
5.218252539634704590e-01 4.239609837532043457e-01
5.881626605987548828e-01 4.613946080207824707e-01
4.460753500461578369e-01 4.736905992031097412e-01
4.036384224891662598e-01 4.976635575294494629e-01
4.125742912292480469e-01 4.059577584266662598e-01
5.110313892364501953e-01 4.974454939365386963e-01
5.006616711616516113e-01 4.792365729808807373e-01
4.825397729873657227e-01 4.945725500583648682e-01
4.157080650329589844e-01 4.948775172233581543e-01
4.323276877403259277e-01 4.672267735004425049e-01
4.468765556812286377e-01 5.546376705169677734e-01
5.364732742309570312e-01 5.378520488739013672e-01
4.367617964744567871e-01 4.352835118770599365e-01
5.485299825668334961e-01 4.939542114734649658e-01
4.311928749084472656e-01 4.617225229740142822e-01
5.974057316780090332e-01 4.928176105022430420e-01
5.934004783630371094e-01 5.464851856231689453e-01
4.097698330879211426e-01 5.129230022430419922e-01
4.347637295722961426e-01 4.136672616004943848e-01
5.635260939598083496e-01 4.554292857646942139e-01
4.771596193313598633e-01 5.938417315483093262e-01
5.419867634773254395e-01 5.268527269363403320e-01
4.840395450592041016e-01 4.529814422130584717e-01
5.005956292152404785e-01 4.319276809692382812e-01
4.028600454330444336e-01 5.335894823074340820e-01
4.776436388492584229e-01 5.750561356544494629e-01
4.718290567398071289e-01 4.508453309535980225e-01
4.838604032993316650e-01 5.044787526130676270e-01
4.909103512763977051e-01 5.596806406974792480e-01
5.323363542556762695e-01 4.834209084510803223e-01
5.382295250892639160e-01 5.435185432434082031e-01
5.152615308761596680e-01 4.572265148162841797e-01
4.129134416580200195e-01 5.522777438163757324e-01
4.439973235130310059e-01 5.758263468742370605e-01
4.747202694416046143e-01 4.445245265960693359e-01
4.415351450443267822e-01 5.796195268630981445e-01
5.929262042045593262e-01 5.049169063568115234e-01
5.657970309257507324e-01 4.401836395263671875e-01
4.536658823490142822e-01 4.711748063564300537e-01
4.515855610370635986e-01 5.470026731491088867e-01
5.174500346183776855e-01 4.238228797912597656e-01
5.554467439651489258e-01 5.841499567031860352e-01
4.978477060794830322e-01 5.311449170112609863e-01
4.162116050720214844e-01 5.389496684074401855e-01
4.471753835678100586e-01 5.390674471855163574e-01
5.831710100173950195e-01 4.346312880516052246e-01
4.249959886074066162e-01 4.790531694889068604e-01
4.491994678974151611e-01 5.435532331466674805e-01
5.605994462966918945e-01 4.598218798637390137e-01
5.973426699638366699e-01 5.870570540428161621e-01
4.793655574321746826e-01 4.620507359504699707e-01
4.428452253341674805e-01 5.844135880470275879e-01
4.661168158054351807e-01 5.355258584022521973e-01
4.706363081932067871e-01 4.568893313407897949e-01
5.401933789253234863e-01 4.848712980747222900e-01
5.987083911895751953e-01 5.579121112823486328e-01
4.232082664966583252e-01 5.328130125999450684e-01
4.733712971210479736e-01 4.695981740951538086e-01
5.274214148521423340e-01 4.533708095550537109e-01
4.601393043994903564e-01 4.361492097377777100e-01
4.670720994472503662e-01 5.606114864349365234e-01
5.337587594985961914e-01 5.647109746932983398e-01
5.552621483802795410e-01 5.793578028678894043e-01
4.120888710021972656e-01 5.779640078544616699e-01
5.670488476753234863e-01 4.300004541873931885e-01
4.739492833614349365e-01 5.987544059753417969e-01
4.188505113124847412e-01 5.869688987731933594e-01
4.845522046089172363e-01 4.259799420833587646e-01
4.186803996562957764e-01 4.584998190402984619e-01
4.201696813106536865e-01 5.076362490653991699e-01
4.919098019599914551e-01 5.158101320266723633e-01
5.187072157859802246e-01 5.226607918739318848e-01
4.027158319950103760e-01 5.601269602775573730e-01
5.330796241760253906e-01 4.388626515865325928e-01
4.775827527046203613e-01 5.003374218940734863e-01
4.594941437244415283e-01 4.617632925510406494e-01
4.840068519115447998e-01 5.451773405075073242e-01
5.511922240257263184e-01 5.369310975074768066e-01
5.521358251571655273e-01 5.770840644836425781e-01
4.154214560985565186e-01 5.583941936492919922e-01
5.705852508544921875e-01 5.418125391006469727e-01
4.120287299156188965e-01 4.185053408145904541e-01
5.292289257049560547e-01 4.512118995189666748e-01
4.003350436687469482e-01 4.350947141647338867e-01
5.575991272926330566e-01 5.384368300437927246e-01
5.468037128448486328e-01 5.009618997573852539e-01
4.041136503219604492e-01 4.670767784118652344e-01
5.757787227630615234e-01 5.357816219329833984e-01
5.277581214904785156e-01 5.954225063323974609e-01
4.182060956954956055e-01 5.482401251792907715e-01
4.330445528030395508e-01 5.370565652847290039e-01
4.716557264328002930e-01 4.009459912776947021e-01
5.267394781112670898e-01 4.565191864967346191e-01
5.989263057708740234e-01 4.842010736465454102e-01
5.291414260864257812e-01 4.922895133495330811e-01
4.898718595504760742e-01 4.563136696815490723e-01
4.285241067409515381e-01 5.881838202476501465e-01
4.469029605388641357e-01 5.072785019874572754e-01
5.957642197608947754e-01 4.985538721084594727e-01
4.051643908023834229e-01 4.099029600620269775e-01
5.007150173187255859e-01 4.281670451164245605e-01
5.689398646354675293e-01 5.873093008995056152e-01
4.717798233032226562e-01 5.351848006248474121e-01
5.873982310295104980e-01 5.909056663513183594e-01
4.500348865985870361e-01 4.895432889461517334e-01
4.086477160453796387e-01 5.515961050987243652e-01
5.243701934814453125e-01 4.332959353923797607e-01
5.427831411361694336e-01 5.109081864356994629e-01
4.990200400352478027e-01 5.279990434646606445e-01
5.908207893371582031e-01 4.446833729743957520e-01
4.220450222492218018e-01 4.711942374706268311e-01
4.422615170478820801e-01 4.641295373439788818e-01
4.660921096801757812e-01 4.938332736492156982e-01
4.520452618598937988e-01 5.812964439392089844e-01
5.363873243331909180e-01 4.165849983692169189e-01
5.955223441123962402e-01 5.039063096046447754e-01
5.030049085617065430e-01 4.683403074741363525e-01
4.620558023452758789e-01 5.964053273200988770e-01
5.621866583824157715e-01 4.416908919811248779e-01
4.493791162967681885e-01 4.012503027915954590e-01
4.405800402164459229e-01 5.095989108085632324e-01
4.287767410278320312e-01 5.611219406127929688e-01
4.591248929500579834e-01 5.916121602058410645e-01
4.480280876159667969e-01 4.027296602725982666e-01
4.218193590641021729e-01 4.891061186790466309e-01
5.249968171119689941e-01 4.489211738109588623e-01
4.561621248722076416e-01 4.567958116531372070e-01
5.259833931922912598e-01 5.146080255508422852e-01
4.867735803127288818e-01 4.404999315738677979e-01
4.118049442768096924e-01 4.683329463005065918e-01
4.247108399868011475e-01 4.869601428508758545e-01
4.886880218982696533e-01 5.066120624542236328e-01
5.934911966323852539e-01 4.096344411373138428e-01
5.868890285491943359e-01 5.762060284614562988e-01
4.777589440345764160e-01 4.963406026363372803e-01
5.034381151199340820e-01 4.938596189022064209e-01
4.361238181591033936e-01 4.048706591129302979e-01
4.987890124320983887e-01 4.152986407279968262e-01
5.802932977676391602e-01 5.688617229461669922e-01
5.567510128021240234e-01 5.196907520294189453e-01
4.660751819610595703e-01 4.482968151569366455e-01
4.080649018287658691e-01 5.010965466499328613e-01
5.791213512420654297e-01 5.447396636009216309e-01
5.845301747322082520e-01 5.602074861526489258e-01
4.654256999492645264e-01 4.181538224220275879e-01
4.449220597743988037e-01 4.055077135562896729e-01
4.761580228805541992e-01 5.577914714813232422e-01
5.277608036994934082e-01 5.623904466629028320e-01
4.607220888137817383e-01 5.160278081893920898e-01
5.068857669830322266e-01 5.771932005882263184e-01
5.880787968635559082e-01 4.689860045909881592e-01
4.059476852416992188e-01 5.532887578010559082e-01
4.923318624496459961e-01 5.153779983520507812e-01
4.030874669551849365e-01 5.678527951240539551e-01
5.044998526573181152e-01 4.015060067176818848e-01
4.180452227592468262e-01 4.688180088996887207e-01
4.363525807857513428e-01 4.067870378494262695e-01
4.680532217025756836e-01 4.456178247928619385e-01
4.948320090770721436e-01 5.985466837882995605e-01
4.133078157901763916e-01 5.425870418548583984e-01
4.915253221988677979e-01 5.245177745819091797e-01
5.857193470001220703e-01 5.384613275527954102e-01
5.891429185867309570e-01 5.897990465164184570e-01
4.552062153816223145e-01 5.817908048629760742e-01
5.824834108352661133e-01 4.716171920299530029e-01
5.982939600944519043e-01 4.493345916271209717e-01
5.347764492034912109e-01 5.956944823265075684e-01
5.137991309165954590e-01 4.902296364307403564e-01
4.896447062492370605e-01 4.622140526771545410e-01
4.950749576091766357e-01 5.369297266006469727e-01
4.746031463146209717e-01 5.590148568153381348e-01
5.735356211662292480e-01 4.820373654365539551e-01
4.860393404960632324e-01 4.238242805004119873e-01
4.331610202789306641e-01 4.464603364467620850e-01
4.461897611618041992e-01 4.237463772296905518e-01
4.486908614635467529e-01 4.206210672855377197e-01
5.451499819755554199e-01 5.803363919258117676e-01
4.469985961914062500e-01 5.759727954864501953e-01
4.491133391857147217e-01 4.881600737571716309e-01
5.402362346649169922e-01 5.942959785461425781e-01
4.493277966976165771e-01 4.426453113555908203e-01
5.501117110252380371e-01 5.450935959815979004e-01
5.866298675537109375e-01 5.570029020309448242e-01
5.538926720619201660e-01 4.681271314620971680e-01
4.581478536128997803e-01 4.710225164890289307e-01
5.824878811836242676e-01 4.394255876541137695e-01
4.932000935077667236e-01 4.734120070934295654e-01
5.662779808044433594e-01 5.775616765022277832e-01
4.664930999279022217e-01 4.917677640914916992e-01
5.774580240249633789e-01 4.045507013797760010e-01
4.794241786003112793e-01 4.989019334316253662e-01
4.553098678588867188e-01 4.417294561862945557e-01
5.398789048194885254e-01 4.477132558822631836e-01
4.618639647960662842e-01 4.676122367382049561e-01
4.253119528293609619e-01 4.461180865764617920e-01
5.085031390190124512e-01 5.028302073478698730e-01
4.543651342391967773e-01 4.674535095691680908e-01
5.538769364356994629e-01 5.779063105583190918e-01
4.763208925724029541e-01 5.744816660881042480e-01
5.424602627754211426e-01 5.302883982658386230e-01
5.476669073104858398e-01 5.549138188362121582e-01
4.243726134300231934e-01 4.251581132411956787e-01
5.737581849098205566e-01 5.052024722099304199e-01
4.089801907539367676e-01 4.315150976181030273e-01
5.782975554466247559e-01 4.045872986316680908e-01
5.667400360107421875e-01 4.265950024127960205e-01
5.129702091217041016e-01 4.339269399642944336e-01
4.866687059402465820e-01 5.934605598449707031e-01
5.746358036994934082e-01 5.486831068992614746e-01
4.140937030315399170e-01 4.130956530570983887e-01
5.343787670135498047e-01 5.917966365814208984e-01
5.663197636604309082e-01 5.508360266685485840e-01
5.062797069549560547e-01 5.679923295974731445e-01
4.333001673221588135e-01 5.237166881561279297e-01
5.384914875030517578e-01 4.722231924533843994e-01
5.409299731254577637e-01 5.941429734230041504e-01
5.900532603263854980e-01 4.511485397815704346e-01
5.421645045280456543e-01 4.156312048435211182e-01
4.039896428585052490e-01 5.525314211845397949e-01
4.730210006237030029e-01 5.598281621932983398e-01
4.767967760562896729e-01 5.442690849304199219e-01
5.669567584991455078e-01 4.997531175613403320e-01
5.592097640037536621e-01 5.039024353027343750e-01
4.733532071113586426e-01 4.303783774375915527e-01
5.127868652343750000e-01 5.266827344894409180e-01
5.503308176994323730e-01 5.452719926834106445e-01
4.032054543495178223e-01 4.861318171024322510e-01
5.965439677238464355e-01 4.155364930629730225e-01
5.536503195762634277e-01 5.344269871711730957e-01
5.883564352989196777e-01 5.541247129440307617e-01
5.193623304367065430e-01 4.721605181694030762e-01
4.992129504680633545e-01 5.559802651405334473e-01
5.372281074523925781e-01 5.868951678276062012e-01
5.987535715103149414e-01 5.754113197326660156e-01
4.546515643596649170e-01 5.664674043655395508e-01
4.782517254352569580e-01 4.414472579956054688e-01
4.831321537494659424e-01 5.978571176528930664e-01
5.547968745231628418e-01 4.934232831001281738e-01
4.368717074394226074e-01 4.501946270465850830e-01
4.065096974372863770e-01 4.755000472068786621e-01
4.265634119510650635e-01 5.891616344451904297e-01
4.502664506435394287e-01 4.381079971790313721e-01
5.142509937286376953e-01 5.245870351791381836e-01
5.260800719261169434e-01 4.426705241203308105e-01
4.412662684917449951e-01 4.889429211616516113e-01
5.113567709922790527e-01 4.347580671310424805e-01
5.278228521347045898e-01 5.880176424980163574e-01
5.125302076339721680e-01 5.521763563156127930e-01
4.454467296600341797e-01 5.945613980293273926e-01
5.537994503974914551e-01 4.166355133056640625e-01
5.575190782546997070e-01 5.154898762702941895e-01
5.292906165122985840e-01 5.993847250938415527e-01
4.935480654239654541e-01 4.209469556808471680e-01
4.042083024978637695e-01 5.176790356636047363e-01
5.169494748115539551e-01 4.653886258602142334e-01
4.645535051822662354e-01 4.123576283454895020e-01
4.465440213680267334e-01 5.790529847145080566e-01
