6.457589149475097656e+00
4.834353923797607422e+00
3.158252954483032227e+00
1.884410977363586426e+00
1.074209928512573242e+00
5.941345691680908203e-01
3.123318552970886230e-01
1.462797224521636963e-01
5.385933443903923035e-02
8.501499891281127930e-03
7.284892082214355469e+00
6.773684024810791016e+00
5.094970703125000000e+00
3.005957841873168945e+00
1.289079904556274414e+00
2.926143705844879150e-01
-9.127874672412872314e-02
-1.341665685176849365e-01
-7.128748297691345215e-02
-1.441982202231884003e-02
4.834353923797607422e+00
2.800277948379516602e+00
1.587151169776916504e+00
1.237210869789123535e+00
1.227205395698547363e+00
1.125508189201354980e+00
8.416906595230102539e-01
4.912812709808349609e-01
2.043776512145996094e-01
3.812188282608985901e-02
6.773684024810791016e+00
7.432812690734863281e+00
6.411720275878906250e+00
4.374577522277832031e+00
2.364677190780639648e+00
1.009722352027893066e+00
3.374042510986328125e-01
9.581317752599716187e-02
2.272444777190685272e-02
7.034983485937118530e-03
3.158252954483032227e+00
1.587151169776916504e+00
9.308915138244628906e-01
9.830872416496276855e-01
1.184335589408874512e+00
1.160920381546020508e+00
8.905428647994995117e-01
5.286421179771423340e-01
2.226155251264572144e-01
4.343862831592559814e-02
5.094970703125000000e+00
6.411720275878906250e+00
6.500067710876464844e+00
5.513283729553222656e+00
4.073168277740478516e+00
2.705507040023803711e+00
1.629712104797363281e+00
8.628377914428710938e-01
3.513123989105224609e-01
6.928274035453796387e-02
1.884410977363586426e+00
1.237210869789123535e+00
9.830872416496276855e-01
9.033339023590087891e-01
8.203982114791870117e-01
6.655614972114562988e-01
4.632467925548553467e-01
2.666094601154327393e-01
1.116266772150993347e-01
2.338927425444126129e-02
3.005957841873168945e+00
4.374577522277832031e+00
5.513283729553222656e+00
5.957396984100341797e+00
5.546090126037597656e+00
4.450675487518310547e+00
3.056759595870971680e+00
1.734474658966064453e+00
7.230875492095947266e-01
1.419340968132019043e-01
1.074209928512573242e+00
1.227205395698547363e+00
1.184335589408874512e+00
8.203982114791870117e-01
3.732179403305053711e-01
7.336934655904769897e-02
-4.067255929112434387e-02
-4.401113837957382202e-02
-2.057758159935474396e-02
-2.650503534823656082e-03
1.289079904556274414e+00
2.364677190780639648e+00
4.073168277740478516e+00
5.546090126037597656e+00
5.993408679962158203e+00
5.260687351226806641e+00
3.798141479492187500e+00
2.202277183532714844e+00
9.264329671859741211e-01
1.777949482202529907e-01
5.941345691680908203e-01
1.125508189201354980e+00
1.160920381546020508e+00
6.655614972114562988e-01
7.336934655904769897e-02
-2.645201385021209717e-01
-3.121321201324462891e-01
-2.072940766811370850e-01
-8.888915181159973145e-02
-1.670296303927898407e-02
2.926143705844879150e-01
1.009722352027893066e+00
2.705507040023803711e+00
4.450675487518310547e+00
5.260687351226806641e+00
4.832593917846679688e+00
3.570857286453247070e+00
2.089703321456909180e+00
8.823243975639343262e-01
1.658454835414886475e-01
3.123318552970886230e-01
8.416906595230102539e-01
8.905428647994995117e-01
4.632467925548553467e-01
-4.067255929112434387e-02
-3.121321201324462891e-01
-3.251328468322753906e-01
-2.089232504367828369e-01
-8.849617838859558105e-02
-1.686930283904075623e-02
-9.127874672412872314e-02
3.374042510986328125e-01
1.629712104797363281e+00
3.056759595870971680e+00
3.798141479492187500e+00
3.570857286453247070e+00
2.669907569885253906e+00
1.573832631111145020e+00
6.655759215354919434e-01
1.274703145027160645e-01
1.462797224521636963e-01
4.912812709808349609e-01
5.286421179771423340e-01
2.666094601154327393e-01
-4.401113837957382202e-02
-2.072940766811370850e-01
-2.089232504367828369e-01
-1.326003223657608032e-01
-5.488302558660507202e-02
-1.160062663257122040e-02
-1.341665685176849365e-01
9.581317752599716187e-02
8.628377914428710938e-01
1.734474658966064453e+00
2.202277183532714844e+00
2.089703321456909180e+00
1.573832631111145020e+00
9.262009859085083008e-01
3.908760249614715576e-01
7.007223367691040039e-02
5.385933443903923035e-02
2.043776512145996094e-01
2.226155251264572144e-01
1.116266772150993347e-01
-2.057758159935474396e-02
-8.888915181159973145e-02
-8.849617838859558105e-02
-5.488302558660507202e-02
-2.272532321512699127e-02
-4.404898267239332199e-03
-7.128748297691345215e-02
2.272444777190685272e-02
3.513123989105224609e-01
7.230875492095947266e-01
9.264329671859741211e-01
8.823243975639343262e-01
6.655759215354919434e-01
3.908760249614715576e-01
1.674420982599258423e-01
2.592004835605621338e-02
8.501499891281127930e-03
3.812188282608985901e-02
4.343862831592559814e-02
2.338927425444126129e-02
-2.650503534823656082e-03
-1.670296303927898407e-02
-1.686930283904075623e-02
-1.160062663257122040e-02
-4.404898267239332199e-03
-2.031761687248945236e-03
-1.441982202231884003e-02
7.034983485937118530e-03
6.928274035453796387e-02
1.419340968132019043e-01
1.777949482202529907e-01
1.658454835414886475e-01
1.274703145027160645e-01
7.007223367691040039e-02
2.592004835605621338e-02
0.000000000000000000e+00
7.284892082214355469e+00
6.773684024810791016e+00
5.094970703125000000e+00
3.005957841873168945e+00
1.289079904556274414e+00
2.926143705844879150e-01
-9.127874672412872314e-02
-1.341665685176849365e-01
-7.128748297691345215e-02
-1.441982202231884003e-02
6.457589149475097656e+00
4.834353923797607422e+00
3.158252954483032227e+00
1.884410977363586426e+00
1.074209928512573242e+00
5.941345691680908203e-01
3.123318552970886230e-01
1.462797224521636963e-01
5.385933443903923035e-02
8.501499891281127930e-03
6.773684024810791016e+00
7.432812690734863281e+00
6.411720275878906250e+00
4.374577522277832031e+00
2.364677190780639648e+00
1.009722352027893066e+00
3.374042510986328125e-01
9.581317752599716187e-02
2.272444777190685272e-02
7.034983485937118530e-03
4.834353923797607422e+00
2.800277948379516602e+00
1.587151169776916504e+00
1.237210869789123535e+00
1.227205395698547363e+00
1.125508189201354980e+00
8.416906595230102539e-01
4.912812709808349609e-01
2.043776512145996094e-01
3.812188282608985901e-02
5.094970703125000000e+00
6.411720275878906250e+00
6.500067710876464844e+00
5.513283729553222656e+00
4.073168277740478516e+00
2.705507040023803711e+00
1.629712104797363281e+00
8.628377914428710938e-01
3.513123989105224609e-01
6.928274035453796387e-02
3.158252954483032227e+00
1.587151169776916504e+00
9.308915138244628906e-01
9.830872416496276855e-01
1.184335589408874512e+00
1.160920381546020508e+00
8.905428647994995117e-01
5.286421179771423340e-01
2.226155251264572144e-01
4.343862831592559814e-02
3.005957841873168945e+00
4.374577522277832031e+00
5.513283729553222656e+00
5.957396984100341797e+00
5.546090126037597656e+00
4.450675487518310547e+00
3.056759595870971680e+00
1.734474658966064453e+00
7.230875492095947266e-01
1.419340968132019043e-01
1.884410977363586426e+00
1.237210869789123535e+00
9.830872416496276855e-01
9.033339023590087891e-01
8.203982114791870117e-01
6.655614972114562988e-01
4.632467925548553467e-01
2.666094601154327393e-01
1.116266772150993347e-01
2.338927425444126129e-02
1.289079904556274414e+00
2.364677190780639648e+00
4.073168277740478516e+00
5.546090126037597656e+00
5.993408679962158203e+00
5.260687351226806641e+00
3.798141479492187500e+00
2.202277183532714844e+00
9.264329671859741211e-01
1.777949482202529907e-01
1.074209928512573242e+00
1.227205395698547363e+00
1.184335589408874512e+00
8.203982114791870117e-01
3.732179403305053711e-01
7.336934655904769897e-02
-4.067255929112434387e-02
-4.401113837957382202e-02
-2.057758159935474396e-02
-2.650503534823656082e-03
2.926143705844879150e-01
1.009722352027893066e+00
2.705507040023803711e+00
4.450675487518310547e+00
5.260687351226806641e+00
4.832593917846679688e+00
3.570857286453247070e+00
2.089703321456909180e+00
8.823243975639343262e-01
1.658454835414886475e-01
5.941345691680908203e-01
1.125508189201354980e+00
1.160920381546020508e+00
6.655614972114562988e-01
7.336934655904769897e-02
-2.645201385021209717e-01
-3.121321201324462891e-01
-2.072940766811370850e-01
-8.888915181159973145e-02
-1.670296303927898407e-02
-9.127874672412872314e-02
3.374042510986328125e-01
1.629712104797363281e+00
3.056759595870971680e+00
3.798141479492187500e+00
3.570857286453247070e+00
2.669907569885253906e+00
1.573832631111145020e+00
6.655759215354919434e-01
1.274703145027160645e-01
3.123318552970886230e-01
8.416906595230102539e-01
8.905428647994995117e-01
4.632467925548553467e-01
-4.067255929112434387e-02
-3.121321201324462891e-01
-3.251328468322753906e-01
-2.089232504367828369e-01
-8.849617838859558105e-02
-1.686930283904075623e-02
-1.341665685176849365e-01
9.581317752599716187e-02
8.628377914428710938e-01
1.734474658966064453e+00
2.202277183532714844e+00
2.089703321456909180e+00
1.573832631111145020e+00
9.262009859085083008e-01
3.908760249614715576e-01
7.007223367691040039e-02
1.462797224521636963e-01
4.912812709808349609e-01
5.286421179771423340e-01
2.666094601154327393e-01
-4.401113837957382202e-02
-2.072940766811370850e-01
-2.089232504367828369e-01
-1.326003223657608032e-01
-5.488302558660507202e-02
-1.160062663257122040e-02
-7.128748297691345215e-02
2.272444777190685272e-02
3.513123989105224609e-01
7.230875492095947266e-01
9.264329671859741211e-01
8.823243975639343262e-01
6.655759215354919434e-01
3.908760249614715576e-01
1.674420982599258423e-01
2.592004835605621338e-02
5.385933443903923035e-02
2.043776512145996094e-01
2.226155251264572144e-01
1.116266772150993347e-01
-2.057758159935474396e-02
-8.888915181159973145e-02
-8.849617838859558105e-02
-5.488302558660507202e-02
-2.272532321512699127e-02
-4.404898267239332199e-03
-1.441982202231884003e-02
7.034983485937118530e-03
6.928274035453796387e-02
1.419340968132019043e-01
1.777949482202529907e-01
1.658454835414886475e-01
1.274703145027160645e-01
7.007223367691040039e-02
2.592004835605621338e-02
0.000000000000000000e+00
8.501499891281127930e-03
3.812188282608985901e-02
4.343862831592559814e-02
2.338927425444126129e-02
-2.650503534823656082e-03
-1.670296303927898407e-02
-1.686930283904075623e-02
-1.160062663257122040e-02
-4.404898267239332199e-03
-2.031761687248945236e-03
