6.457589367782333944e+00
4.834353735753364134e+00
3.158253019567849762e+00
1.884411015482095664e+00
1.074209901054799410e+00
5.941345601355618733e-01
3.123318409525495665e-01
1.462797217952327422e-01
5.385933506211026955e-02
8.501500054802570844e-03
7.284892000966132208e+00
6.773683805885386988e+00
5.094970901103803129e+00
3.005957801112960404e+00
1.289079924264081356e+00
2.926143684636286491e-01
-9.127874830333770895e-02
-1.341665713068770360e-01
-7.128748243232399529e-02
-1.441982158261523317e-02
4.834353735753401438e+00
2.800277959856350307e+00
1.587151155284242110e+00
1.237210912899973092e+00
1.227205353499914109e+00
1.125508243577780121e+00
8.416906814487098432e-01
4.912812814932635552e-01
2.043776580431994894e-01
3.812188343783357719e-02
6.773683805885385212e+00
7.432812809656034858e+00
6.411720277565935433e+00
4.374577643784017589e+00
2.364677100942921051e+00
1.009722343101532305e+00
3.374042509402329637e-01
9.581317972188978238e-02
2.272444866977458428e-02
7.034983613354524150e-03
3.158253019567905717e+00
1.587151155284263204e+00
9.308915263475062707e-01
9.830872572656115249e-01
1.184335609918093057e+00
1.160920421546498549e+00
8.905428634330415649e-01
5.286420984553690250e-01
2.226155177735915092e-01
4.343862929805798745e-02
5.094970901103788030e+00
6.411720277565930104e+00
6.500067932521229608e+00
5.513283924963672256e+00
4.073168455497892637e+00
2.705506939704223068e+00
1.629712065709514324e+00
8.628378032236252437e-01
3.513124024196553341e-01
6.928274235164673389e-02
1.884411015482148510e+00
1.237210912899999071e+00
9.830872572656208508e-01
9.033338845647903570e-01
8.203982254291755094e-01
6.655614985529021421e-01
4.632467950768232035e-01
2.666094623813767273e-01
1.116266740507669553e-01
2.338927516965810458e-02
3.005957801112923988e+00
4.374577643783975844e+00
5.513283924963640281e+00
5.957397039927638360e+00
5.546090148582703883e+00
4.450675677383270745e+00
3.056759612798066517e+00
1.734474648107194206e+00
7.230875749650788054e-01
1.419340996685119483e-01
1.074209901054842042e+00
1.227205353499941198e+00
1.184335609918107046e+00
8.203982254291818377e-01
3.732179398084176092e-01
7.336934563670961806e-02
-4.067256090431822096e-02
-4.401113966844395764e-02
-2.057758094815459460e-02
-2.650503595048364983e-03
1.289079924264040500e+00
2.364677100942880639e+00
4.073168455497853557e+00
5.546090148582685231e+00
5.993408792947885644e+00
5.260687177038080087e+00
3.798141371246424036e+00
2.202277241503259209e+00
9.264329457795069667e-01
1.777949484594832374e-01
5.941345601355928485e-01
1.125508243577800549e+00
1.160920421546509873e+00
6.655614985529078043e-01
7.336934563671096421e-02
-2.645201359181294509e-01
-3.121321135198069641e-01
-2.072940697490843198e-01
-8.888915195615562648e-02
-1.670296347435113946e-02
2.926143684635982845e-01
1.009722343101499220e+00
2.705506939704185321e+00
4.450675677383251205e+00
5.260687177038064988e+00
4.832593792976255465e+00
3.570857211256611929e+00
2.089703398846114446e+00
8.823243773810913737e-01
1.658454855668021199e-01
3.123318409525693840e-01
8.416906814487239430e-01
8.905428634330490034e-01
4.632467950768277554e-01
-4.067256090431680543e-02
-3.121321135198070751e-01
-3.251328351280103890e-01
-2.089232471860385520e-01
-8.849617533133304070e-02
-1.686930296975545918e-02
-9.127874830335809542e-02
3.374042509402099266e-01
1.629712065709488122e+00
3.056759612798050973e+00
3.798141371246415154e+00
3.570857211256607933e+00
2.669907633755884024e+00
1.573832685130972298e+00
6.655759299554748765e-01
1.274703175654768594e-01
1.462797217952437334e-01
4.912812814932709937e-01
5.286420984553726887e-01
2.666094623813791142e-01
-4.401113966844306252e-02
-2.072940697490842643e-01
-2.089232471860385520e-01
-1.326003212819937549e-01
-5.488302402250642975e-02
-1.160062648065889566e-02
-1.341665713068881383e-01
9.581317972187725074e-02
8.628378032236119211e-01
1.734474648107185768e+00
2.202277241503256988e+00
2.089703398846111337e+00
1.573832685130973630e+00
9.262009821212843219e-01
3.908760108782796117e-01
7.007223248767802115e-02
5.385933506211476596e-02
2.043776580432026535e-01
2.226155177735931190e-01
1.116266740507679961e-01
-2.057758094815420949e-02
-8.888915195615559872e-02
-8.849617533133306846e-02
-5.488302402250642281e-02
-2.272532353443173711e-02
-4.404898076937035709e-03
-7.128748243232832515e-02
2.272444866976940092e-02
3.513124024196492834e-01
7.230875749650733653e-01
9.264329457795031919e-01
8.823243773810877100e-01
6.655759299554736552e-01
3.908760108782786680e-01
1.674420914704519425e-01
2.592004825388359926e-02
8.501500054803441675e-03
3.812188343783418781e-02
4.343862929805829276e-02
2.338927516965833009e-02
-2.650503595048283451e-03
-1.670296347435113252e-02
-1.686930296975545918e-02
-1.160062648065889393e-02
-4.404898076937036576e-03
-2.031761757524748642e-03
-1.441982158261609186e-02
7.034983613353531021e-03
6.928274235164574857e-02
1.419340996685113654e-01
1.777949484594830432e-01
1.658454855668020367e-01
1.274703175654769427e-01
7.007223248767799340e-02
2.592004825388395314e-02
0.000000000000000000e+00
7.284892000966072700e+00
6.773683805885296394e+00
5.094970901103690331e+00
3.005957801112840055e+00
1.289079924263978993e+00
2.926143684635548192e-01
-9.127874830338546241e-02
-1.341665713069031263e-01
-7.128748243233450077e-02
-1.441982158261727320e-02
6.457589367782333944e+00
4.834353735753409431e+00
3.158253019567928810e+00
1.884411015482186924e+00
1.074209901054880678e+00
5.941345601356221584e-01
3.123318409525894790e-01
1.462797217952546414e-01
5.385933506211951910e-02
8.501500054804331588e-03
6.773683805885303499e+00
7.432812809655917619e+00
6.411720277565810200e+00
4.374577643783876368e+00
2.364677100942801147e+00
1.009722343101445041e+00
3.374042509401750656e-01
9.581317972185848797e-02
2.272444866976171263e-02
7.034983613352048699e-03
4.834353735753374792e+00
2.800277959856372956e+00
1.587151155284293402e+00
1.237210912900038373e+00
1.227205353499977836e+00
1.125508243577830969e+00
8.416906814487444821e-01
4.912812814932821515e-01
2.043776580432078993e-01
3.812188343783507599e-02
5.094970901103715200e+00
6.411720277565823523e+00
6.500067932521110592e+00
5.513283924963536364e+00
4.073168455497768292e+00
2.705506939704126701e+00
1.629712065709449709e+00
8.628378032235918260e-01
3.513124024196409012e-01
6.928274235164413875e-02
3.158253019567879960e+00
1.587151155284272974e+00
9.308915263475413537e-01
9.830872572656590425e-01
1.184335609918141019e+00
1.160920421546535852e+00
8.905428634330685433e-01
5.286420984553834579e-01
2.226155177735980595e-01
4.343862929805912543e-02
3.005957801112879579e+00
4.374577643783908343e+00
5.513283924963559457e+00
5.957397039927522009e+00
5.546090148582605295e+00
4.450675677383187256e+00
3.056759612798008341e+00
1.734474648107164452e+00
7.230875749650650386e-01
1.419340996685098943e-01
1.884411015482137408e+00
1.237210912900010396e+00
9.830872572656486064e-01
9.033338845648259952e-01
8.203982254292118137e-01
6.655614985529312300e-01
4.632467950768436871e-01
2.666094623813877185e-01
1.116266740507718125e-01
2.338927516965897194e-02
1.289079924264018295e+00
2.364677100942842003e+00
4.073168455497805596e+00
5.546090148582623947e+00
5.993408792947822583e+00
5.260687177038012585e+00
3.798141371246381404e+00
2.202277241503238336e+00
9.264329457794959755e-01
1.777949484594816831e-01
1.074209901054839378e+00
1.227205353499953189e+00
1.184335609918130361e+00
8.203982254292085941e-01
3.732179398084425337e-01
7.336934563672833920e-02
-4.067256090430539095e-02
-4.401113966843704650e-02
-2.057758094815181904e-02
-2.650503595047732242e-03
2.926143684635854614e-01
1.009722343101478792e+00
2.705506939704166225e+00
4.450675677383221895e+00
5.260687177038029461e+00
4.832593792976222602e+00
3.570857211256587505e+00
2.089703398846102012e+00
8.823243773810837132e-01
1.658454855668012873e-01
5.941345601355931816e-01
1.125508243577812983e+00
1.160920421546528303e+00
6.655614985529276773e-01
7.336934563672714571e-02
-2.645201359181181822e-01
-3.121321135197999697e-01
-2.072940697490804063e-01
-8.888915195615426645e-02
-1.670296347435082374e-02
-9.127874830336434042e-02
3.374042509402004342e-01
1.629712065709480351e+00
3.056759612798035874e+00
3.798141371246399611e+00
3.570857211256593722e+00
2.669907633755871146e+00
1.573832685130967191e+00
6.655759299554708797e-01
1.274703175654763876e-01
3.123318409525715489e-01
8.416906814487339350e-01
8.905428634330634363e-01
4.632467950768409670e-01
-4.067256090430643178e-02
-3.121321135198002472e-01
-3.251328351280061701e-01
-2.089232471860361373e-01
-8.849617533133236069e-02
-1.686930296975527183e-02
-1.341665713068913579e-01
9.581317972187242127e-02
8.628378032236081463e-01
1.734474648107179551e+00
2.202277241503247218e+00
2.089703398846105120e+00
1.573832685130966302e+00
9.262009821212806582e-01
3.908760108782770581e-01
7.007223248767771584e-02
1.462797217952448992e-01
4.912812814932768779e-01
5.286420984553806823e-01
2.666094623813861642e-01
-4.401113966843764325e-02
-2.072940697490806006e-01
-2.089232471860363316e-01
-1.326003212819924781e-01
-5.488302402250604117e-02
-1.160062648065876903e-02
-7.128748243232979620e-02
2.272444866976753783e-02
3.513124024196482287e-01
7.230875749650728102e-01
9.264329457795018596e-01
8.823243773810873769e-01
6.655759299554724340e-01
3.908760108782781684e-01
1.674420914704513319e-01
2.592004825388385947e-02
5.385933506211550148e-02
2.043776580432057066e-01
2.226155177735970325e-01
1.116266740507712019e-01
-2.057758094815207231e-02
-8.888915195615437748e-02
-8.849617533133244396e-02
-5.488302402250604117e-02
-2.272532353443160180e-02
-4.404898076936982800e-03
-1.441982158261633472e-02
7.034983613353173668e-03
6.928274235164535999e-02
1.419340996685107825e-01
1.777949484594822938e-01
1.658454855668013705e-01
1.274703175654763598e-01
7.007223248767774360e-02
2.592004825388350905e-02
0.000000000000000000e+00
8.501500054803549228e-03
3.812188343783463884e-02
4.343862929805891032e-02
2.338927516965885051e-02
-2.650503595047783850e-03
-1.670296347435084108e-02
-1.686930296975528223e-02
-1.160062648065876729e-02
-4.404898076936982800e-03
-2.031761757524722187e-03
