6.906603336334228516e+00
6.990221500396728516e+00
6.971940994262695312e+00
7.282289505004882812e+00
6.811662673950195312e+00
6.761721134185791016e+00
7.082852840423583984e+00
6.493375301361083984e+00
6.287167549133300781e+00
6.830615997314453125e+00
5.519880294799804688e+00
6.013186931610107422e+00
6.536541461944580078e+00
6.584419727325439453e+00
6.759155273437500000e+00
6.897941589355468750e+00
6.093093395233154297e+00
5.891229152679443359e+00
5.987399101257324219e+00
6.790103912353515625e+00
6.200561523437500000e+00
7.149872779846191406e+00
4.120390892028808594e+00
5.567481994628906250e+00
6.408121109008789062e+00
6.775896549224853516e+00
5.417202472686767578e+00
4.017159938812255859e+00
6.980294704437255859e+00
3.896059036254882812e+00
6.219727993011474609e+00
6.999926090240478516e+00
5.805267333984375000e+00
4.454497814178466797e+00
7.026322364807128906e+00
6.071228027343750000e+00
5.982521533966064453e+00
6.890705108642578125e+00
7.001269340515136719e+00
6.970348834991455078e+00
4.211026191711425781e+00
6.892021656036376953e+00
6.504303455352783203e+00
6.482358455657958984e+00
7.119630813598632812e+00
5.326771736145019531e+00
4.186066150665283203e+00
6.878290653228759766e+00
6.687787055969238281e+00
6.777662754058837891e+00
7.352854251861572266e+00
3.655397176742553711e+00
7.165846347808837891e+00
7.144006729125976562e+00
7.173323631286621094e+00
5.692854404449462891e+00
6.395082473754882812e+00
6.964775085449218750e+00
6.681282997131347656e+00
4.961911201477050781e+00
7.066103458404541016e+00
6.457100868225097656e+00
6.947483062744140625e+00
6.471112251281738281e+00
4.753569126129150391e+00
4.833033561706542969e+00
7.145588874816894531e+00
4.965749263763427734e+00
6.936804294586181641e+00
7.122568607330322266e+00
7.033438205718994141e+00
6.690997600555419922e+00
5.330040454864501953e+00
6.853340148925781250e+00
3.824484825134277344e+00
7.010851383209228516e+00
6.080579280853271484e+00
6.153768062591552734e+00
5.001953125000000000e+00
5.610476970672607422e+00
6.920692443847656250e+00
6.456173419952392578e+00
6.433019161224365234e+00
7.147685050964355469e+00
6.908073902130126953e+00
6.695879459381103516e+00
6.790480136871337891e+00
7.199228286743164062e+00
6.298582553863525391e+00
5.282377243041992188e+00
5.628195762634277344e+00
6.906344413757324219e+00
7.092275619506835938e+00
6.868918895721435547e+00
5.611802577972412109e+00
5.065559387207031250e+00
6.743075847625732422e+00
6.048269271850585938e+00
6.177765369415283203e+00
6.805245399475097656e+00
6.372488975524902344e+00
7.029469966888427734e+00
4.557937622070312500e+00
6.899248600006103516e+00
6.087533473968505859e+00
6.460777759552001953e+00
6.125435352325439453e+00
6.828539371490478516e+00
6.057345867156982422e+00
7.050122261047363281e+00
7.271150588989257812e+00
6.947771072387695312e+00
5.711688041687011719e+00
7.111711025238037109e+00
4.676757335662841797e+00
6.792289257049560547e+00
4.658265590667724609e+00
7.168607234954833984e+00
6.122345924377441406e+00
6.068647384643554688e+00
6.325240612030029297e+00
7.050711154937744141e+00
6.913669586181640625e+00
6.334453582763671875e+00
7.242456436157226562e+00
5.443681240081787109e+00
6.668613433837890625e+00
5.522175312042236328e+00
7.263331413269042969e+00
5.885875701904296875e+00
7.291032314300537109e+00
6.974147796630859375e+00
6.828358650207519531e+00
7.242759227752685547e+00
5.318751811981201172e+00
6.295636653900146484e+00
6.136040687561035156e+00
5.758819580078125000e+00
7.267768859863281250e+00
5.005790233612060547e+00
4.611148357391357422e+00
7.035605430603027344e+00
7.107001781463623047e+00
7.265855789184570312e+00
6.715911865234375000e+00
6.122643947601318359e+00
7.021964073181152344e+00
6.701970577239990234e+00
7.000460147857666016e+00
7.102471828460693359e+00
5.004831314086914062e+00
6.789080142974853516e+00
6.962376117706298828e+00
7.073650836944580078e+00
7.153138637542724609e+00
5.841765403747558594e+00
6.279335975646972656e+00
6.312256336212158203e+00
7.019813537597656250e+00
6.899075031280517578e+00
6.923528671264648438e+00
6.717689990997314453e+00
6.315116405487060547e+00
6.500751972198486328e+00
4.213457107543945312e+00
6.983870506286621094e+00
4.807871818542480469e+00
3.757548570632934570e+00
5.597498893737792969e+00
7.025178432464599609e+00
6.377890586853027344e+00
7.262408256530761719e+00
6.751743316650390625e+00
6.690907001495361328e+00
7.265088558197021484e+00
6.059258937835693359e+00
5.107059478759765625e+00
7.123149871826171875e+00
4.948461055755615234e+00
6.914243221282958984e+00
6.834099292755126953e+00
6.632275104522705078e+00
6.508716583251953125e+00
6.972848415374755859e+00
5.185615062713623047e+00
6.954850196838378906e+00
7.140202522277832031e+00
7.118302345275878906e+00
6.469976425170898438e+00
6.729763507843017578e+00
7.001186370849609375e+00
6.968573570251464844e+00
7.180858612060546875e+00
5.254484176635742188e+00
6.802325248718261719e+00
5.805264949798583984e+00
7.099404335021972656e+00
6.436485290527343750e+00
5.535652637481689453e+00
6.737983703613281250e+00
6.963151931762695312e+00
5.524390697479248047e+00
4.420069217681884766e+00
6.965771675109863281e+00
7.060394763946533203e+00
5.842126846313476562e+00
6.023615360260009766e+00
5.904907703399658203e+00
6.983431816101074219e+00
7.100689888000488281e+00
6.643209457397460938e+00
6.593109607696533203e+00
4.188819408416748047e+00
6.569967746734619141e+00
6.253448963165283203e+00
7.101377964019775391e+00
6.523020744323730469e+00
6.256886482238769531e+00
7.088506698608398438e+00
6.882275104522705078e+00
5.145351409912109375e+00
4.690525531768798828e+00
5.715444564819335938e+00
6.992957115173339844e+00
6.721604824066162109e+00
7.097432613372802734e+00
6.608004570007324219e+00
6.993215084075927734e+00
7.245925903320312500e+00
7.180335044860839844e+00
5.810829162597656250e+00
6.998083591461181641e+00
6.968649387359619141e+00
5.245099067687988281e+00
6.323766708374023438e+00
7.030339717864990234e+00
6.213677406311035156e+00
5.722607612609863281e+00
5.244571685791015625e+00
7.163599967956542969e+00
6.592515468597412109e+00
5.398223400115966797e+00
5.402581691741943359e+00
3.969590663909912109e+00
7.197586536407470703e+00
6.876950263977050781e+00
4.037998676300048828e+00
6.732656002044677734e+00
7.218412399291992188e+00
5.504477977752685547e+00
6.968533039093017578e+00
7.065293312072753906e+00
5.729659557342529297e+00
4.118348121643066406e+00
7.059490680694580078e+00
4.578968524932861328e+00
7.284209251403808594e+00
6.077756881713867188e+00
6.327739238739013672e+00
7.040740489959716797e+00
5.430116176605224609e+00
7.233979225158691406e+00
6.969688892364501953e+00
5.994724273681640625e+00
7.250553607940673828e+00
5.944747447967529297e+00
5.967298984527587891e+00
6.496245861053466797e+00
6.960286140441894531e+00
6.878543853759765625e+00
6.977155685424804688e+00
5.885325908660888672e+00
4.628443241119384766e+00
5.210743427276611328e+00
7.114842891693115234e+00
7.102275371551513672e+00
6.375911712646484375e+00
5.430685043334960938e+00
6.823171615600585938e+00
7.053287029266357422e+00
7.236114501953125000e+00
7.328758716583251953e+00
6.518919944763183594e+00
5.573097705841064453e+00
6.244868278503417969e+00
7.037909507751464844e+00
5.987749099731445312e+00
7.006011962890625000e+00
7.007318973541259766e+00
7.230613708496093750e+00
6.748850822448730469e+00
4.765951156616210938e+00
7.230616092681884766e+00
6.133589744567871094e+00
7.239124298095703125e+00
7.130722522735595703e+00
6.796098709106445312e+00
7.116982460021972656e+00
6.686051368713378906e+00
7.132938861846923828e+00
5.353497982025146484e+00
6.860248088836669922e+00
4.506998062133789062e+00
7.253470420837402344e+00
6.889692306518554688e+00
6.726870059967041016e+00
6.531294822692871094e+00
6.880284309387207031e+00
7.079257965087890625e+00
5.242420673370361328e+00
6.122587203979492188e+00
6.441154003143310547e+00
6.104248523712158203e+00
6.230677127838134766e+00
6.742287635803222656e+00
6.654954910278320312e+00
7.242088794708251953e+00
5.401619911193847656e+00
5.126467704772949219e+00
7.098928928375244141e+00
6.885048389434814453e+00
6.001603603363037109e+00
6.688726902008056641e+00
6.503749370574951172e+00
7.344634532928466797e+00
6.252822875976562500e+00
7.112545490264892578e+00
6.847176551818847656e+00
7.042230129241943359e+00
5.457254409790039062e+00
6.244475364685058594e+00
6.367063522338867188e+00
6.408053874969482422e+00
6.561192035675048828e+00
5.135487556457519531e+00
7.085286140441894531e+00
7.098659515380859375e+00
6.707744598388671875e+00
7.063981533050537109e+00
7.257078170776367188e+00
6.208257198333740234e+00
7.039630889892578125e+00
6.939669132232666016e+00
6.955010414123535156e+00
6.667487621307373047e+00
4.557776927947998047e+00
4.649521350860595703e+00
6.201168537139892578e+00
6.045114994049072266e+00
5.219804286956787109e+00
6.714546203613281250e+00
6.637288093566894531e+00
7.012292385101318359e+00
5.993700504302978516e+00
7.254363536834716797e+00
6.981094837188720703e+00
4.272266387939453125e+00
6.826796531677246094e+00
6.909392356872558594e+00
4.499273777008056641e+00
6.973602294921875000e+00
7.043644905090332031e+00
5.957492828369140625e+00
6.855887413024902344e+00
5.128795146942138672e+00
5.893128871917724609e+00
6.881050109863281250e+00
7.193969726562500000e+00
7.272044181823730469e+00
6.819388866424560547e+00
7.268885612487792969e+00
6.563848495483398438e+00
6.434602737426757812e+00
6.654393196105957031e+00
6.920386314392089844e+00
7.030705928802490234e+00
7.264507770538330078e+00
6.988012790679931641e+00
6.037654399871826172e+00
6.873293399810791016e+00
6.824421882629394531e+00
6.940118312835693359e+00
6.041124343872070312e+00
6.865818023681640625e+00
6.834943771362304688e+00
5.749280452728271484e+00
5.744223594665527344e+00
6.780484676361083984e+00
7.270029544830322266e+00
5.827797889709472656e+00
6.955899715423583984e+00
6.508867740631103516e+00
6.203573226928710938e+00
4.870260715484619141e+00
7.117562294006347656e+00
6.911290645599365234e+00
7.027586460113525391e+00
6.951207160949707031e+00
6.494282722473144531e+00
6.192829608917236328e+00
6.237384319305419922e+00
7.169884681701660156e+00
5.223217487335205078e+00
4.557344436645507812e+00
6.767569065093994141e+00
7.220312118530273438e+00
5.325328350067138672e+00
4.918224811553955078e+00
6.957158565521240234e+00
5.650463104248046875e+00
4.607180118560791016e+00
6.880828857421875000e+00
5.627793788909912109e+00
7.276100635528564453e+00
6.433229446411132812e+00
7.243450641632080078e+00
6.092605590820312500e+00
6.856507301330566406e+00
7.256757736206054688e+00
7.009843826293945312e+00
6.954412460327148438e+00
7.066098690032958984e+00
5.765384197235107422e+00
6.590618610382080078e+00
6.960222721099853516e+00
5.153750419616699219e+00
5.390877246856689453e+00
7.170493125915527344e+00
7.305086135864257812e+00
6.458340644836425781e+00
7.148612976074218750e+00
7.192102909088134766e+00
7.072340965270996094e+00
6.983225822448730469e+00
3.968756914138793945e+00
6.052381515502929688e+00
6.998902320861816406e+00
5.004138946533203125e+00
5.421083450317382812e+00
5.497652530670166016e+00
7.037877082824707031e+00
6.854331016540527344e+00
7.077609062194824219e+00
6.012155532836914062e+00
6.982589721679687500e+00
6.949608802795410156e+00
6.914931774139404297e+00
4.133035659790039062e+00
4.339004516601562500e+00
6.828330039978027344e+00
6.574929714202880859e+00
6.814141273498535156e+00
6.975266456604003906e+00
6.224571704864501953e+00
6.352366447448730469e+00
6.365716457366943359e+00
6.806414604187011719e+00
6.263916015625000000e+00
4.999909877777099609e+00
7.251419544219970703e+00
6.981839179992675781e+00
6.977108478546142578e+00
6.901343345642089844e+00
4.738332271575927734e+00
7.216287612915039062e+00
6.635853767395019531e+00
6.979780197143554688e+00
5.878161907196044922e+00
5.196366786956787109e+00
6.413860797882080078e+00
6.792358398437500000e+00
7.245058536529541016e+00
7.010725021362304688e+00
5.892076969146728516e+00
6.814632415771484375e+00
7.272347927093505859e+00
6.068439960479736328e+00
5.955908298492431641e+00
7.114884376525878906e+00
6.775416851043701172e+00
5.335173606872558594e+00
6.469650745391845703e+00
7.228625774383544922e+00
7.036174774169921875e+00
7.110702991485595703e+00
7.090660095214843750e+00
6.343618392944335938e+00
6.414977073669433594e+00
4.473093986511230469e+00
6.765719890594482422e+00
6.903064250946044922e+00
7.264191150665283203e+00
6.719061851501464844e+00
5.348027229309082031e+00
5.398941516876220703e+00
6.070874691009521484e+00
6.454176902770996094e+00
6.759810447692871094e+00
5.861024856567382812e+00
6.578567504882812500e+00
6.235534191131591797e+00
4.668646812438964844e+00
5.368319511413574219e+00
7.249413967132568359e+00
7.014023780822753906e+00
6.716464042663574219e+00
6.915291786193847656e+00
6.952696800231933594e+00
5.260296821594238281e+00
5.908855915069580078e+00
5.641282558441162109e+00
7.081854820251464844e+00
7.120337009429931641e+00
5.649794101715087891e+00
7.259942054748535156e+00
6.341979026794433594e+00
6.487350940704345703e+00
6.609321117401123047e+00
6.183022022247314453e+00
6.941613674163818359e+00
7.220251083374023438e+00
6.924185276031494141e+00
6.753135204315185547e+00
5.606842517852783203e+00
6.463688850402832031e+00
5.748002529144287109e+00
6.669625282287597656e+00
7.038926124572753906e+00
4.589059829711914062e+00
7.271873950958251953e+00
5.311748504638671875e+00
7.189275264739990234e+00
6.904019355773925781e+00
6.021973133087158203e+00
6.902506351470947266e+00
5.698365688323974609e+00
6.980872631072998047e+00
5.456838130950927734e+00
7.269261837005615234e+00
7.103342056274414062e+00
7.295784473419189453e+00
5.762649536132812500e+00
6.985969066619873047e+00
6.063971996307373047e+00
6.750248432159423828e+00
6.148974418640136719e+00
4.959643363952636719e+00
5.477476119995117188e+00
7.248939037322998047e+00
7.199250698089599609e+00
6.839096546173095703e+00
5.698153972625732422e+00
6.296634197235107422e+00
5.940637111663818359e+00
7.256358623504638672e+00
6.613998889923095703e+00
6.306201457977294922e+00
7.000368118286132812e+00
6.873006820678710938e+00
7.280006408691406250e+00
5.000119209289550781e+00
4.862934589385986328e+00
6.862595081329345703e+00
6.759886264801025391e+00
6.940293788909912109e+00
5.889163017272949219e+00
7.120540618896484375e+00
6.975061893463134766e+00
6.272501945495605469e+00
6.731145858764648438e+00
6.564505577087402344e+00
5.440967559814453125e+00
6.303069114685058594e+00
7.129964828491210938e+00
5.252757072448730469e+00
6.284134864807128906e+00
5.150796413421630859e+00
6.554189205169677734e+00
7.309020042419433594e+00
7.255946636199951172e+00
6.918389797210693359e+00
5.060139179229736328e+00
6.438919067382812500e+00
7.215534210205078125e+00
7.261889457702636719e+00
7.110006332397460938e+00
6.877101421356201172e+00
7.204687595367431641e+00
6.480390548706054688e+00
7.114689350128173828e+00
7.160110473632812500e+00
6.884571552276611328e+00
5.895007133483886719e+00
6.889097213745117188e+00
6.845395565032958984e+00
6.178738117218017578e+00
6.043544769287109375e+00
7.144680976867675781e+00
6.966460704803466797e+00
5.832257270812988281e+00
3.918529272079467773e+00
7.027316570281982422e+00
6.951054573059082031e+00
7.214531421661376953e+00
7.067595958709716797e+00
7.253273010253906250e+00
7.260603427886962891e+00
7.072813510894775391e+00
6.801571369171142578e+00
7.021127700805664062e+00
7.115952968597412109e+00
7.100602149963378906e+00
6.658620357513427734e+00
5.632067203521728516e+00
5.327929019927978516e+00
5.058333873748779297e+00
6.372727394104003906e+00
6.511762142181396484e+00
6.679231643676757812e+00
7.305521965026855469e+00
6.928400516510009766e+00
6.913812637329101562e+00
7.336756229400634766e+00
5.640084743499755859e+00
7.121847152709960938e+00
7.002689361572265625e+00
7.205878257751464844e+00
7.041276931762695312e+00
6.437210559844970703e+00
6.886082172393798828e+00
5.762206077575683594e+00
5.049255847930908203e+00
7.034589767456054688e+00
5.163296222686767578e+00
5.543889522552490234e+00
7.313228607177734375e+00
6.970203399658203125e+00
5.807603359222412109e+00
6.878897666931152344e+00
7.252874851226806641e+00
6.614918708801269531e+00
5.808511257171630859e+00
6.568036079406738281e+00
7.150636196136474609e+00
7.255312442779541016e+00
7.286757469177246094e+00
5.483954429626464844e+00
6.280170917510986328e+00
4.717792510986328125e+00
6.243322849273681641e+00
6.994071006774902344e+00
6.786863327026367188e+00
5.384657859802246094e+00
7.291069984436035156e+00
6.932645797729492188e+00
6.746317863464355469e+00
6.700932025909423828e+00
7.052505493164062500e+00
6.586344718933105469e+00
7.036612033843994141e+00
6.899782180786132812e+00
5.010446071624755859e+00
7.242209911346435547e+00
6.359639644622802734e+00
7.065335750579833984e+00
6.117439270019531250e+00
5.796514987945556641e+00
6.418398380279541016e+00
6.865582942962646484e+00
6.913135528564453125e+00
7.121021747589111328e+00
7.081189155578613281e+00
6.701010704040527344e+00
6.856630802154541016e+00
7.248419284820556641e+00
6.729594230651855469e+00
6.946784019470214844e+00
6.984229564666748047e+00
6.952072143554687500e+00
6.982906341552734375e+00
6.973919391632080078e+00
4.452491283416748047e+00
6.642304420471191406e+00
3.746991395950317383e+00
4.059847831726074219e+00
7.009254932403564453e+00
7.285369396209716797e+00
7.139359951019287109e+00
5.769886016845703125e+00
5.925285339355468750e+00
5.534041404724121094e+00
3.792927980422973633e+00
7.165352821350097656e+00
6.924454212188720703e+00
4.751769542694091797e+00
7.153457641601562500e+00
5.224021434783935547e+00
7.056817054748535156e+00
5.002994060516357422e+00
7.181239604949951172e+00
7.100842952728271484e+00
6.527793407440185547e+00
5.941604614257812500e+00
5.476701259613037109e+00
6.982251644134521484e+00
7.262302398681640625e+00
5.687199592590332031e+00
7.070522785186767578e+00
5.430462837219238281e+00
6.538532257080078125e+00
6.931378841400146484e+00
6.801690578460693359e+00
7.272866249084472656e+00
6.760506629943847656e+00
7.033771514892578125e+00
7.058092117309570312e+00
6.755415439605712891e+00
3.997376203536987305e+00
5.764922618865966797e+00
6.896046638488769531e+00
6.755904197692871094e+00
5.854640007019042969e+00
6.420062065124511719e+00
6.026134014129638672e+00
7.140285491943359375e+00
5.840345859527587891e+00
6.565679073333740234e+00
5.165821552276611328e+00
6.683172702789306641e+00
6.110373973846435547e+00
7.259190559387207031e+00
6.524866580963134766e+00
6.893533229827880859e+00
6.835387706756591797e+00
7.109258174896240234e+00
6.992504119873046875e+00
6.393704414367675781e+00
7.121947765350341797e+00
5.958978652954101562e+00
7.028576374053955078e+00
4.459646224975585938e+00
6.164090633392333984e+00
7.068204879760742188e+00
6.798957347869873047e+00
6.938611030578613281e+00
6.264636039733886719e+00
6.105840682983398438e+00
3.965019226074218750e+00
7.019934177398681641e+00
6.993912220001220703e+00
6.938148021697998047e+00
6.243714809417724609e+00
5.944507122039794922e+00
7.167686462402343750e+00
6.397037982940673828e+00
5.292617797851562500e+00
6.845283508300781250e+00
5.799884319305419922e+00
6.286565780639648438e+00
5.031690120697021484e+00
6.479550361633300781e+00
4.730206489562988281e+00
7.159050941467285156e+00
6.641092300415039062e+00
6.476603984832763672e+00
6.524773120880126953e+00
6.617500305175781250e+00
6.837510585784912109e+00
6.820293903350830078e+00
6.337859630584716797e+00
6.999220371246337891e+00
6.771364688873291016e+00
7.051143646240234375e+00
6.249693870544433594e+00
6.941469669342041016e+00
7.072107315063476562e+00
7.166357517242431641e+00
6.251713752746582031e+00
7.171023368835449219e+00
6.080840110778808594e+00
7.268393039703369141e+00
6.365440368652343750e+00
7.088117599487304688e+00
6.733801364898681641e+00
5.019719600677490234e+00
6.949546337127685547e+00
6.985331058502197266e+00
7.126667499542236328e+00
7.275062084197998047e+00
6.044039726257324219e+00
7.114946365356445312e+00
7.105401039123535156e+00
3.889508008956909180e+00
6.628252506256103516e+00
7.145134449005126953e+00
7.157318115234375000e+00
6.416108608245849609e+00
6.977149009704589844e+00
4.617254257202148438e+00
7.005084037780761719e+00
6.617520332336425781e+00
7.073166370391845703e+00
5.860237598419189453e+00
7.102643489837646484e+00
5.988780498504638672e+00
5.120355129241943359e+00
7.250064373016357422e+00
7.325593471527099609e+00
6.657044410705566406e+00
7.245827198028564453e+00
6.166175365447998047e+00
5.415099143981933594e+00
6.534739017486572266e+00
6.998503208160400391e+00
6.753106594085693359e+00
7.163385868072509766e+00
7.115272998809814453e+00
6.997542858123779297e+00
6.302229404449462891e+00
6.933976650238037109e+00
6.162873744964599609e+00
5.276402950286865234e+00
7.162669658660888672e+00
5.669208526611328125e+00
4.269031524658203125e+00
7.082809448242187500e+00
4.414499282836914062e+00
6.002326011657714844e+00
6.798989295959472656e+00
5.363793373107910156e+00
5.707014083862304688e+00
5.469647884368896484e+00
7.074712276458740234e+00
7.139003276824951172e+00
5.396866798400878906e+00
7.049695491790771484e+00
6.439752101898193359e+00
6.975821018218994141e+00
6.642468452453613281e+00
7.271729946136474609e+00
6.794424533843994141e+00
6.211947917938232422e+00
3.871520996093750000e+00
6.561172485351562500e+00
4.612601757049560547e+00
7.107086658477783203e+00
4.042853832244873047e+00
6.574653148651123047e+00
7.067346572875976562e+00
6.975601673126220703e+00
6.654143333435058594e+00
6.957607746124267578e+00
7.119222164154052734e+00
5.829494953155517578e+00
6.031073093414306641e+00
6.867478847503662109e+00
7.062735557556152344e+00
6.963044643402099609e+00
6.090222835540771484e+00
6.968001365661621094e+00
6.871210098266601562e+00
7.248727798461914062e+00
4.822552680969238281e+00
6.779222488403320312e+00
7.253034114837646484e+00
6.930315494537353516e+00
4.807229518890380859e+00
6.178404808044433594e+00
7.013565540313720703e+00
6.125822067260742188e+00
6.794149875640869141e+00
6.428767681121826172e+00
5.539510250091552734e+00
6.184439182281494141e+00
7.012297153472900391e+00
7.313839912414550781e+00
4.414785861968994141e+00
6.934971809387207031e+00
7.035080432891845703e+00
4.542049407958984375e+00
6.316306114196777344e+00
4.787350177764892578e+00
6.325123786926269531e+00
6.212214469909667969e+00
6.258904457092285156e+00
5.391939163208007812e+00
4.888557910919189453e+00
5.612910747528076172e+00
4.785955429077148438e+00
6.969083309173583984e+00
6.111962318420410156e+00
6.992795944213867188e+00
6.288667678833007812e+00
6.845355510711669922e+00
7.091312408447265625e+00
6.972806453704833984e+00
7.241531372070312500e+00
6.225300312042236328e+00
5.685359001159667969e+00
4.593215465545654297e+00
6.186709403991699219e+00
6.223806858062744141e+00
6.974209785461425781e+00
6.940155029296875000e+00
5.425546646118164062e+00
4.025909423828125000e+00
7.040015220642089844e+00
6.855713367462158203e+00
7.032994747161865234e+00
5.315025329589843750e+00
6.985658645629882812e+00
6.748898029327392578e+00
6.932040691375732422e+00
7.009832859039306641e+00
6.781390666961669922e+00
6.133833408355712891e+00
5.486816883087158203e+00
5.249478816986083984e+00
5.227000713348388672e+00
5.365546703338623047e+00
7.144669532775878906e+00
6.547503471374511719e+00
5.190681457519531250e+00
5.722755908966064453e+00
5.967254638671875000e+00
4.913756847381591797e+00
7.091290950775146484e+00
6.464678764343261719e+00
7.208689212799072266e+00
6.891050815582275391e+00
4.922749519348144531e+00
6.850441932678222656e+00
7.270235538482666016e+00
6.970617294311523438e+00
5.837871551513671875e+00
7.110181331634521484e+00
6.464278221130371094e+00
5.274725914001464844e+00
7.004762649536132812e+00
6.346467018127441406e+00
5.204250812530517578e+00
6.850401401519775391e+00
6.416988849639892578e+00
5.826879978179931641e+00
4.736784458160400391e+00
6.376698017120361328e+00
4.533335685729980469e+00
7.267804145812988281e+00
7.305092334747314453e+00
6.804552555084228516e+00
6.445361614227294922e+00
5.405047416687011719e+00
4.185867309570312500e+00
5.410016059875488281e+00
5.546733856201171875e+00
6.484076023101806641e+00
6.961510181427001953e+00
7.064224243164062500e+00
5.169451713562011719e+00
7.026260375976562500e+00
6.993476867675781250e+00
7.049431324005126953e+00
7.003941535949707031e+00
6.996607780456542969e+00
6.611248970031738281e+00
6.623099803924560547e+00
6.009547710418701172e+00
6.824107646942138672e+00
5.959914207458496094e+00
5.802285671234130859e+00
7.284664630889892578e+00
6.141370296478271484e+00
4.947760105133056641e+00
7.045941352844238281e+00
6.737630367279052734e+00
5.422151088714599609e+00
4.158737659454345703e+00
7.183445453643798828e+00
6.278027057647705078e+00
6.483294010162353516e+00
6.782651424407958984e+00
5.633412361145019531e+00
5.596039295196533203e+00
7.257812023162841797e+00
5.648880481719970703e+00
6.814155578613281250e+00
6.998094558715820312e+00
6.484599590301513672e+00
6.795658111572265625e+00
5.625221729278564453e+00
6.524219989776611328e+00
7.096528053283691406e+00
7.110187053680419922e+00
6.413788318634033203e+00
5.381123542785644531e+00
6.266729831695556641e+00
6.504673957824707031e+00
7.047991275787353516e+00
5.453325748443603516e+00
7.127100467681884766e+00
