1.458163512258719408e+01
1.400250217545206510e+01
1.287398279726884276e+01
1.125626146569209318e+01
9.258224593709957873e+00
7.033532860223096428e+00
4.789125717245388714e+00
2.758251128204006974e+00
1.176983732975493968e+00
2.254241690557120537e-01
1.458163742976361732e+01
1.400250950978544928e+01
1.287399761091278449e+01
1.125628723507681173e+01
9.258255967437339251e+00
7.033560063174459032e+00
4.789144605571355129e+00
2.758261779912182909e+00
1.176988158381351068e+00
2.254250066442056444e-01
1.400250217544712328e+01
1.345760371609336659e+01
1.238291974210402380e+01
1.083987991209389889e+01
8.931294688932867487e+00
6.793677243810503086e+00
4.635862337236871689e+00
2.673075724906683881e+00
1.145390035367792603e+00
2.189346845005854247e-01
1.400250006729157626e+01
1.345759479470490305e+01
1.238290736356601762e+01
1.083989749071792907e+01
8.931336372084468067e+00
6.793710070404199719e+00
4.635882838887502189e+00
2.673086652569663269e+00
1.145394470670787035e+00
2.189355305770483151e-01
1.287398279725902484e+01
1.238291974210113544e+01
1.141765649299853536e+01
1.002107915882497480e+01
8.282369321572886633e+00
6.319755275079144141e+00
4.332815498965045364e+00
2.507608990904445889e+00
1.073417863933418870e+00
2.068150230996899652e-01
1.287397954936178124e+01
1.238289993881600282e+01
1.141756733329448359e+01
1.002112399088432682e+01
8.282472778030651739e+00
6.319796176922517716e+00
4.332834393113912164e+00
2.507618087337450952e+00
1.073421369522667534e+00
2.068157177828885973e-01
1.125626146567850228e+01
1.083987991208944557e+01
1.002107915882493572e+01
8.829985490016014182e+00
7.333473065946716218e+00
5.626257481173958297e+00
3.881306189310657739e+00
2.261640972745595057e+00
9.694767103140101705e-01
1.882130563613209628e-01
1.125626316409152849e+01
1.083988566006205190e+01
1.002111973872745132e+01
8.831987288832729988e+00
7.333434918588734419e+00
5.626255050665068147e+00
3.881307572328038358e+00
2.261642158623916821e+00
9.694771106531704374e-01
1.882131946716595339e-01
9.258224593698848537e+00
8.931294688928820946e+00
8.282369321574329035e+00
7.333473065951139347e+00
6.134569046756432442e+00
4.743210156728849825e+00
3.300694499135151005e+00
1.934877951249923456e+00
8.363626152118761592e-01
1.615973365581423460e-01
9.258230885813807376e+00
8.931323549545300722e+00
8.282467008856183810e+00
7.333433044294976000e+00
6.134490316004256094e+00
4.743180353601073485e+00
3.300682416674083353e+00
1.934872706902928563e+00
8.363606279456017312e-01
1.615969674481288199e-01
7.033532860217007965e+00
6.793677243807453081e+00
6.319755275080575885e+00
5.626257481177783681e+00
4.743210156730255811e+00
3.722187895556001269e+00
2.606994300746441340e+00
1.542348155405612431e+00
6.790500178989236080e-01
1.240876308735981148e-01
7.033538903837182055e+00
6.793699062451433512e+00
6.319790884486897298e+00
5.626252872582480968e+00
4.743179725519942380e+00
3.722166609676196281e+00
2.606982944845925854e+00
1.542342573390382388e+00
6.790478054841065925e-01
1.240872284087741473e-01
4.789125717241408786e+00
4.635862337234685882e+00
4.332815498966463785e+00
3.881306189313668220e+00
3.300694499136131554e+00
2.606994300746749982e+00
1.875893979020649027e+00
1.135353986317647168e+00
4.993768380793598416e-01
9.948854146363898809e-02
4.789129870262105904e+00
4.635875088130238630e+00
4.332830515654414683e+00
3.881305843709672576e+00
3.300681781521278779e+00
2.606982784968051803e+00
1.875886601970964351e+00
1.135350083504502283e+00
4.993752969914527218e-01
9.948823409681613328e-02
2.758251128201297586e+00
2.673075724904960815e+00
2.507608990905163093e+00
2.261640972747061884e+00
1.934877951250724815e+00
1.542348155405688592e+00
1.135353986317682917e+00
7.178692573991850567e-01
3.162666311287848919e-01
6.895525474471010663e-02
2.758253431516388687e+00
2.673082223417647008e+00
2.507615832936507250e+00
2.261641117512693366e+00
1.934872299847848254e+00
1.542342447665418836e+00
1.135350057232813237e+00
7.178670616962116169e-01
3.162657799213089982e-01
6.895506656773357779e-02
1.176983732974230756e+00
1.145390035366989245e+00
1.073417863933703309e+00
9.694767103145647269e-01
8.363626152122397572e-01
6.790500178989821167e-01
4.993768380793767725e-01
3.162666311287875565e-01
1.630120696679192016e-01
2.845974821052543735e-02
1.176984649592806687e+00
1.145392590677982270e+00
1.073420439734658505e+00
9.694766806207685272e-01
8.363604552802663683e-01
6.790477457159471708e-01
4.993752828591938586e-01
3.162657777975019791e-01
1.630116903128816241e-01
2.845968529104310474e-02
2.254241690554757427e-01
2.189346845004410680e-01
2.068150230997362060e-01
1.882130563614284879e-01
1.615973365582152876e-01
1.240876308736068301e-01
9.948854146364269346e-02
6.895525474471088379e-02
2.845974821052543735e-02
2.845974821052543041e-02
2.254243994033551801e-01
2.189351838776699144e-01
2.068155322855620981e-01
1.882131061059546806e-01
1.615969331007118537e-01
1.240872197028661389e-01
9.948823098928273601e-02
6.895506594630484987e-02
2.845968529104321576e-02
2.845968529104311515e-02
1.458163742976455879e+01
1.400250006729592300e+01
1.287397954937287636e+01
1.125626316412178163e+01
9.258230885830183610e+00
7.033538903845648171e+00
4.789129870267325728e+00
2.758253431519499976e+00
1.176984649594102095e+00
2.254243994036012610e-01
1.458164473958666996e+01
1.400252148171465549e+01
1.287401353469100229e+01
1.125630470155785368e+01
9.258271661141080244e+00
7.033571877389113602e+00
4.789152532148706953e+00
2.758266249672645110e+00
1.176989957434861012e+00
2.254254614344501362e-01
1.400250950978842468e+01
1.345759479471122155e+01
1.238289993882888318e+01
1.083988566008845922e+01
8.931323549562362629e+00
6.793699062461620031e+00
4.635875088137346722e+00
2.673082223421038961e+00
1.145392590679336520e+00
2.189351838779283466e-01
1.400252148171727740e+01
1.345763073485555772e+01
1.238295735843848711e+01
1.083995451287882972e+01
8.931387043020077243e+00
6.793747317517487616e+00
4.635907506727210858e+00
2.673100511839927584e+00
1.145400140367061059e+00
2.189366537800427337e-01
1.287399761091521810e+01
1.238290736357074806e+01
1.141756733330350393e+01
1.002111973873913620e+01
8.282467008867127944e+00
6.319790884494917549e+00
4.332830515659532367e+00
2.507615832939343647e+00
1.073420439735825127e+00
2.068155322857873901e-01
1.287401353469325826e+01
1.238295735844126710e+01
1.141765672016068045e+01
1.002124025590992318e+01
8.282569832170432633e+00
6.319858346807565752e+00
4.332878350443882809e+00
2.507644431670023266e+00
1.073432843402432502e+00
2.068178102840159960e-01
1.125628723507511175e+01
1.083989749071985997e+01
1.002112399089030959e+01
8.831987288839426853e+00
7.333433044302451798e+00
5.626252872588712428e+00
3.881305843714056625e+00
2.261641117515025723e+00
9.694766806217085531e-01
1.882131061061377286e-01
1.125630470155758367e+01
1.083995451288454248e+01
1.002124025591772494e+01
8.832221906254648758e+00
7.333618334492637558e+00
5.626301072278082849e+00
3.881393831077662337e+00
2.261700908261154996e+00
9.695038051028564974e-01
1.882178379058690454e-01
9.258255967437451162e+00
8.931336372085896258e+00
8.282472778033682204e+00
7.333434918592867113e+00
6.134490316008953670e+00
4.743179725523912538e+00
3.300681781524024583e+00
1.934872299849379917e+00
8.363604552808975301e-01
1.615969331008347831e-01
9.258271661141996844e+00
8.931387043023505612e+00
8.282569832173875213e+00
7.333618334494003577e+00
6.131721652330592853e+00
4.743565670914490440e+00
3.300952010894221633e+00
1.935021933206468647e+00
8.364236498995416547e-01
1.616086526551560321e-01
7.033560063175814392e+00
6.793710070405397872e+00
6.319796176924306508e+00
5.626255050667518631e+00
4.743180353603858812e+00
3.722166609678613458e+00
2.606982784969723355e+00
1.542342447666354754e+00
6.790477457163195396e-01
1.240872197029258966e-01
7.033571877391072036e+00
6.793747317519757800e+00
6.319858346809387406e+00
5.626301072279350279e+00
4.743565670915913302e+00
3.722928421764640561e+00
2.607694957762196175e+00
1.542546181176631448e+00
6.791747986838189144e-01
1.241181317493788711e-01
4.789144605573806501e+00
4.635882838888595536e+00
4.332834393115081895e+00
3.881307572329414146e+00
3.300682416675722042e+00
2.606982944847312744e+00
1.875886601971944456e+00
1.135350057233365906e+00
4.993752828593876480e-01
9.948823098932056685e-02
4.789152532151588204e+00
4.635907506728806027e+00
4.332878350444907767e+00
3.881393831078421730e+00
3.300952010894887323e+00
2.607694957762447530e+00
1.874463281846176388e+00
1.136406786275711456e+00
5.000396114523795177e-01
9.961995350326709187e-02
2.758261779914057854e+00
2.673086652570421773e+00
2.507618087338159718e+00
2.261642158624435517e+00
1.934872706903791650e+00
1.542342573391103588e+00
1.135350083505015428e+00
7.178670616965089346e-01
3.162657777976169426e-01
6.895506594633026010e-02
2.758266249674730108e+00
2.673100511840886817e+00
2.507644431670653873e+00
2.261700908261655485e+00
1.935021933206789058e+00
1.542546181176776887e+00
1.136406786275740100e+00
7.161374766873027653e-01
3.220185814166063865e-01
6.837966120970086215e-02
1.176988158382153982e+00
1.145394470671102560e+00
1.073421369522955526e+00
9.694771106543519368e-01
8.363606279459945281e-01
6.790478054844011346e-01
4.993752969916559481e-01
3.162657799214233512e-01
1.630116903129327777e-01
2.845968529105169509e-02
1.176989957435742529e+00
1.145400140367471842e+00
1.073432843402736925e+00
9.695038051032142112e-01
8.364236498996702185e-01
6.791747986838762019e-01
5.000396114523940616e-01
3.220185814166088289e-01
1.598301424749473121e-01
3.642728533029596094e-02
2.254250066443330702e-01
2.189355305771041593e-01
2.068157177829427207e-01
1.882131946718375026e-01
1.615969674482051754e-01
1.240872284088270355e-01
9.948823409685657315e-02
6.895506656775882148e-02
2.845968529105158754e-02
2.845968529105159447e-02
2.254254614345972962e-01
2.189366537801185897e-01
2.068178102840727284e-01
1.882178379059559203e-01
1.616086526551811509e-01
1.241181317493880026e-01
9.961995350327029763e-02
6.837966120970152828e-02
3.642728533029603033e-02
2.777891617090841314e-02
