1.458163547515869141e+01
1.400250244140625000e+01
1.287398242950439453e+01
1.125626182556152344e+01
9.258224487304687500e+00
7.033533096313476562e+00
4.789125919342041016e+00
2.758251190185546875e+00
1.176983714103698730e+00
2.254241704940795898e-01
1.458163738250732422e+01
1.400250911712646484e+01
1.287399768829345703e+01
1.125628757476806641e+01
9.258255958557128906e+00
7.033560276031494141e+00
4.789144515991210938e+00
2.758261680603027344e+00
1.176988124847412109e+00
2.254250049591064453e-01
1.400250244140625000e+01
1.345760345458984375e+01
1.238291931152343750e+01
1.083987998962402344e+01
8.931294441223144531e+00
6.793677330017089844e+00
4.635862350463867188e+00
2.673075675964355469e+00
1.145390033721923828e+00
2.189346849918365479e-01
1.400250053405761719e+01
1.345759487152099609e+01
1.238290691375732422e+01
1.083989715576171875e+01
8.931336402893066406e+00
6.793710231781005859e+00
4.635882854461669922e+00
2.673086643218994141e+00
1.145394444465637207e+00
2.189355343580245972e-01
1.287398242950439453e+01
1.238291931152343750e+01
1.141765689849853516e+01
1.002107906341552734e+01
8.282369613647460938e+00
6.319755077362060547e+00
4.332815647125244141e+00
2.507608890533447266e+00
1.073417901992797852e+00
2.068150192499160767e-01
1.287397956848144531e+01
1.238290023803710938e+01
1.141756725311279297e+01
1.002112388610839844e+01
8.282472610473632812e+00
6.319796085357666016e+00
4.332834243774414062e+00
2.507618188858032227e+00
1.073421359062194824e+00
2.068157196044921875e-01
1.125626182556152344e+01
1.083987998962402344e+01
1.002107906341552734e+01
8.829985618591308594e+00
7.333473205566406250e+00
5.626257419586181641e+00
3.881306171417236328e+00
2.261641025543212891e+00
9.694766998291015625e-01
1.882130503654479980e-01
1.125626277923583984e+01
1.083988571166992188e+01
1.002112007141113281e+01
8.831987380981445312e+00
7.333435058593750000e+00
5.626255035400390625e+00
3.881307601928710938e+00
2.261642217636108398e+00
9.694771170616149902e-01
1.882131993770599365e-01
9.258224487304687500e+00
8.931294441223144531e+00
8.282369613647460938e+00
7.333473205566406250e+00
6.134569168090820312e+00
4.743210315704345703e+00
3.300694465637207031e+00
1.934877991676330566e+00
8.363626003265380859e-01
1.615973412990570068e-01
9.258231163024902344e+00
8.931324005126953125e+00
8.282466888427734375e+00
7.333433151245117188e+00
6.134490489959716797e+00
4.743180274963378906e+00
3.300682306289672852e+00
1.934872746467590332e+00
8.363606333732604980e-01
1.615969687700271606e-01
7.033533096313476562e+00
6.793677330017089844e+00
6.319755077362060547e+00
5.626257419586181641e+00
4.743210315704345703e+00
3.722187995910644531e+00
2.606994390487670898e+00
1.542348146438598633e+00
6.790500283241271973e-01
1.240876317024230957e-01
7.033538818359375000e+00
6.793699264526367188e+00
6.319790840148925781e+00
5.626252651214599609e+00
4.743179798126220703e+00
3.722166538238525391e+00
2.606982946395874023e+00
1.542342543601989746e+00
6.790478229522705078e-01
1.240872293710708618e-01
4.789125919342041016e+00
4.635862350463867188e+00
4.332815647125244141e+00
3.881306171417236328e+00
3.300694465637207031e+00
2.606994390487670898e+00
1.875893950462341309e+00
1.135354042053222656e+00
4.993768334388732910e-01
9.948854148387908936e-02
4.789129734039306641e+00
4.635875225067138672e+00
4.332830429077148438e+00
3.881305932998657227e+00
3.300681829452514648e+00
2.606982707977294922e+00
1.875886559486389160e+00
1.135350108146667480e+00
4.993752837181091309e-01
9.948823601007461548e-02
2.758251190185546875e+00
2.673075675964355469e+00
2.507608890533447266e+00
2.261641025543212891e+00
1.934877991676330566e+00
1.542348146438598633e+00
1.135354042053222656e+00
7.178692817687988281e-01
3.162666261196136475e-01
6.895525753498077393e-02
2.758253335952758789e+00
2.673082113265991211e+00
2.507615804672241211e+00
2.261641025543212891e+00
1.934872269630432129e+00
1.542342424392700195e+00
1.135350108146667480e+00
7.178670763969421387e-01
3.162657916545867920e-01
6.895506381988525391e-02
1.176983714103698730e+00
1.145390033721923828e+00
1.073417901992797852e+00
9.694766998291015625e-01
8.363626003265380859e-01
6.790500283241271973e-01
4.993768334388732910e-01
3.162666261196136475e-01
1.630120724439620972e-01
2.845974825322628021e-02
1.176984667778015137e+00
1.145392537117004395e+00
1.073420405387878418e+00
9.694766998291015625e-01
8.363604545593261719e-01
6.790477633476257324e-01
4.993752837181091309e-01
3.162657916545867920e-01
1.630116850137710571e-01
2.845968492329120636e-02
2.254241704940795898e-01
2.189346849918365479e-01
2.068150192499160767e-01
1.882130503654479980e-01
1.615973412990570068e-01
1.240876317024230957e-01
9.948854148387908936e-02
6.895525753498077393e-02
2.845974825322628021e-02
2.845974825322628021e-02
2.254243940114974976e-01
2.189351767301559448e-01
2.068155258893966675e-01
1.882131099700927734e-01
1.615969389677047729e-01
1.240872219204902649e-01
9.948822855949401855e-02
6.895506381988525391e-02
2.845968492329120636e-02
2.845968492329120636e-02
1.458163738250732422e+01
1.400250053405761719e+01
1.287397956848144531e+01
1.125626277923583984e+01
9.258231163024902344e+00
7.033538818359375000e+00
4.789129734039306641e+00
2.758253335952758789e+00
1.176984667778015137e+00
2.254243940114974976e-01
1.458164501190185547e+01
1.400252151489257812e+01
1.287401390075683594e+01
1.125630474090576172e+01
9.258271217346191406e+00
7.033571720123291016e+00
4.789152622222900391e+00
2.758266210556030273e+00
1.176989912986755371e+00
2.254254668951034546e-01
1.400250911712646484e+01
1.345759487152099609e+01
1.238290023803710938e+01
1.083988571166992188e+01
8.931324005126953125e+00
6.793699264526367188e+00
4.635875225067138672e+00
2.673082113265991211e+00
1.145392537117004395e+00
2.189351767301559448e-01
1.400252151489257812e+01
1.345763111114501953e+01
1.238295745849609375e+01
1.083995437622070312e+01
8.931386947631835938e+00
6.793747425079345703e+00
4.635907649993896484e+00
2.673100471496582031e+00
1.145400166511535645e+00
2.189366519451141357e-01
1.287399768829345703e+01
1.238290691375732422e+01
1.141756725311279297e+01
1.002112007141113281e+01
8.282466888427734375e+00
6.319790840148925781e+00
4.332830429077148438e+00
2.507615804672241211e+00
1.073420405387878418e+00
2.068155258893966675e-01
1.287401390075683594e+01
1.238295745849609375e+01
1.141765689849853516e+01
1.002124023437500000e+01
8.282569885253906250e+00
6.319858551025390625e+00
4.332878112792968750e+00
2.507644414901733398e+00
1.073432803153991699e+00
2.068178057670593262e-01
1.125628757476806641e+01
1.083989715576171875e+01
1.002112388610839844e+01
8.831987380981445312e+00
7.333433151245117188e+00
5.626252651214599609e+00
3.881305932998657227e+00
2.261641025543212891e+00
9.694766998291015625e-01
1.882131099700927734e-01
1.125630474090576172e+01
1.083995437622070312e+01
1.002124023437500000e+01
8.832221984863281250e+00
7.333618164062500000e+00
5.626301288604736328e+00
3.881393909454345703e+00
2.261700868606567383e+00
9.695038199424743652e-01
1.882178336381912231e-01
9.258255958557128906e+00
8.931336402893066406e+00
8.282472610473632812e+00
7.333435058593750000e+00
6.134490489959716797e+00
4.743179798126220703e+00
3.300681829452514648e+00
1.934872269630432129e+00
8.363604545593261719e-01
1.615969389677047729e-01
9.258271217346191406e+00
8.931386947631835938e+00
8.282569885253906250e+00
7.333618164062500000e+00
6.131721496582031250e+00
4.743565559387207031e+00
3.300951957702636719e+00
1.935021877288818359e+00
8.364236354827880859e-01
1.616086512804031372e-01
7.033560276031494141e+00
6.793710231781005859e+00
6.319796085357666016e+00
5.626255035400390625e+00
4.743180274963378906e+00
3.722166538238525391e+00
2.606982707977294922e+00
1.542342424392700195e+00
6.790477633476257324e-01
1.240872219204902649e-01
7.033571720123291016e+00
6.793747425079345703e+00
6.319858551025390625e+00
5.626301288604736328e+00
4.743565559387207031e+00
3.722928524017333984e+00
2.607694864273071289e+00
1.542546153068542480e+00
6.791747808456420898e-01
1.241181343793869019e-01
4.789144515991210938e+00
4.635882854461669922e+00
4.332834243774414062e+00
3.881307601928710938e+00
3.300682306289672852e+00
2.606982946395874023e+00
1.875886559486389160e+00
1.135350108146667480e+00
4.993752837181091309e-01
9.948822855949401855e-02
4.789152622222900391e+00
4.635907649993896484e+00
4.332878112792968750e+00
3.881393909454345703e+00
3.300951957702636719e+00
2.607694864273071289e+00
1.874463319778442383e+00
1.136406779289245605e+00
5.000396370887756348e-01
9.961995482444763184e-02
2.758261680603027344e+00
2.673086643218994141e+00
2.507618188858032227e+00
2.261642217636108398e+00
1.934872746467590332e+00
1.542342543601989746e+00
1.135350108146667480e+00
7.178670763969421387e-01
3.162657916545867920e-01
6.895506381988525391e-02
2.758266210556030273e+00
2.673100471496582031e+00
2.507644414901733398e+00
2.261700868606567383e+00
1.935021877288818359e+00
1.542546153068542480e+00
1.136406779289245605e+00
7.161374688148498535e-01
3.220185935497283936e-01
6.837966293096542358e-02
1.176988124847412109e+00
1.145394444465637207e+00
1.073421359062194824e+00
9.694771170616149902e-01
8.363606333732604980e-01
6.790478229522705078e-01
4.993752837181091309e-01
3.162657916545867920e-01
1.630116850137710571e-01
2.845968492329120636e-02
1.176989912986755371e+00
1.145400166511535645e+00
1.073432803153991699e+00
9.695038199424743652e-01
8.364236354827880859e-01
6.791747808456420898e-01
5.000396370887756348e-01
3.220185935497283936e-01
1.598301380872726440e-01
3.642728552222251892e-02
2.254250049591064453e-01
2.189355343580245972e-01
2.068157196044921875e-01
1.882131993770599365e-01
1.615969687700271606e-01
1.240872293710708618e-01
9.948823601007461548e-02
6.895506381988525391e-02
2.845968492329120636e-02
2.845968492329120636e-02
2.254254668951034546e-01
2.189366519451141357e-01
2.068178057670593262e-01
1.882178336381912231e-01
1.616086512804031372e-01
1.241181343793869019e-01
9.961995482444763184e-02
6.837966293096542358e-02
3.642728552222251892e-02
2.777891606092453003e-02
